64.51248,24.06187,38.94728,22.02465,35.37256,4.78688,4.78688,42.83295,-95.15227,22.02465,28.56156,-26.47882,-28.79545,-4.48567,-4.48567,22.02465,701.00000,301.00000,301.00000
64.29645,24.04393,38.90149,22.02770,35.42839,4.86659,4.86659,42.80664,-95.15158,44.05235,28.54012,-26.43458,-28.74060,-4.47819,-4.47819,44.05235,701.00000,301.00000,301.00000
64.08042,24.02599,38.85542,22.03075,35.48367,4.94624,4.94624,42.78079,-95.15089,66.08310,28.51823,-26.39042,-28.68571,-4.47059,-4.47059,66.08310,701.00000,301.00000,301.00000
63.86439,24.00805,38.80908,22.03380,35.53842,5.02582,5.02582,42.75539,-95.15020,88.11690,28.49590,-26.34631,-28.63077,-4.46288,-4.46288,88.11690,701.00000,301.00000,301.00000
63.64836,23.99011,38.76246,22.03685,35.59263,5.10534,5.10534,42.73045,-95.14951,110.15374,28.47312,-26.30227,-28.57578,-4.45504,-4.45504,110.15374,701.00000,301.00000,301.00000
63.43233,23.97217,38.71556,22.03989,35.64629,5.18479,5.18479,42.70597,-95.14882,132.19363,28.44990,-26.25830,-28.52075,-4.44709,-4.44709,132.19363,701.00000,301.00000,301.00000
63.21630,23.95423,38.66839,22.04293,35.69942,5.26418,5.26418,42.68196,-95.14813,154.23656,28.42622,-26.21439,-28.46567,-4.43903,-4.43903,154.23656,701.00000,301.00000,301.00000
63.00027,23.93629,38.62095,22.04597,35.75201,5.34349,5.34349,42.65840,-95.14744,176.28254,28.40211,-26.17056,-28.41056,-4.43085,-4.43085,176.28254,701.00000,301.00000,301.00000
62.78424,23.91836,38.57324,22.04901,35.80405,5.42273,5.42273,42.63531,-95.14676,198.33155,28.37755,-26.12679,-28.35539,-4.42255,-4.42255,198.33155,701.00000,301.00000,301.00000
62.56821,23.90042,38.52524,22.05205,35.85555,5.50189,5.50189,42.61268,-95.14607,220.38359,28.35254,-26.08309,-28.30019,-4.41413,-4.41413,220.38359,701.00000,301.00000,301.00000
62.35218,23.88248,38.47697,22.05508,35.90650,5.58098,5.58098,42.59053,-95.14539,242.43867,28.32709,-26.03945,-28.24495,-4.40560,-4.40560,242.43867,701.00000,301.00000,301.00000
62.13615,23.86454,38.42843,22.05811,35.95690,5.66000,5.66000,42.56884,-95.14470,264.49678,28.30119,-25.99589,-28.18967,-4.39696,-4.39696,264.49678,701.00000,301.00000,301.00000
61.92012,23.84660,38.37962,22.06114,36.00676,5.73894,5.73894,42.54763,-95.14402,286.55792,28.27486,-25.95241,-28.13436,-4.38819,-4.38819,286.55792,701.00000,301.00000,301.00000
61.70409,23.82866,38.33053,22.06417,36.05608,5.81780,5.81780,42.52689,-95.14334,308.62209,28.24807,-25.90899,-28.07900,-4.37932,-4.37932,308.62209,701.00000,301.00000,301.00000
61.48806,23.81072,38.28117,22.06719,36.10485,5.89659,5.89659,42.50662,-95.14266,330.68928,28.22085,-25.86565,-28.02361,-4.37033,-4.37033,330.68928,701.00000,301.00000,301.00000
61.27203,23.79278,38.23154,22.07021,36.15307,5.97529,5.97529,42.48683,-95.14197,352.75950,28.19319,-25.82237,-27.96819,-4.36122,-4.36122,308.61907,701.00000,301.00000,301.00000
61.05600,23.77484,38.18164,22.07324,36.20074,6.05392,6.05392,42.46751,-95.14129,374.83273,28.16508,-25.77918,-27.91273,-4.35200,-4.35200,286.54583,701.00000,301.00000,301.00000
60.83997,23.75690,38.13146,22.07625,36.24786,6.13246,6.13246,42.44868,-95.14061,396.90899,28.13652,-25.73605,-27.85723,-4.34267,-4.34267,264.46958,701.00000,301.00000,301.00000
60.62394,23.73896,38.08101,22.07927,36.29443,6.21092,6.21092,42.43033,-95.13993,418.98826,28.10753,-25.69300,-27.80171,-4.33322,-4.33322,242.39031,701.00000,301.00000,301.00000
60.40791,23.72102,38.03030,22.08228,36.34045,6.28930,6.28930,42.41246,-95.13926,441.07054,28.07810,-25.65003,-27.74616,-4.32366,-4.32366,220.30802,701.00000,301.00000,301.00000
60.19188,23.70309,37.97931,22.08530,36.38592,6.36759,6.36759,42.39508,-95.13858,463.15584,28.04822,-25.60713,-27.69058,-4.31398,-4.31398,198.22272,701.00000,301.00000,301.00000
59.97584,23.68515,37.92805,22.08831,36.43084,6.44580,6.44580,42.37818,-95.13790,485.24415,28.01791,-25.56431,-27.63496,-4.30419,-4.30419,176.13442,701.00000,301.00000,301.00000
59.75981,23.66721,37.87653,22.09132,36.47521,6.52391,6.52391,42.36177,-95.13722,507.33546,27.98716,-25.52157,-27.57932,-4.29430,-4.29430,154.04310,701.00000,301.00000,301.00000
59.54378,23.64927,37.82473,22.09432,36.51901,6.60194,6.60194,42.34585,-95.13655,529.42978,27.95597,-25.47890,-27.52365,-4.28429,-4.28429,131.94878,701.00000,301.00000,301.00000
59.34214,23.67504,37.76703,20.58242,45.07863,7.89680,7.89680,15.07776,-67.90624,550.01220,36.46685,-9.82432,-7.69488,-0.76041,-0.76041,111.36637,701.00000,301.00000,301.00000
59.16682,23.78104,37.69857,22.96423,44.73963,7.68852,7.68852,6.55725,-46.33983,572.97643,37.45196,4.30503,9.47271,2.21779,2.21779,88.40214,701.00000,301.00000,301.00000
59.00346,23.92353,37.62497,22.95101,44.72374,7.75874,7.75874,6.66776,-46.30818,595.92744,37.37048,4.36870,9.54885,2.23094,2.23094,65.45112,701.00000,301.00000,301.00000
58.84010,24.06602,37.55095,22.93772,44.70703,7.82878,7.82878,6.77917,-46.27632,618.86516,37.28841,4.43263,9.62542,2.24429,2.24429,42.51340,701.00000,301.00000,301.00000
58.67674,24.20852,37.47651,22.92437,44.68952,7.89862,7.89862,6.89150,-46.24424,641.78953,37.20575,4.49679,9.70241,2.25783,2.25783,19.58903,701.00000,301.00000,301.00000
58.51338,24.35101,37.40165,22.91095,44.67120,7.96828,7.96828,7.00474,-46.21195,664.70048,37.12249,4.56118,9.77983,2.27158,2.27158,-3.32192,701.00000,301.00000,301.00000
58.19566,24.52771,37.27711,22.28537,37.99332,7.25806,7.25806,39.17063,-92.48905,22.28537,28.89977,-23.54542,-25.44278,-4.24099,-4.24099,22.28537,701.00000,301.00000,301.00000
57.97994,24.54999,37.21360,22.19296,44.02628,8.28746,8.28746,21.07468,-74.42776,44.47833,34.72448,-13.38144,-12.34012,-1.75756,-1.75756,44.47833,701.00000,301.00000,301.00000
57.76958,24.61101,37.14257,22.49234,44.83778,8.46887,8.46887,16.72531,-70.12879,66.97068,35.57127,-10.68902,-8.93654,-1.11580,-1.11580,66.97068,701.00000,301.00000,301.00000
57.56028,24.67962,37.06972,22.48141,44.84890,8.54247,8.54247,16.66172,-70.11863,89.45209,35.51332,-10.62865,-8.86036,-1.10135,-1.10135,89.45209,701.00000,301.00000,301.00000
57.35098,24.74823,36.99646,22.47045,44.85939,8.61591,8.61591,16.59799,-70.10843,111.92254,35.45491,-10.56821,-8.78397,-1.08674,-1.08674,111.92254,701.00000,301.00000,301.00000
57.14168,24.81684,36.92279,22.45946,44.86922,8.68919,8.68919,16.53411,-70.09820,134.38201,35.39605,-10.50771,-8.70735,-1.07196,-1.07196,134.38201,701.00000,301.00000,301.00000
56.93238,24.88546,36.84870,22.44845,44.87840,8.76230,8.76230,16.47008,-70.08793,156.83046,35.33672,-10.44715,-8.63050,-1.05701,-1.05701,156.83046,701.00000,301.00000,301.00000
56.72308,24.95407,36.77421,22.43741,44.88695,8.83525,8.83525,16.40591,-70.07763,179.26786,35.27694,-10.38653,-8.55344,-1.04191,-1.04191,179.26786,701.00000,301.00000,301.00000
56.51378,25.02268,36.69931,22.42633,44.89484,8.90804,8.90804,16.34159,-70.06729,201.69420,35.21670,-10.32584,-8.47615,-1.02663,-1.02663,201.69420,701.00000,301.00000,301.00000
56.30448,25.09129,36.62400,22.41524,44.90209,8.98065,8.98065,16.27712,-70.05691,224.10943,35.15601,-10.26510,-8.39864,-1.01119,-1.01119,224.10943,701.00000,301.00000,301.00000
56.09518,25.15990,36.54829,22.40411,44.90869,9.05310,9.05310,16.21249,-70.04649,246.51354,35.09487,-10.20430,-8.32092,-0.99559,-0.99559,246.51354,701.00000,301.00000,301.00000
55.95885,25.29948,36.47674,24.27048,32.60425,6.07451,6.07451,38.74686,-15.20100,270.78402,28.44889,22.83009,31.97369,6.86684,6.86684,270.78402,701.00000,301.00000,301.00000
55.89574,25.51034,36.40952,24.30598,32.48437,6.12726,6.12726,39.02935,-15.03082,295.09000,28.28377,22.92775,32.08573,6.88785,6.88785,295.09000,701.00000,301.00000,301.00000
55.83287,25.72144,36.34214,24.30310,32.44485,6.19733,6.19733,39.16813,-15.00536,319.39310,28.17591,22.95363,32.11550,6.89350,6.89350,319.39310,701.00000,301.00000,301.00000
55.77000,25.93253,36.27459,24.30019,32.40461,6.26725,6.26725,39.30814,-14.97971,343.69329,28.06747,22.97961,32.14546,6.89926,6.89926,343.69329,701.00000,301.00000,301.00000
55.70714,26.14363,36.20686,24.29727,32.36364,6.33701,6.33701,39.44937,-14.95385,367.99056,27.95844,23.00570,32.17562,6.90512,6.90512,367.99056,701.00000,301.00000,301.00000
55.60397,26.32578,36.13387,22.24108,42.92076,8.73124,8.73124,14.50293,-39.98823,390.23164,34.98246,9.04899,15.48095,3.56293,3.56293,390.23164,701.00000,301.00000,301.00000
55.44223,26.46588,36.05317,22.81031,45.15275,9.34087,9.34087,2.86207,-51.71212,413.04195,36.00820,1.80020,6.48795,1.71772,1.71772,413.04195,701.00000,301.00000,301.00000
55.26227,26.59287,35.96978,22.79476,45.12817,9.40870,9.40870,2.98005,-51.68111,435.83671,35.92114,1.87000,6.57557,1.73592,1.73592,435.83671,701.00000,301.00000,301.00000
55.06560,26.65572,35.89618,21.19502,39.36491,8.49780,8.49780,35.64128,-90.35017,457.03172,29.17215,-20.91701,-23.00385,-4.53371,-4.53371,457.03172,701.00000,301.00000,301.00000
54.84945,26.64335,35.83423,21.92222,36.57725,8.01318,8.01318,42.04937,-96.77409,478.95395,26.60936,-24.00072,-27.20199,-5.44639,-5.44639,478.95395,701.00000,301.00000,301.00000
54.63044,26.61993,35.77379,21.92665,36.61158,8.09077,8.09077,42.03702,-96.77274,500.88060,26.56964,-23.95451,-27.13840,-5.43240,-5.43240,500.88060,701.00000,301.00000,301.00000
54.41143,26.59650,35.71310,21.93108,36.64532,8.16824,8.16824,42.02525,-96.77140,522.81168,26.52947,-23.90842,-27.07481,-5.41829,-5.41829,522.81168,701.00000,301.00000,301.00000
54.19483,26.58745,35.64943,21.30899,40.23522,8.94680,8.94680,33.59406,-88.35877,544.12067,29.69521,-19.72502,-21.35440,-4.14474,-4.14474,544.12067,701.00000,301.00000,301.00000
53.98798,26.63673,35.57441,22.38033,45.51337,9.92215,9.92215,7.54297,-62.35908,566.50100,35.26658,-4.66984,-1.48233,0.22770,0.22770,566.50100,701.00000,301.00000,301.00000
53.79506,26.73848,35.49064,22.19487,45.40262,9.91210,9.91210,1.52922,-56.42406,588.69587,35.47800,-0.94713,3.30185,1.27143,1.27143,588.69587,701.00000,301.00000,301.00000
53.63220,26.87885,35.40641,23.46714,41.37872,8.91305,8.91305,18.92240,-36.07782,612.16301,33.49300,11.48185,18.93989,4.66336,4.66336,612.16301,701.00000,301.00000,301.00000
53.49276,27.04935,35.32180,23.45481,41.32716,8.97675,8.97675,19.07412,-36.03635,635.61783,33.38251,11.54285,19.01532,4.67967,4.67967,635.61783,701.00000,301.00000,301.00000
53.35332,27.21985,35.23688,23.44243,41.27469,9.04020,9.04020,19.22718,-35.99459,659.06026,33.27137,11.60402,19.09114,4.69621,4.69621,659.06026,701.00000,301.00000,301.00000
53.21388,27.39036,35.15166,23.42999,41.22132,9.10341,9.10341,19.38160,-35.95255,682.49025,33.15959,11.66537,19.16732,4.71297,4.71297,682.49025,701.00000,301.00000,301.00000
53.07444,27.56086,35.06614,23.41749,41.16704,9.16637,9.16637,19.53739,-35.91022,705.90773,33.04716,11.72689,19.24387,4.72995,4.72995,705.90773,701.00000,301.00000,301.00000
52.93123,27.72806,34.97995,23.26984,41.92819,9.43033,9.43033,17.14978,-38.40910,729.17758,33.42464,10.31456,17.47834,4.33481,4.33481,729.17758,701.00000,301.00000,301.00000
52.78264,27.89058,34.89290,23.21241,42.19933,9.57349,9.57349,16.21980,-39.45027,752.38999,33.50406,9.74639,16.76416,4.17349,4.17349,752.38999,701.00000,301.00000,301.00000
52.63245,28.05169,34.80538,23.19841,42.14626,9.63598,9.63598,16.37429,-39.40809,775.58840,33.39369,9.81202,16.84691,4.19233,4.19233,775.58840,701.00000,301.00000,301.00000
52.48226,28.21280,34.71755,23.18435,42.09230,9.69821,9.69821,16.53011,-39.36565,798.77275,33.28269,9.87781,16.93004,4.21141,4.21141,798.77275,701.00000,301.00000,301.00000
52.33208,28.37392,34.62943,23.17023,42.03744,9.76018,9.76018,16.68726,-39.32293,821.94297,33.17106,9.94376,17.01352,4.23072,4.23072,821.94297,701.00000,301.00000,301.00000
52.15455,28.49272,34.54264,21.74688,45.12055,10.67441,10.67441,10.84737,-66.93735,843.68986,33.92543,-6.50070,-4.34847,-0.77826,-0.77826,843.68986,701.00000,301.00000,301.00000
51.94780,28.56619,34.45723,21.83415,44.93233,10.70895,10.70895,12.76020,-68.91824,865.52401,33.60624,-7.61060,-5.82852,-1.12971,-1.12971,865.52401,701.00000,301.00000,301.00000
51.73912,28.63666,34.37158,21.82140,44.92219,10.77703,10.77703,12.67961,-68.90525,887.34541,33.53335,-7.54453,-5.74009,-1.10856,-1.10856,887.34541,701.00000,301.00000,301.00000
51.53044,28.70713,34.28556,21.80862,44.91139,10.84491,10.84491,12.59876,-68.89222,909.15403,33.46002,-7.47844,-5.65147,-1.08723,-1.08723,909.15403,701.00000,301.00000,301.00000
51.32176,28.77760,34.19919,21.79581,44.89993,10.91259,10.91259,12.51764,-68.87914,930.94985,33.38625,-7.41234,-5.56267,-1.06572,-1.06572,930.94985,701.00000,301.00000,301.00000
51.12821,28.87145,34.11162,21.72278,44.68264,10.85086,10.85086,3.37745,-53.07276,952.67263,34.05237,2.00963,6.95310,1.97492,1.97492,952.67263,701.00000,301.00000,301.00000
50.96405,29.01076,34.02207,23.11902,41.61753,10.10871,10.10871,17.50940,-39.05535,975.79164,32.44574,10.23596,17.62872,4.56741,4.56741,975.79164,701.00000,301.00000,301.00000
50.81413,29.17213,33.93145,23.10463,41.55593,10.16847,10.16847,17.67468,-39.01123,998.89627,32.32974,10.30199,17.71352,4.58808,4.58808,998.89627,701.00000,301.00000,301.00000
50.66422,29.33350,33.84057,23.09018,41.49344,10.22795,10.22795,17.84136,-38.96683,1021.98645,32.21312,10.36816,17.79865,4.60899,4.60899,975.80609,701.00000,301.00000,301.00000
50.51431,29.49487,33.74942,23.07568,41.43004,10.28716,10.28716,18.00947,-38.92216,1045.06213,32.09588,10.43445,17.88412,4.63014,4.63014,952.73041,701.00000,301.00000,301.00000
50.35467,29.64461,33.65766,22.44348,43.44485,10.88706,10.88706,10.26009,-46.78477,1067.50561,33.11945,5.99500,12.10629,3.18864,3.18864,930.28693,701.00000,301.00000,301.00000
50.17729,29.77314,33.56495,22.25009,44.52350,11.24795,11.24795,3.66432,-53.48364,1089.75570,33.49633,2.14516,7.02243,1.90939,1.90939,908.03684,701.00000,301.00000,301.00000
49.99191,29.89208,33.47162,22.23298,44.48084,11.30960,11.30960,3.79956,-53.45086,1111.98868,33.39805,2.21804,7.11939,1.93397,1.93397,885.80387,701.00000,301.00000,301.00000
49.80652,30.01102,33.37797,22.21581,44.43738,11.37097,11.37097,3.93575,-53.41792,1134.20448,33.29926,2.29099,7.21664,1.95877,1.95877,863.58806,701.00000,301.00000,301.00000
49.61855,30.12537,33.28429,22.01812,44.70681,11.51770,11.51770,1.16442,-56.28916,1156.22261,33.27741,0.67639,5.05473,1.40367,1.40367,841.56994,701.00000,301.00000,301.00000
49.42431,30.22856,33.19095,21.84163,44.92550,11.65304,11.65304,2.94215,-60.48888,1178.06423,33.14720,-1.70361,1.84319,0.57345,0.57345,819.72831,701.00000,301.00000,301.00000
49.22636,30.32517,33.09768,21.82534,44.89253,11.71585,11.71585,2.82631,-60.46457,1199.88957,33.05742,-1.63199,1.94034,0.59872,0.59872,797.90298,701.00000,301.00000,301.00000
49.02842,30.42178,33.00408,21.80900,44.85883,11.77841,11.77841,2.70981,-60.44016,1221.69857,32.96717,-1.56035,2.03774,0.62422,0.62422,776.09397,701.00000,301.00000,301.00000
48.83427,30.52440,32.90994,21.87433,44.56733,11.76706,11.76706,1.40045,-56.42827,1243.57290,32.90011,0.80432,5.24819,1.46952,1.46952,754.21964,701.00000,301.00000,301.00000
48.65259,30.64689,32.81480,22.44356,43.15282,11.45270,11.45270,10.48419,-47.45868,1266.01646,32.26696,5.97112,12.20300,3.31040,3.31040,731.77608,701.00000,301.00000,301.00000
48.47961,30.78325,32.71890,22.42633,43.09348,11.51051,11.51051,10.64418,-47.41815,1288.44279,32.15591,6.04348,12.29987,3.33619,3.33619,709.34975,701.00000,301.00000,301.00000
48.30663,30.91960,32.62272,22.40904,43.03328,11.56803,11.56803,10.80540,-47.37740,1310.85182,32.04431,6.11591,12.39705,3.36223,3.36223,686.94072,701.00000,301.00000,301.00000
48.13366,31.05596,32.52629,22.39169,42.97223,11.62526,11.62526,10.96788,-47.33642,1333.24351,31.93217,6.18841,12.49452,3.38851,3.38851,664.54903,701.00000,301.00000,301.00000
47.96068,31.19231,32.42960,22.37428,42.91033,11.68220,11.68220,11.13163,-47.29522,1355.61779,31.81948,6.26098,12.59227,3.41505,3.41505,642.17475,701.00000,301.00000,301.00000
47.78770,31.32866,32.33265,22.35682,42.84757,11.73886,11.73886,11.29665,-47.25379,1377.97461,31.70624,6.33360,12.69032,3.44182,3.44182,619.81793,701.00000,301.00000,301.00000
47.60997,31.45630,32.23598,21.77982,43.79179,12.06700,12.06700,6.09513,-52.57159,1399.75443,32.05375,3.42280,8.73496,2.35496,2.35496,598.03811,701.00000,301.00000,301.00000
47.41447,31.55125,32.14102,21.27572,44.50002,12.31801,12.31801,9.41695,-68.17424,1421.03015,31.70788,-5.25884,-3.28682,-0.96541,-0.96541,576.76239,701.00000,301.00000,301.00000
47.20596,31.62222,32.04721,21.26175,44.47335,12.38100,12.38100,9.32033,-68.15909,1442.29190,31.62413,-5.19017,-3.19035,-0.93862,-0.93862,555.50064,701.00000,301.00000,301.00000
46.99744,31.69319,31.95309,21.24775,44.44602,12.44375,12.44375,9.22332,-68.14390,1463.53965,31.53997,-5.12154,-3.09373,-0.91165,-0.91165,534.25289,701.00000,301.00000,301.00000
46.78893,31.76416,31.85866,21.23373,44.41802,12.50627,12.50627,9.12592,-68.12865,1484.77339,31.45539,-5.05293,-2.99695,-0.88447,-0.88447,513.01916,701.00000,301.00000,301.00000
46.58042,31.83512,31.76392,21.21968,44.38935,12.56856,12.56856,9.02812,-68.11336,1505.99307,31.37041,-4.98437,-2.90003,-0.85711,-0.85711,491.79947,701.00000,301.00000,301.00000
46.37190,31.90609,31.66887,21.20561,44.36001,12.63061,12.63061,8.92992,-68.09801,1527.19868,31.28501,-4.91584,-2.80296,-0.82955,-0.82955,470.59386,701.00000,301.00000,301.00000
46.17667,32.00022,31.57243,21.55536,43.46100,12.45265,12.45265,6.56054,-52.71436,1548.75404,31.36569,3.60724,9.14422,2.58270,2.58270,449.03851,701.00000,301.00000,301.00000
46.00230,32.13080,31.47403,22.41815,41.62418,12.00439,12.00439,14.98397,-44.42168,1571.17219,30.40385,8.13757,15.38442,4.37629,4.37629,426.62036,701.00000,301.00000,301.00000
45.83554,32.27469,31.37479,22.40077,41.54891,12.05727,12.05727,15.16688,-44.37620,1593.57296,30.28194,8.20863,15.48181,4.40447,4.40447,404.21958,701.00000,301.00000,301.00000
45.66877,32.41857,31.27536,22.38334,41.47276,12.10984,12.10984,15.35128,-44.33047,1615.95630,30.15948,8.27972,15.57946,4.43289,4.43289,381.83624,701.00000,301.00000,301.00000
45.50200,32.56245,31.17573,22.36586,41.39574,12.16209,12.16209,15.53717,-44.28449,1638.32216,30.03647,8.35084,15.67737,4.46157,4.46157,359.47038,701.00000,301.00000,301.00000
45.33523,32.70634,31.07592,22.34831,41.31783,12.21403,12.21403,15.72456,-44.23826,1660.67047,29.91292,8.42198,15.77552,4.49049,4.49049,337.12207,701.00000,301.00000,301.00000
45.16846,32.85022,30.97592,22.33072,41.23905,12.26565,12.26565,15.91348,-44.19177,1683.00119,29.78883,8.49315,15.87393,4.51968,4.51968,314.79135,701.00000,301.00000,301.00000
44.99634,32.98715,30.87551,21.97390,42.32609,12.64682,12.64682,11.41389,-48.82710,1704.97509,30.26489,6.11011,12.55789,3.53107,3.53107,292.81745,701.00000,301.00000,301.00000
44.81668,33.11428,30.77457,21.85902,42.66097,12.81308,12.81308,9.63563,-50.73685,1726.83411,30.34040,5.15111,11.21308,3.12820,3.12820,270.95843,701.00000,301.00000,301.00000
44.63483,33.23856,30.67331,21.84043,42.59193,12.86598,12.86598,9.80731,-50.69687,1748.67454,30.22506,5.22474,11.31672,3.15942,3.15942,249.11800,701.00000,301.00000,301.00000
44.45299,33.36284,30.57185,21.82179,42.52207,12.91858,12.91858,9.98027,-50.65670,1770.49633,30.10922,5.29838,11.42059,3.19088,3.19088,227.29621,701.00000,301.00000,301.00000
44.27114,33.48713,30.47018,21.80309,42.45138,12.97086,12.97086,10.15453,-50.61633,1792.29942,29.99289,5.37200,11.52469,3.22260,3.22260,205.49312,701.00000,301.00000,301.00000
44.08860,33.60972,30.36848,21.64853,42.57337,13.07660,13.07660,9.34485,-51.55926,1813.94795,29.96545,4.93112,10.89949,3.03107,3.03107,183.84459,701.00000,301.00000,301.00000
43.88855,33.68964,30.27076,20.51924,42.98588,13.13098,13.13098,16.77497,-77.76963,1834.46720,28.98261,-8.73655,-8.93888,-3.04604,-3.04604,163.32535,701.00000,301.00000,301.00000
43.67175,33.72854,30.17684,20.51036,42.96395,13.19377,13.19377,16.70285,-77.76422,1854.97756,28.90363,-8.67307,-8.84462,-3.01717,-3.01717,142.81498,701.00000,301.00000,301.00000
43.45496,33.76744,30.08264,20.50147,42.94142,13.25634,13.25634,16.63068,-77.75879,1875.47903,28.82427,-8.60969,-8.75032,-2.98813,-2.98813,122.31351,701.00000,301.00000,301.00000
43.23816,33.80635,29.98815,20.49258,42.91827,13.31869,13.31869,16.55845,-77.75336,1895.97161,28.74453,-8.54643,-8.65596,-2.95893,-2.95893,101.82094,701.00000,301.00000,301.00000
43.02136,33.84525,29.89339,20.48367,42.89451,13.38083,13.38083,16.48618,-77.74792,1916.45528,28.66442,-8.48327,-8.56156,-2.92956,-2.92956,81.33727,701.00000,301.00000,301.00000
42.80457,33.88415,29.79835,20.47475,42.87014,13.44275,13.44275,16.41386,-77.74247,1936.93003,28.58394,-8.42022,-8.46711,-2.90002,-2.90002,60.86251,701.00000,301.00000,301.00000
42.58777,33.92306,29.70304,20.46583,42.84515,13.50445,13.50445,16.34148,-77.73701,1957.39586,28.50309,-8.35729,-8.37261,-2.87031,-2.87031,40.39668,701.00000,301.00000,301.00000
42.37097,33.96196,29.60744,20.45690,42.81956,13.56592,13.56592,16.26905,-77.73154,1977.85276,28.42187,-8.29447,-8.27808,-2.84044,-2.84044,19.93978,701.00000,301.00000,301.00000
42.15418,34.00086,29.51157,20.44796,42.79335,13.62716,13.62716,16.19656,-77.72606,1998.30072,28.34027,-8.23176,-8.18349,-2.81040,-2.81040,-0.50818,701.00000,301.00000,301.00000
41.93738,34.03976,29.41543,20.43901,42.76652,13.68818,13.68818,16.12401,-77.72056,2018.73972,28.25831,-8.16917,-8.08887,-2.78019,-2.78019,-20.94718,701.00000,301.00000,301.00000
148.22837,58.54911,218.53876,21.75310,197.85560,-18.05894,-18.05894,6.47292,-128.88531,21.75310,217.14563,-24.63667,34.29863,9.76687,9.76687,21.75310,926.00000,44101.00000,301.00000
147.93703,58.42597,218.45377,21.79926,197.55521,-18.09004,-18.09004,6.12881,-128.78728,43.55236,217.20518,-23.32299,35.49454,9.65754,9.65754,43.55236,926.00000,44101.00000,301.00000
147.64569,58.30283,218.36602,21.84542,197.24564,-18.12006,-18.12006,5.78550,-128.68978,65.39778,217.25372,-22.01229,36.68559,9.54830,9.54830,65.39778,926.00000,44101.00000,301.00000
147.35435,58.17969,218.27548,21.89158,196.92695,-18.14901,-18.14901,5.44300,-128.59283,87.28935,217.29129,-20.70463,37.87176,9.43916,9.43916,87.28935,926.00000,44101.00000,301.00000
147.06301,58.05655,218.18214,21.93774,196.59920,-18.17689,-18.17689,5.10130,-128.49642,109.22709,217.31794,-19.40007,39.05300,9.33012,9.33012,109.22709,926.00000,44101.00000,301.00000
146.77167,57.93341,218.08599,21.98390,196.26242,-18.20370,-18.20370,4.76037,-128.40054,131.21099,217.33371,-18.09866,40.22929,9.22119,9.22119,131.21099,926.00000,44101.00000,301.00000
146.48033,57.81027,217.98701,22.03006,195.91669,-18.22944,-18.22944,4.42022,-128.30520,153.24104,217.33863,-16.80046,41.40057,9.11238,9.11238,153.24104,926.00000,44101.00000,301.00000
146.18899,57.68713,217.88517,22.07621,195.56204,-18.25411,-18.25411,4.08084,-128.21038,175.31726,217.33276,-15.50554,42.56682,9.00369,9.00369,175.31726,926.00000,44101.00000,301.00000
145.89765,57.56399,217.78048,22.12237,195.19854,-18.27772,-18.27772,3.74220,-128.11609,197.43963,217.31613,-14.21394,43.72800,8.89513,8.89513,197.43963,926.00000,44101.00000,301.00000
145.60631,57.44085,217.67291,22.16852,194.82624,-18.30028,-18.30028,3.40431,-128.02232,219.60815,217.28880,-12.92573,44.88407,8.78671,8.78671,219.60815,926.00000,44101.00000,301.00000
145.31497,57.31771,217.56244,22.21467,194.44519,-18.32178,-18.32178,3.06715,-127.92907,241.82282,217.25079,-11.64095,46.03500,8.67844,8.67844,241.82282,926.00000,44101.00000,301.00000
145.02363,57.19457,217.44907,22.26081,194.05544,-18.34222,-18.34222,2.73071,-127.83633,264.08364,217.20216,-10.35967,47.18076,8.57031,8.57031,219.56201,926.00000,44101.00000,301.00000
144.73229,57.07143,217.33279,22.30695,193.65705,-18.36161,-18.36161,2.39498,-127.74411,286.39059,217.14295,-9.08194,48.32132,8.46233,8.46233,197.25505,926.00000,44101.00000,301.00000
144.44095,56.94830,217.21357,22.35308,193.25007,-18.37995,-18.37995,2.05996,-127.65240,308.74367,217.07320,-7.80780,49.45664,8.35452,8.35452,174.90197,926.00000,44101.00000,301.00000
144.14961,56.82516,217.09140,22.39921,192.83456,-18.39725,-18.39725,1.72562,-127.56120,331.14288,216.99295,-6.53732,50.58668,8.24687,8.24687,152.50276,926.00000,44101.00000,301.00000
143.85827,56.70202,216.96628,22.44532,192.41056,-18.41350,-18.41350,1.39196,-127.47049,353.58820,216.90226,-5.27054,51.71142,8.13940,8.13940,130.05744,926.00000,44101.00000,301.00000
143.56693,56.57888,216.83819,22.49143,191.97813,-18.42872,-18.42872,1.05897,-127.38029,376.07963,216.80116,-4.00750,52.83084,8.03211,8.03211,107.56601,926.00000,44101.00000,301.00000
143.27559,56.45574,216.70712,22.53753,191.53732,-18.44290,-18.44290,0.72664,-127.29059,398.61716,216.68969,-2.74828,53.94489,7.92500,7.92500,85.02848,926.00000,44101.00000,301.00000
142.98425,56.33260,216.57306,22.58361,191.08819,-18.45604,-18.45604,0.39496,-127.20138,421.20077,216.56791,-1.49291,55.05355,7.81809,7.81809,62.44487,926.00000,44101.00000,301.00000
142.69291,56.20946,216.43599,22.62969,190.63079,-18.46815,-18.46815,0.06392,-127.11267,443.83046,216.43586,-0.24145,56.15679,7.71137,7.71137,39.81518,926.00000,44101.00000,301.00000
142.40157,56.08632,216.29591,22.67575,190.16517,-18.47924,-18.47924,0.26650,-127.02444,466.50621,216.29357,1.00606,57.25458,7.60486,7.60486,17.13943,926.00000,44101.00000,301.00000
142.11023,55.96318,216.15281,22.72180,189.69138,-18.48930,-18.48930,0.59631,-126.93670,489.22802,216.14110,2.24958,58.34690,7.49855,7.49855,-5.58237,926.00000,44101.00000,301.00000
128.09070,35.13666,181.76461,22.15632,161.80157,-7.25195,-7.25195,35.67187,-168.25265,22.15632,147.66011,-105.99465,-43.03192,15.23326,15.23326,22.15632,926.00000,648.00000,301.00000
128.04115,34.94156,181.41414,22.15851,161.44648,-7.21731,-7.21731,35.69556,-168.22545,44.31482,147.33163,-105.85122,-42.87475,15.22622,15.22622,44.31482,926.00000,648.00000,301.00000
127.99160,34.74647,181.06230,22.16070,161.08904,-7.18250,-7.18250,35.72007,-168.19839,66.47552,147.00069,-105.70883,-42.71871,15.21926,15.21926,66.47552,926.00000,648.00000,301.00000
127.94427,34.55108,180.71161,22.14720,159.91145,-6.86387,-6.86387,36.81019,-169.23525,88.62272,144.68221,-108.27624,-45.54419,15.34290,15.34290,88.62272,926.00000,648.00000,301.00000
127.92038,34.35261,180.38641,22.38141,149.04887,-4.01820,-4.01820,46.99977,-179.35770,111.00413,123.02377,-131.92577,-72.83814,16.30425,16.30425,111.00413,926.00000,648.00000,301.00000
127.91765,34.15134,180.08476,22.38141,148.64417,-3.96882,-3.96882,47.09971,-179.35617,133.38554,122.58812,-131.91918,-72.83015,16.30403,16.30403,133.38554,926.00000,648.00000,301.00000
127.91492,33.95007,179.78265,22.38142,148.23762,-3.91939,-3.91939,47.20036,-179.35465,155.76696,122.15093,-131.91266,-72.82223,16.30382,16.30382,155.76696,926.00000,648.00000,301.00000
127.91219,33.74880,179.48008,22.38143,147.82922,-3.86990,-3.86990,47.30172,-179.35313,178.14839,121.71219,-131.90619,-72.81437,16.30362,16.30362,178.14839,926.00000,648.00000,301.00000
127.89726,33.54871,179.16201,22.26019,154.05867,-5.45849,-5.45849,41.56170,-173.51498,200.40858,134.05650,-118.86077,-57.41664,15.82783,15.82783,155.88819,926.00000,648.00000,301.00000
127.86577,33.35023,178.82265,22.27440,155.68344,-5.99611,-5.99611,39.51246,-171.38782,222.68298,137.95922,-113.77520,-51.62574,15.61367,15.61367,133.61380,926.00000,648.00000,301.00000
127.82990,33.15216,178.47682,22.27553,155.30255,-5.95640,-5.95640,39.56512,-171.36864,244.95851,137.58798,-113.68167,-51.52019,15.60962,15.60962,111.33827,926.00000,648.00000,301.00000
127.79403,32.95410,178.12994,22.27666,154.91948,-5.91656,-5.91656,39.61862,-171.34957,267.23516,137.21457,-113.58889,-51.41546,15.60561,15.60561,89.06161,926.00000,648.00000,301.00000
127.75443,32.75693,177.77808,22.19617,156.11828,-6.37975,-6.37975,37.81173,-169.47138,289.43133,140.44993,-108.99020,-46.26403,15.40196,15.40196,66.86545,926.00000,648.00000,301.00000
127.70345,32.56252,177.41300,22.10540,158.48499,-7.36250,-7.36250,33.99647,-165.59428,311.53673,147.08816,-99.19903,-35.55124,14.93402,14.93402,44.76004,926.00000,648.00000,301.00000
127.64483,32.36996,177.03843,22.10833,158.10242,-7.32816,-7.32816,34.01719,-165.56485,333.64506,146.74181,-99.04266,-35.38274,14.92620,14.92620,22.65172,926.00000,648.00000,301.00000
127.58621,32.17740,176.66243,22.11124,157.71750,-7.29363,-7.29363,34.03878,-165.53557,355.75630,146.39290,-98.88749,-35.21557,14.91845,14.91845,0.54048,926.00000,648.00000,301.00000
126.93027,30.75890,173.50853,22.95587,157.79091,-8.91931,-8.91931,26.52486,-157.82942,22.95587,155.24514,-77.48648,-12.85317,13.75692,13.75692,22.95587,926.00000,648.00000,301.00000
126.83808,30.56851,173.07069,22.91170,157.53200,-9.09960,-9.09960,25.61797,-156.89802,45.86757,156.05731,-74.83034,-10.16272,13.60317,13.60317,45.86757,926.00000,648.00000,301.00000
126.74018,30.38105,172.62663,22.81656,157.36146,-9.60014,-9.60014,23.31974,-154.58051,68.68414,158.52477,-68.33632,-3.66227,13.21715,13.21715,68.68414,926.00000,648.00000,301.00000
126.63818,30.19568,172.17745,22.82451,156.91013,-9.56854,-9.56854,23.29064,-154.53869,91.50864,158.14688,-68.07817,-3.40608,13.20152,13.20152,91.50864,926.00000,648.00000,301.00000
126.53617,30.01031,171.72615,22.83242,156.45619,-9.53664,-9.53664,23.26246,-154.49712,114.34106,157.76573,-67.82215,-3.15212,13.18604,13.18604,114.34106,926.00000,648.00000,301.00000
126.43417,29.82494,171.27273,22.84030,155.99964,-9.50445,-9.50445,23.23522,-154.45582,137.18136,157.38132,-67.56825,-2.90039,13.17070,13.17070,137.18136,926.00000,648.00000,301.00000
126.33217,29.63957,170.81722,22.84814,155.54048,-9.47197,-9.47197,23.20891,-154.41478,160.02950,156.99367,-67.31648,-2.65089,13.15551,13.15551,160.02950,926.00000,648.00000,301.00000
126.23017,29.45421,170.35960,22.85596,155.07876,-9.43921,-9.43921,23.18355,-154.37400,182.88546,156.60278,-67.06684,-2.40362,13.14045,13.14045,182.88546,926.00000,648.00000,301.00000
126.12817,29.26884,169.89988,22.86374,154.61446,-9.40615,-9.40615,23.15915,-154.33348,205.74919,156.20867,-66.81932,-2.15857,13.12554,13.12554,205.74919,926.00000,648.00000,301.00000
126.02617,29.08347,169.43808,22.87148,154.14760,-9.37280,-9.37280,23.13569,-154.29322,228.62068,155.81135,-66.57392,-1.91573,13.11077,13.11077,228.62068,926.00000,648.00000,301.00000
125.92417,28.89810,168.97419,22.87920,153.67820,-9.33916,-9.33916,23.11319,-154.25323,251.49987,155.41083,-66.33064,-1.67510,13.09614,13.09614,251.49987,926.00000,648.00000,301.00000
125.82217,28.71273,168.50823,22.88687,153.20627,-9.30524,-9.30524,23.09166,-154.21350,274.38675,155.00711,-66.08947,-1.43668,13.08166,13.08166,274.38675,926.00000,648.00000,301.00000
125.71462,28.53160,168.03801,22.56105,152.52004,-10.05677,-10.05677,19.54297,-150.65130,296.94780,158.35749,-56.21102,8.20099,12.47130,12.47130,296.94780,926.00000,648.00000,301.00000
125.58212,28.36950,167.55573,22.11578,146.33763,-12.54435,-12.54435,6.62529,-137.74919,319.06358,166.43678,-19.33185,42.13515,9.90505,9.90505,319.06358,926.00000,648.00000,301.00000
125.43025,28.22220,167.06335,22.12962,145.79125,-12.51074,-12.51074,6.53328,-137.70989,341.19319,165.97843,-19.00852,42.41930,9.88068,9.88068,296.93396,926.00000,648.00000,301.00000
125.27837,28.07489,166.56858,22.14339,145.24270,-12.47681,-12.47681,6.44173,-137.67083,363.33659,165.51695,-18.68777,42.70091,9.85650,9.85650,274.79057,926.00000,648.00000,301.00000
125.12649,27.92758,166.07143,22.15712,144.69200,-12.44255,-12.44255,6.35063,-137.63201,385.49370,165.05235,-18.36958,42.97997,9.83251,9.83251,252.63345,926.00000,648.00000,301.00000
124.97461,27.78028,165.57190,22.17078,144.13917,-12.40795,-12.40795,6.25998,-137.59343,407.66448,164.58466,-18.05397,43.25651,9.80872,9.80872,230.46267,926.00000,648.00000,301.00000
124.81090,27.64897,165.07692,21.52826,132.59842,-14.01767,-14.01767,4.88309,-126.51885,429.19275,164.47777,14.05183,70.25705,7.23046,7.23046,208.93441,926.00000,648.00000,301.00000
124.63052,27.54015,164.58947,21.51368,125.91046,-14.51288,-14.51288,9.62327,-121.88171,450.70643,162.27341,27.51429,80.90786,6.05497,6.05497,187.42073,926.00000,648.00000,301.00000
124.44532,27.43784,164.10287,21.52809,125.29452,-14.47209,-14.47209,9.76162,-121.85797,472.23451,161.72694,27.82354,81.14763,6.02730,6.02730,165.89264,926.00000,648.00000,301.00000
124.26013,27.33553,163.61432,21.54245,124.67696,-14.43101,-14.43101,9.90019,-121.83434,493.77696,161.17790,28.13059,81.38532,5.99982,5.99982,144.35019,926.00000,648.00000,301.00000
124.07493,27.23322,163.12384,21.55677,124.05780,-14.38963,-14.38963,10.03898,-121.81083,515.33373,160.62631,28.43544,81.62096,5.97251,5.97251,122.79343,926.00000,648.00000,301.00000
123.88973,27.13091,162.63143,21.57104,123.43704,-14.34796,-14.34796,10.17801,-121.78743,536.90476,160.07218,28.73811,81.85454,5.94539,5.94539,101.22239,926.00000,648.00000,301.00000
123.70453,27.02860,162.13711,21.58526,122.81470,-14.30599,-14.30599,10.31729,-121.76414,558.49002,159.51552,29.03860,82.08607,5.91846,5.91846,79.63713,926.00000,648.00000,301.00000
123.51933,26.92629,161.64088,21.59944,122.19079,-14.26374,-14.26374,10.45681,-121.74097,580.08946,158.95634,29.33691,82.31556,5.89170,5.89170,58.03769,926.00000,648.00000,301.00000
123.33414,26.82398,161.14275,21.61357,121.56533,-14.22119,-14.22119,10.59660,-121.71791,601.70303,158.39466,29.63303,82.54302,5.86511,5.86511,36.42412,926.00000,648.00000,301.00000
123.14656,26.72719,160.64841,21.42127,115.72238,-14.50520,-14.50520,14.20316,-118.23360,623.12430,155.73769,39.41682,89.93344,4.97042,4.97042,15.00285,926.00000,648.00000,301.00000
122.80756,26.54666,160.04130,21.69326,141.93101,-11.00620,-11.00620,7.88949,-143.12271,21.69326,158.52645,21.96771,33.61681,10.54437,10.54437,21.69326,926.00000,301.00000,301.00000
122.67678,26.39054,159.53158,21.70385,141.39570,-10.96942,-10.96942,8.01061,-143.08556,43.39711,157.97491,22.23176,33.85318,10.52604,10.52604,43.39711,926.00000,301.00000,301.00000
122.54600,26.23442,159.01995,21.71440,140.85845,-10.93236,-10.93236,8.13175,-143.04865,65.11151,157.42108,22.49335,34.08728,10.50787,10.50787,65.11151,926.00000,301.00000,301.00000
122.41521,26.07830,158.50643,21.72490,140.31928,-10.89501,-10.89501,8.25292,-143.01198,86.83641,156.86495,22.75248,34.31912,10.48987,10.48987,86.83641,926.00000,301.00000,301.00000
122.28443,25.92218,157.99100,21.73535,139.77820,-10.85737,-10.85737,8.37411,-142.97555,108.57175,156.30654,23.00916,34.54869,10.47205,10.47205,108.57175,926.00000,301.00000,301.00000
122.15364,25.76606,157.47369,21.74574,139.23523,-10.81945,-10.81945,8.49533,-142.93936,130.31750,155.74587,23.26340,34.77601,10.45439,10.45439,130.31750,926.00000,301.00000,301.00000
122.02286,25.60995,156.95450,21.75609,138.69038,-10.78125,-10.78125,8.61660,-142.90341,152.07359,155.18296,23.51521,35.00109,10.43689,10.43689,152.07359,926.00000,301.00000,301.00000
121.89208,25.45383,156.43344,21.76639,138.14365,-10.74277,-10.74277,8.73792,-142.86770,173.83998,154.61780,23.76459,35.22394,10.41956,10.41956,173.83998,926.00000,301.00000,301.00000
121.76129,25.29771,155.91052,21.77664,137.59507,-10.70400,-10.70400,8.85930,-142.83223,195.61662,154.05043,24.01155,35.44454,10.40241,10.40241,195.61662,926.00000,301.00000,301.00000
121.63051,25.14159,155.38575,21.78684,137.04465,-10.66496,-10.66496,8.98074,-142.79699,217.40346,153.48085,24.25609,35.66293,10.38542,10.38542,217.40346,926.00000,301.00000,301.00000
121.49972,24.98547,154.85914,21.79699,136.49240,-10.62563,-10.62563,9.10225,-142.76200,239.20045,152.90909,24.49823,35.87911,10.36859,10.36859,239.20045,926.00000,301.00000,301.00000
121.36894,24.82935,154.33069,21.80708,135.93834,-10.58603,-10.58603,9.22384,-142.72724,261.00753,152.33514,24.73797,36.09308,10.35193,10.35193,261.00753,926.00000,301.00000,301.00000
121.23816,24.67323,153.80042,21.81713,135.38247,-10.54615,-10.54615,9.34552,-142.69272,282.82466,151.75902,24.97532,36.30485,10.33544,10.33544,282.82466,926.00000,301.00000,301.00000
121.10737,24.51712,153.26834,21.82712,134.82481,-10.50599,-10.50599,9.46730,-142.65843,304.65178,151.18077,25.21029,36.51442,10.31911,10.31911,304.65178,926.00000,301.00000,301.00000
120.97659,24.36100,152.73445,21.83706,134.26537,-10.46556,-10.46556,9.58917,-142.62439,326.48884,150.60037,25.44288,36.72182,10.30294,10.30294,326.48884,926.00000,301.00000,301.00000
120.85379,24.20056,152.19753,21.70809,136.38976,-9.49962,-9.49962,4.75849,-147.53443,348.19693,151.67294,12.62567,25.24531,11.14952,11.14952,348.19693,926.00000,301.00000,301.00000
120.76682,24.02073,151.65321,22.48717,137.33374,-5.78935,-5.78935,12.16730,-164.49343,370.68410,148.24652,-31.96348,-15.44930,13.42261,13.42261,370.68410,926.00000,301.00000,301.00000
120.70767,23.82585,151.10274,22.48959,136.82308,-5.74186,-5.74186,12.16596,-164.47125,393.17369,147.70916,-31.84402,-15.33863,13.41796,13.41796,393.17369,926.00000,301.00000,301.00000
120.64853,23.63096,150.55040,22.49200,136.31047,-5.69420,-5.69420,12.16530,-164.44925,415.66569,147.16960,-31.72591,-15.22923,13.41338,13.41338,415.66569,926.00000,301.00000,301.00000
120.58938,23.43608,149.99621,22.49439,135.79593,-5.64637,-5.64637,12.16532,-164.42742,438.16008,146.62785,-31.60916,-15.12110,13.40887,13.40887,438.16008,926.00000,301.00000,301.00000
120.53023,23.24120,149.44018,22.49677,135.27946,-5.59838,-5.59838,12.16601,-164.40577,460.65685,146.08392,-31.49376,-15.01424,13.40444,13.40444,460.65685,926.00000,301.00000,301.00000
120.47108,23.04632,148.88231,22.49914,134.76106,-5.55022,-5.55022,12.16740,-164.38430,483.15599,145.53781,-31.37971,-14.90863,13.40008,13.40008,483.15599,926.00000,301.00000,301.00000
120.41194,22.85144,148.32261,22.50148,134.24075,-5.50190,-5.50190,12.16948,-164.36300,505.65748,144.98955,-31.26701,-14.80428,13.39579,13.39579,505.65748,926.00000,301.00000,301.00000
120.35279,22.65655,147.76109,22.50382,133.71855,-5.45342,-5.45342,12.17226,-164.34188,528.16129,144.43914,-31.15565,-14.70117,13.39158,13.39158,528.16129,926.00000,301.00000,301.00000
120.29364,22.46167,147.19775,22.50613,133.19445,-5.40477,-5.40477,12.17574,-164.32093,550.66743,143.88658,-31.04562,-14.59931,13.38743,13.38743,550.66743,926.00000,301.00000,301.00000
120.23449,22.26679,146.63262,22.50843,132.66845,-5.35597,-5.35597,12.17994,-164.30016,573.17586,143.33189,-30.93692,-14.49870,13.38336,13.38336,573.17586,926.00000,301.00000,301.00000
120.17535,22.07191,146.06568,22.51072,132.14058,-5.30700,-5.30700,12.18485,-164.27957,595.68658,142.77507,-30.82955,-14.39932,13.37936,13.37936,595.68658,926.00000,301.00000,301.00000
120.11620,21.87703,145.49695,22.51299,131.61085,-5.25787,-5.25787,12.19049,-164.25916,618.19956,142.21614,-30.72350,-14.30118,13.37542,13.37542,618.19956,926.00000,301.00000,301.00000
120.05705,21.68214,144.92645,22.51524,131.07925,-5.20859,-5.20859,12.19685,-164.23892,640.71480,141.65510,-30.61877,-14.20426,13.37156,13.37156,640.71480,926.00000,301.00000,301.00000
119.99790,21.48726,144.35418,22.51747,130.54580,-5.15914,-5.15914,12.20395,-164.21886,663.23227,141.09196,-30.51535,-14.10857,13.36777,13.36777,663.23227,926.00000,301.00000,301.00000
119.93876,21.29238,143.78014,22.51969,130.01051,-5.10954,-5.10954,12.21180,-164.19897,685.75196,140.52673,-30.41324,-14.01409,13.36405,13.36405,685.75196,926.00000,301.00000,301.00000
119.87961,21.09750,143.20434,22.52189,129.47338,-5.05978,-5.05978,12.22039,-164.17927,708.27385,139.95942,-30.31244,-13.92084,13.36040,13.36040,663.23007,926.00000,301.00000,301.00000
119.82046,20.90262,142.62680,22.52408,128.93442,-5.00987,-5.00987,12.22974,-164.15974,730.79793,139.39004,-30.21293,-13.82879,13.35681,13.35681,640.70599,926.00000,301.00000,301.00000
119.76131,20.70773,142.04752,22.52625,128.39364,-4.95979,-4.95979,12.23985,-164.14039,753.32418,138.81860,-30.11472,-13.73795,13.35329,13.35329,618.17974,926.00000,301.00000,301.00000
119.70216,20.51285,141.46652,22.52840,127.85106,-4.90956,-4.90956,12.25073,-164.12122,775.85258,138.24510,-30.01780,-13.64831,13.34984,13.34984,595.65134,926.00000,301.00000,301.00000
119.64302,20.31797,140.88380,22.53053,127.30668,-4.85918,-4.85918,12.26239,-164.10223,798.38311,137.66956,-29.92216,-13.55987,13.34645,13.34645,573.12081,926.00000,301.00000,301.00000
119.55640,20.13818,140.30274,21.84473,125.10030,-8.52565,-8.52565,4.89444,-146.95017,820.22784,139.79114,11.97065,24.55015,11.32559,11.32559,551.27608,926.00000,301.00000,301.00000
119.43297,19.97864,139.72449,22.07666,121.32922,-9.59861,-9.59861,10.89393,-141.02282,842.30450,137.20647,26.40674,37.39315,10.38102,10.38102,529.19943,926.00000,301.00000,301.00000
119.30015,19.82424,139.14578,22.08518,120.73448,-9.55302,-9.55302,11.01250,-140.99566,864.38968,136.58349,26.58006,37.54638,10.36889,10.36889,507.11425,926.00000,301.00000,301.00000
119.16733,19.66985,138.56548,22.09364,120.13826,-9.50717,-9.50717,11.13133,-140.96872,886.48332,135.95868,26.75126,37.69768,10.35692,10.35692,485.02061,926.00000,301.00000,301.00000
119.03452,19.51546,137.98359,22.10204,119.54057,-9.46108,-9.46108,11.25045,-140.94201,908.58536,135.33206,26.92033,37.84706,10.34510,10.34510,462.91857,926.00000,301.00000,301.00000
118.90170,19.36106,137.40012,22.11038,118.94142,-9.41473,-9.41473,11.36987,-140.91552,930.69574,134.70364,27.08731,37.99453,10.33343,10.33343,440.80818,926.00000,301.00000,301.00000
118.76889,19.20667,136.81508,22.11867,118.34082,-9.36813,-9.36813,11.48959,-140.88926,952.81441,134.07343,27.25219,38.14009,10.32191,10.32191,418.68951,926.00000,301.00000,301.00000
118.63607,19.05227,136.22850,22.12689,117.73878,-9.32128,-9.32128,11.60964,-140.86321,974.94131,133.44145,27.41498,38.28375,10.31054,10.31054,396.56262,926.00000,301.00000,301.00000
118.50326,18.89788,135.64037,22.13506,117.13532,-9.27417,-9.27417,11.73001,-140.83739,997.07637,132.80772,27.57571,38.42553,10.29931,10.29931,374.42756,926.00000,301.00000,301.00000
118.37044,18.74349,135.05071,22.14317,116.53044,-9.22683,-9.22683,11.85073,-140.81180,1019.21953,132.17223,27.73437,38.56544,10.28823,10.28823,352.28439,926.00000,301.00000,301.00000
118.23763,18.58909,134.45954,22.15121,115.92417,-9.17923,-9.17923,11.97180,-140.78643,1041.37075,131.53502,27.89097,38.70349,10.27730,10.27730,330.13318,926.00000,301.00000,301.00000
118.10481,18.43470,133.86686,22.15920,115.31651,-9.13139,-9.13139,12.09324,-140.76127,1063.52995,130.89608,28.04554,38.83968,10.26652,10.26652,307.97398,926.00000,301.00000,301.00000
117.97200,18.28030,133.27269,22.16713,114.70747,-9.08331,-9.08331,12.21506,-140.73635,1085.69707,130.25544,28.19807,38.97403,10.25588,10.25588,285.80685,926.00000,301.00000,301.00000
117.83918,18.12591,132.67704,22.17499,114.09707,-9.03498,-9.03498,12.33727,-140.71164,1107.87207,129.61310,28.34857,39.10654,10.24539,10.24539,263.63186,926.00000,301.00000,301.00000
117.70637,17.97151,132.07993,22.18280,113.48532,-8.98640,-8.98640,12.45989,-140.68715,1130.05487,128.96909,28.49706,39.23723,10.23504,10.23504,241.44906,926.00000,301.00000,301.00000
117.57355,17.81712,131.48136,22.19055,112.87223,-8.93758,-8.93758,12.58294,-140.66289,1152.24541,128.32340,28.64356,39.36611,10.22483,10.22483,219.25851,926.00000,301.00000,301.00000
117.46034,17.65314,130.88078,21.69876,118.05340,-6.54116,-6.54116,0.53603,-152.78090,1173.94417,130.87505,1.22443,14.93784,11.86221,11.86221,197.55975,926.00000,301.00000,301.00000
117.39341,17.46654,130.27729,22.60607,116.94339,-2.89067,-2.89067,15.79540,-169.10443,1196.55025,125.35800,-35.46186,-18.70797,13.21273,13.21273,174.95368,926.00000,301.00000,301.00000
117.35314,17.26690,129.67164,22.60695,116.36770,-2.83428,-2.83428,15.84745,-169.09291,1219.15720,124.74310,-35.41034,-18.65990,13.21155,13.21155,152.34672,926.00000,301.00000,301.00000
117.31288,17.06726,129.06461,22.60782,115.79042,-2.77779,-2.77779,15.90055,-169.08152,1241.76502,124.12643,-35.35964,-18.61261,13.21040,13.21040,129.73890,926.00000,301.00000,301.00000
117.27262,16.86762,128.45622,22.60869,115.21156,-2.72120,-2.72120,15.95473,-169.07025,1264.37371,123.50798,-35.30977,-18.56608,13.20929,13.20929,107.13021,926.00000,301.00000,301.00000
117.23235,16.66798,127.84648,22.60954,114.63112,-2.66451,-2.66451,16.01000,-169.05912,1286.98325,122.88777,-35.26072,-18.52032,13.20822,13.20822,84.52067,926.00000,301.00000,301.00000
117.19209,16.46834,127.23540,22.61038,114.04910,-2.60772,-2.60772,16.06637,-169.04812,1309.59363,122.26581,-35.21248,-18.47532,13.20719,13.20719,61.91029,926.00000,301.00000,301.00000
117.15183,16.26870,126.62298,22.61122,113.46553,-2.55084,-2.55084,16.12385,-169.03725,1332.20485,121.64209,-35.16505,-18.43108,13.20619,13.20619,39.29907,926.00000,301.00000,301.00000
117.11156,16.06906,126.00925,22.61205,112.88040,-2.49387,-2.49387,16.18246,-169.02651,1354.81690,121.01665,-35.11842,-18.38759,13.20521,13.20521,16.68702,926.00000,301.00000,301.00000
117.07130,15.86941,125.39422,22.61286,112.29374,-2.43679,-2.43679,16.24222,-169.01591,1377.42976,120.38947,-35.07259,-18.34485,13.20428,13.20428,-5.92584,926.00000,301.00000,301.00000
116.97119,15.63538,123.43493,21.91665,105.34405,-8.73370,-8.73370,42.55169,-138.49933,21.91665,90.93051,-83.47349,41.00160,10.16100,10.16100,21.91665,926.00000,735.00000,301.00000
116.84131,15.48456,122.99009,21.68392,107.13038,-8.02024,-8.02024,46.34529,-142.12662,43.60057,84.90138,-88.98493,34.34158,10.68615,10.68615,43.60057,926.00000,735.00000,301.00000
116.75263,15.31094,122.66441,22.23529,111.48032,-3.15680,-3.15680,69.55534,-165.12577,65.83586,42.84698,-114.93779,-10.06928,12.95685,12.95685,65.83586,926.00000,735.00000,301.00000
116.69944,15.11766,122.44310,22.23663,110.89559,-3.10157,-3.10157,69.80777,-165.11282,88.07249,42.26379,-114.91773,-10.01688,12.95537,12.95537,88.07249,926.00000,735.00000,301.00000
116.64624,14.92439,122.22424,22.23796,110.30938,-3.04623,-3.04623,70.06174,-165.10003,110.31045,41.67936,-114.89820,-9.96541,12.95394,12.95394,110.31045,926.00000,735.00000,301.00000
116.59305,14.73112,122.00787,22.23927,109.72172,-2.99077,-2.99077,70.31724,-165.08740,132.54972,41.09370,-114.87918,-9.91485,12.95256,12.95256,132.54972,926.00000,735.00000,301.00000
116.53985,14.53785,121.79400,22.24057,109.13260,-2.93519,-2.93519,70.57427,-165.07494,154.79029,40.50682,-114.86067,-9.86522,12.95121,12.95121,154.79029,926.00000,735.00000,301.00000
116.48666,14.34457,121.58266,22.24185,108.54204,-2.87950,-2.87950,70.83281,-165.06264,177.03215,39.91873,-114.84267,-9.81649,12.94991,12.94991,177.03215,926.00000,735.00000,301.00000
116.43346,14.15130,121.37389,22.24312,107.95004,-2.82369,-2.82369,71.09286,-165.05050,199.27526,39.32943,-114.82516,-9.76866,12.94865,12.94865,199.27526,926.00000,735.00000,301.00000
116.38027,13.95803,121.16771,22.24437,107.35661,-2.76776,-2.76776,71.35441,-165.03853,221.51963,38.73893,-114.80814,-9.72173,12.94743,12.94743,221.51963,926.00000,735.00000,301.00000
116.32707,13.76476,120.96415,22.24560,106.76177,-2.71172,-2.71172,71.61746,-165.02672,243.76523,38.14723,-114.79161,-9.67569,12.94625,12.94625,243.76523,926.00000,735.00000,301.00000
116.27092,13.57237,120.75419,22.23183,106.40696,-3.04323,-3.04323,70.15912,-163.29377,265.99707,40.98509,-113.58608,-6.42817,12.85858,12.85858,265.99707,926.00000,735.00000,301.00000
116.21047,13.38127,120.53363,22.23327,105.88629,-3.16395,-3.16395,69.63132,-162.49369,288.23034,41.95289,-112.99695,-4.92021,12.81449,12.81449,288.23034,926.00000,735.00000,301.00000
116.14867,13.19057,120.31146,22.23485,105.28600,-3.10833,-3.10833,69.89090,-162.48087,310.46519,41.36415,-112.97723,-4.87023,12.81300,12.81300,310.46519,926.00000,735.00000,301.00000
116.08687,12.99988,120.09184,22.23641,104.68433,-3.05258,-3.05258,70.15211,-162.46824,332.70160,40.77408,-112.95807,-4.82124,12.81156,12.81156,332.70160,926.00000,735.00000,301.00000
116.02507,12.80918,119.87481,22.23795,104.08128,-2.99670,-2.99670,70.41495,-162.45579,354.93955,40.18272,-112.93945,-4.77324,12.81017,12.81017,354.93955,926.00000,735.00000,301.00000
115.96327,12.61849,119.66039,22.23947,103.47687,-2.94070,-2.94070,70.67942,-162.44352,377.17902,39.59005,-112.92137,-4.72620,12.80883,12.80883,377.17902,926.00000,735.00000,301.00000
115.90147,12.42779,119.44860,22.24096,102.87111,-2.88457,-2.88457,70.94549,-162.43144,399.41998,38.99609,-112.90383,-4.68013,12.80753,12.80753,399.41998,926.00000,735.00000,301.00000
115.83967,12.23710,119.23949,22.24244,102.26401,-2.82832,-2.82832,71.21317,-162.41954,421.66242,38.40084,-112.88681,-4.63503,12.80627,12.80627,421.66242,926.00000,735.00000,301.00000
115.77787,12.04640,119.03308,22.24389,101.65556,-2.77193,-2.77193,71.48245,-162.40783,443.90631,37.80432,-112.87031,-4.59088,12.80506,12.80506,443.90631,926.00000,735.00000,301.00000
115.71607,11.85571,118.82939,22.24532,101.04579,-2.71543,-2.71543,71.75332,-162.39630,466.15163,37.20653,-112.85432,-4.54767,12.80389,12.80389,466.15163,926.00000,735.00000,301.00000
115.65427,11.66501,118.62846,22.24673,100.43469,-2.65880,-2.65880,72.02576,-162.38496,488.39836,36.60747,-112.83884,-4.50540,12.80276,12.80276,488.39836,926.00000,735.00000,301.00000
115.59247,11.47432,118.43030,22.24812,99.82229,-2.60205,-2.60205,72.29978,-162.37380,510.64648,36.00717,-112.82385,-4.46406,12.80168,12.80168,510.64648,926.00000,735.00000,301.00000
115.53066,11.28362,118.23496,22.24949,99.20858,-2.54517,-2.54517,72.57535,-162.36283,532.89597,35.40562,-112.80935,-4.42365,12.80063,12.80063,532.89597,926.00000,735.00000,301.00000
115.46886,11.09293,118.04246,22.25083,98.59358,-2.48818,-2.48818,72.85247,-162.35204,555.14680,34.80283,-112.79533,-4.38415,12.79963,12.79963,555.14680,926.00000,735.00000,301.00000
115.40833,10.90186,117.85687,22.24949,97.91276,-2.26499,-2.26499,73.87424,-163.08398,577.39629,32.73435,-113.21971,-5.61894,12.82949,12.82949,577.39629,926.00000,735.00000,301.00000
115.35279,10.70931,117.69021,22.26436,97.01012,-1.71466,-1.71466,76.35262,-165.26856,599.66066,27.76851,-114.36737,-9.31635,12.90498,12.90498,599.66066,926.00000,735.00000,301.00000
115.30099,10.51566,117.53857,22.26528,96.39237,-1.65660,-1.65660,76.64178,-165.25973,621.92593,27.15593,-114.35852,-9.28519,12.90444,12.90444,621.92593,926.00000,735.00000,301.00000
115.24919,10.32201,117.39005,22.26617,95.77335,-1.59843,-1.59843,76.93221,-165.25105,644.19211,26.54233,-114.35002,-9.25479,12.90393,12.90393,599.65976,926.00000,735.00000,301.00000
115.19739,10.12836,117.24466,22.26705,95.15307,-1.54016,-1.54016,77.22389,-165.24254,666.45916,25.92771,-114.34188,-9.22514,12.90344,12.90344,577.39271,926.00000,735.00000,301.00000
115.14559,9.93471,117.10243,22.26792,94.53154,-1.48180,-1.48180,77.51680,-165.23419,688.72707,25.31208,-114.33406,-9.19624,12.90298,12.90298,555.12480,926.00000,735.00000,301.00000
115.09378,9.74106,116.96339,22.26876,93.90877,-1.42335,-1.42335,77.81094,-165.22600,710.99584,24.69544,-114.32659,-9.16807,12.90254,12.90254,532.85603,926.00000,735.00000,301.00000
115.04198,9.54741,116.82755,22.26959,93.28478,-1.36479,-1.36479,78.10628,-165.21797,733.26543,24.07781,-114.31945,-9.14064,12.90213,12.90213,510.58644,926.00000,735.00000,301.00000
114.99018,9.35376,116.69494,22.27041,92.65956,-1.30614,-1.30614,78.40280,-165.21010,755.53584,23.45919,-114.31262,-9.11394,12.90175,12.90175,488.31603,926.00000,735.00000,301.00000
114.93838,9.16010,116.56557,22.27121,92.03312,-1.24741,-1.24741,78.70050,-165.20240,777.80705,22.83958,-114.30610,-9.08795,12.90139,12.90139,466.04482,926.00000,735.00000,301.00000
114.88658,8.96645,116.43947,22.27199,91.40547,-1.18857,-1.18857,78.99934,-165.19486,800.07904,22.21901,-114.29990,-9.06268,12.90105,12.90105,443.77283,926.00000,735.00000,301.00000
114.83478,8.77280,116.31666,22.27276,90.77663,-1.12965,-1.12965,79.29932,-165.18748,822.35180,21.59747,-114.29399,-9.03811,12.90074,12.90074,421.50007,926.00000,735.00000,301.00000
114.78298,8.57915,116.19717,22.27351,90.14659,-1.07063,-1.07063,79.60042,-165.18026,844.62531,20.97497,-114.28837,-9.01424,12.90045,12.90045,399.22656,926.00000,735.00000,301.00000
114.71522,8.39225,116.02792,22.04690,89.73110,-3.20596,-3.20596,70.03167,-155.31098,866.67221,39.62362,-109.05250,6.52824,12.53095,12.53095,377.17966,926.00000,735.00000,301.00000
114.62192,8.21616,115.77644,22.23000,87.93869,-4.42819,-4.42819,64.36559,-149.36158,888.90221,50.08805,-104.38089,15.77999,12.13341,12.13341,354.94966,926.00000,735.00000,301.00000
114.51900,8.04414,115.49540,22.23248,87.29723,-4.37114,-4.37114,64.63218,-149.35096,911.13469,49.48142,-104.35888,15.81873,12.13147,12.13147,332.71718,926.00000,735.00000,301.00000
114.41608,7.87211,115.21683,22.23490,86.65476,-4.31392,-4.31392,64.90097,-149.34056,933.36959,48.87314,-104.33760,15.85637,12.12959,12.12959,310.48228,926.00000,735.00000,301.00000
114.31317,7.70009,114.94077,22.23728,86.01130,-4.25653,-4.25653,65.17196,-149.33040,955.60687,48.26321,-104.31703,15.89292,12.12777,12.12777,288.24500,926.00000,735.00000,301.00000
114.21025,7.52807,114.66725,22.23960,85.36686,-4.19896,-4.19896,65.44513,-149.32046,977.84647,47.65163,-104.29717,15.92840,12.12603,12.12603,266.00540,926.00000,735.00000,301.00000
114.10733,7.35604,114.39632,22.24187,84.72144,-4.14123,-4.14123,65.72050,-149.31076,1000.08834,47.03843,-104.27801,15.96283,12.12434,12.12434,243.76353,926.00000,735.00000,301.00000
114.00442,7.18402,114.12801,22.24409,84.07506,-4.08332,-4.08332,65.99804,-149.30128,1022.33242,46.42360,-104.25954,15.99620,12.12271,12.12271,221.51945,926.00000,735.00000,301.00000
113.90150,7.01199,113.86235,22.24625,83.42774,-4.02523,-4.02523,66.27777,-149.29203,1044.57868,45.80717,-104.24173,16.02853,12.12114,12.12114,199.27319,926.00000,735.00000,301.00000
113.79859,6.83997,113.59940,22.24837,82.77947,-3.96699,-3.96699,66.55967,-149.28301,1066.82705,45.18914,-104.22459,16.05984,12.11964,12.11964,177.02482,926.00000,735.00000,301.00000
113.69567,6.66795,113.33918,22.25043,82.13027,-3.90858,-3.90858,66.84374,-149.27421,1089.07748,44.56950,-104.20810,16.09014,12.11819,12.11819,154.77439,926.00000,735.00000,301.00000
113.59275,6.49592,113.08173,22.25245,81.48015,-3.84999,-3.84999,67.12998,-149.26565,1111.32993,43.94829,-104.19225,16.11943,12.11680,12.11680,132.52194,926.00000,735.00000,301.00000
113.48984,6.32390,112.82710,22.25441,80.82911,-3.79125,-3.79125,67.41838,-149.25732,1133.58434,43.32550,-104.17704,16.14773,12.11547,12.11547,110.26753,926.00000,735.00000,301.00000
113.38692,6.15188,112.57532,22.25632,80.17718,-3.73234,-3.73234,67.70894,-149.24921,1155.84065,42.70115,-104.16244,16.17504,12.11419,12.11419,88.01122,926.00000,735.00000,301.00000
113.28400,5.97985,112.32643,22.25817,79.52436,-3.67326,-3.67326,68.00164,-149.24133,1178.09882,42.07524,-104.14846,16.20139,12.11297,12.11297,65.75304,926.00000,735.00000,301.00000
113.18109,5.80783,112.08047,22.25998,78.87065,-3.61401,-3.61401,68.29648,-149.23368,1200.35880,41.44779,-104.13506,16.22679,12.11181,12.11181,43.49307,926.00000,735.00000,301.00000
113.07817,5.63580,111.83747,22.26173,78.21608,-3.55461,-3.55461,68.59345,-149.22626,1222.62053,40.81880,-104.12226,16.25124,12.11069,12.11069,21.23134,926.00000,735.00000,301.00000
112.97525,5.46378,111.59748,22.26343,77.56064,-3.49504,-3.49504,68.89254,-149.21906,1244.88396,40.18828,-104.11003,16.27476,12.10962,12.10962,-1.03209,926.00000,735.00000,301.00000
112.90981,5.21345,79.73467,22.24379,64.75198,6.37931,6.37931,2.46898,164.63401,22.24379,79.66066,-3.43484,-44.21940,10.87071,10.87071,22.24379,926.00000,614.00000,301.00000
112.96303,5.02056,79.01926,22.24426,64.09282,6.44420,6.44420,2.50055,164.62969,44.48804,78.94402,-3.44752,-44.22970,10.86969,10.86969,44.48804,926.00000,614.00000,301.00000
113.01625,4.82766,78.30288,22.24471,63.43313,6.50894,6.50894,2.53229,164.62553,66.73276,78.22641,-3.45961,-44.23951,10.86869,10.86869,66.73276,926.00000,614.00000,301.00000
113.06947,4.63477,77.58554,22.24515,62.77291,6.57355,6.57355,2.56423,164.62154,88.97790,77.50786,-3.47113,-44.24884,10.86772,10.86772,88.97790,926.00000,614.00000,301.00000
113.12269,4.44188,76.86727,22.24556,62.11219,6.63800,6.63800,2.59637,164.61771,111.22347,76.78836,-3.48207,-44.25770,10.86679,10.86679,111.22347,926.00000,614.00000,301.00000
113.17591,4.24898,76.14807,22.24597,61.45096,6.70232,6.70232,2.62873,164.61405,133.46943,76.06794,-3.49245,-44.26609,10.86588,10.86588,133.46943,926.00000,614.00000,301.00000
113.22824,4.05595,75.42817,22.22500,61.18349,6.66891,6.66891,2.14586,165.12356,155.69444,75.37528,-2.82430,-43.72505,10.92488,10.92488,155.69444,926.00000,614.00000,301.00000
113.25842,3.85941,74.71260,22.25019,68.45796,4.24511,4.24511,10.21795,177.45241,177.94462,73.52766,13.25349,-29.72701,12.10331,12.10331,177.94462,926.00000,614.00000,301.00000
113.26733,3.65950,74.00133,22.25020,67.79968,4.30799,4.30799,10.31605,177.45185,200.19482,72.80510,13.25200,-29.72840,12.10322,12.10322,200.19482,926.00000,614.00000,301.00000
113.27624,3.45960,73.28943,22.25021,67.14059,4.37081,4.37081,10.41626,177.45131,222.44502,72.08163,13.25060,-29.72970,12.10314,12.10314,222.44502,926.00000,614.00000,301.00000
113.28516,3.25970,72.57689,22.25021,66.48073,4.43356,4.43356,10.51864,177.45080,244.69524,71.35727,13.24930,-29.73092,12.10306,12.10306,244.69524,926.00000,614.00000,301.00000
113.29407,3.05979,71.86372,22.25022,65.82008,4.49624,4.49624,10.62324,177.45033,266.94546,70.63203,13.24808,-29.73205,12.10298,12.10298,266.94546,926.00000,614.00000,301.00000
113.30298,2.85989,71.14996,22.25023,65.15867,4.55886,4.55886,10.73015,177.44988,289.19569,69.90590,13.24695,-29.73310,12.10291,12.10291,289.19569,926.00000,614.00000,301.00000
113.31190,2.65999,70.43562,22.25024,64.49649,4.62141,4.62141,10.83942,177.44947,311.44593,69.17892,13.24591,-29.73407,12.10284,12.10284,311.44593,926.00000,614.00000,301.00000
113.32081,2.46008,69.72072,22.25025,63.83355,4.68388,4.68388,10.95113,177.44909,333.69618,68.45107,13.24496,-29.73496,12.10278,12.10278,333.69618,926.00000,614.00000,301.00000
113.32972,2.26018,69.00526,22.25025,63.16987,4.74629,4.74629,11.06536,177.44874,355.94643,67.72238,13.24408,-29.73577,12.10272,12.10272,355.94643,926.00000,614.00000,301.00000
113.33418,2.06037,68.29344,22.20877,63.76658,4.26551,4.26551,13.74475,179.99782,378.15520,66.33778,16.22631,-26.91202,12.30319,12.30319,378.15520,926.00000,614.00000,301.00000
113.32581,1.86080,67.59334,22.25020,65.13234,3.28270,3.28270,18.71807,-175.20077,400.40540,64.01827,21.69150,-21.50793,12.61965,12.61965,400.40540,926.00000,614.00000,301.00000
113.30906,1.66140,66.90115,22.25022,64.46708,3.34458,3.34458,18.92008,-175.20029,422.65562,63.28660,21.69263,-21.50677,12.61970,12.61970,422.65562,926.00000,614.00000,301.00000
113.29231,1.46200,66.20908,22.25024,63.80100,3.40644,3.40644,19.12641,-175.19986,444.90586,62.55420,21.69363,-21.50575,12.61976,12.61976,444.90586,926.00000,614.00000,301.00000
113.29251,1.26306,65.50325,22.15185,58.58632,5.55220,5.55220,9.55098,175.06720,467.05770,64.59526,10.86863,-31.92533,11.85703,11.85703,467.05770,926.00000,614.00000,301.00000
113.31485,1.06473,64.77882,22.25021,56.18046,6.22319,6.22319,6.66016,172.08605,489.30792,64.34166,7.51305,-34.91213,11.55058,11.55058,489.30792,926.00000,614.00000,301.00000
113.34241,0.86653,64.04945,22.25024,55.51130,6.28525,6.28525,6.73543,172.08564,511.55816,63.60740,7.51203,-34.91302,11.55048,11.55048,511.55816,926.00000,614.00000,301.00000
113.36996,0.66834,63.31942,22.25026,54.84157,6.34720,6.34720,6.81271,172.08533,533.80841,62.87234,7.51122,-34.91372,11.55041,11.55041,533.80841,926.00000,614.00000,301.00000
113.39752,0.47014,62.58875,22.25027,54.17129,6.40903,6.40903,6.89208,172.08511,556.05868,62.13648,7.51063,-34.91424,11.55035,11.55035,556.05868,926.00000,614.00000,301.00000
113.42507,0.27195,61.85745,22.25028,53.50047,6.47075,6.47075,6.97361,172.08498,578.30897,61.39984,7.51025,-34.91458,11.55031,11.55031,578.30897,926.00000,614.00000,301.00000
113.45401,0.07411,61.12550,22.21554,52.32625,6.69637,6.69637,6.23521,171.26774,600.52451,60.76391,6.63885,-35.66944,11.45638,11.45638,600.52451,926.00000,614.00000,301.00000
113.50542,-0.11788,60.39229,22.25028,42.69750,9.07896,9.07896,6.27096,158.76191,622.77478,60.03093,-6.59668,-46.08123,9.72789,9.72789,622.77478,926.00000,614.00000,301.00000
113.57791,-0.30439,59.65786,22.25024,42.02548,9.14025,9.14025,6.34797,158.76226,645.02503,59.29208,-6.59616,-46.08086,9.72796,9.72796,645.02503,926.00000,614.00000,301.00000
113.65039,-0.49090,58.92282,22.25018,41.35330,9.20135,9.20135,6.42655,158.76281,667.27521,58.55256,-6.59519,-46.08018,9.72812,9.72812,667.27521,926.00000,614.00000,301.00000
113.72288,-0.67741,58.18719,22.25008,40.68098,9.26226,9.26226,6.50676,158.76357,689.52529,57.81238,-6.59379,-46.07919,9.72834,9.72834,689.52529,926.00000,614.00000,301.00000
113.79537,-0.86393,57.45099,22.24995,40.00852,9.32299,9.32299,6.58867,158.76454,711.77524,57.07155,-6.59197,-46.07791,9.72864,9.72864,711.77524,926.00000,614.00000,301.00000
113.86785,-1.05044,56.71422,22.24979,39.33593,9.38353,9.38353,6.67237,158.76571,734.02503,56.33008,-6.58973,-46.07634,9.72901,9.72901,734.02503,926.00000,614.00000,301.00000
113.94034,-1.23695,55.97690,22.24960,38.66322,9.44388,9.44388,6.75794,158.76708,756.27464,55.58798,-6.58708,-46.07450,9.72945,9.72945,711.77543,926.00000,614.00000,301.00000
114.04035,-1.40162,55.29236,21.28967,19.42358,12.31226,12.31226,27.48848,138.24913,777.56431,49.05006,-25.52131,-56.58427,5.79184,5.79184,690.48576,926.00000,614.00000,301.00000
114.18668,-1.52954,54.69917,22.24488,4.66135,13.39917,13.39917,41.76848,124.39525,799.80919,40.79697,-36.43633,-59.51145,2.66902,2.66902,668.24088,926.00000,614.00000,301.00000
114.35182,-1.64255,54.14651,22.24406,3.99213,13.45926,13.45926,42.28683,124.39687,822.05325,40.05682,-36.43207,-59.51099,2.67043,2.67043,645.99682,926.00000,614.00000,301.00000
114.51696,-1.75555,53.59809,22.24317,3.32334,13.51916,13.51916,42.81580,124.39859,844.29642,39.31648,-36.42760,-59.51058,2.67195,2.67195,623.75365,926.00000,614.00000,301.00000
114.68210,-1.86855,53.05407,22.24223,2.65497,13.57888,13.57888,43.35562,124.40042,866.53865,38.57596,-36.42292,-59.51022,2.67358,2.67358,601.51142,926.00000,614.00000,301.00000
114.84724,-1.98156,52.51459,22.24122,1.98706,13.63840,13.63840,43.90655,124.40235,888.77987,37.83528,-36.41804,-59.50993,2.67532,2.67532,579.27020,926.00000,614.00000,301.00000
115.01238,-2.09456,51.97983,22.24016,1.31959,13.69774,13.69774,44.46883,124.40439,911.02003,37.09445,-36.41297,-59.50970,2.67717,2.67717,557.03004,926.00000,614.00000,301.00000
115.17752,-2.20757,51.44995,22.23904,0.65259,13.75689,13.75689,45.04272,124.40653,933.25907,36.35347,-36.40773,-59.50956,2.67913,2.67913,534.79100,926.00000,614.00000,301.00000
115.34266,-2.32057,50.92514,22.23786,-0.01394,13.81584,13.81584,45.62848,124.40878,955.49692,35.61236,-36.40233,-59.50951,2.68119,2.68119,512.55315,926.00000,614.00000,301.00000
115.50780,-2.43357,50.40556,22.23662,-0.67999,13.87461,13.87461,46.22635,124.41113,977.73354,34.87113,-36.39677,-59.50957,2.68338,2.68338,490.31653,926.00000,614.00000,301.00000
115.67293,-2.54658,49.89140,22.23532,-1.34554,13.93318,13.93318,46.83658,124.41358,999.96886,34.12979,-36.39107,-59.50974,2.68567,2.68567,468.08121,926.00000,614.00000,301.00000
115.83807,-2.65958,49.38286,22.23396,-2.01059,13.99156,13.99156,47.45944,124.41614,1022.20283,33.38835,-36.38524,-59.51003,2.68808,2.68808,445.84724,926.00000,614.00000,301.00000
116.00614,-2.76400,48.91055,21.77681,-7.96426,14.23318,14.23318,53.22748,119.30408,1043.97964,29.27979,-39.17826,-59.06510,1.42997,1.42997,424.07043,926.00000,614.00000,301.00000
116.19152,-2.81761,48.62591,22.22347,-33.70995,13.47205,13.47205,80.03507,93.26720,1066.20311,8.41449,-47.89233,-49.43443,-4.97345,-4.97345,401.84696,926.00000,614.00000,301.00000
116.39130,-2.82899,48.50197,22.22326,-34.37589,13.53122,13.53122,80.89575,93.26726,1088.42637,7.67454,-47.89095,-49.44030,-4.97112,-4.97112,379.62370,926.00000,614.00000,301.00000
116.59108,-2.84036,48.38915,22.22304,-35.04137,13.59022,13.59022,81.76071,93.26731,1110.64941,6.93453,-47.88969,-49.44631,-4.96878,-4.96878,357.40066,926.00000,614.00000,301.00000
116.79086,-2.85173,48.28752,22.22282,-35.70637,13.64906,13.64906,82.62959,93.26736,1132.87223,6.19449,-47.88855,-49.45245,-4.96641,-4.96641,335.17784,926.00000,614.00000,301.00000
116.99064,-2.86311,48.19716,22.22260,-36.37091,13.70774,13.70774,83.50200,93.26741,1155.09483,5.45440,-47.88753,-49.45874,-4.96403,-4.96403,312.95524,926.00000,614.00000,301.00000
117.19041,-2.87448,48.11814,22.22238,-37.03495,13.76625,13.76625,84.37752,93.26746,1177.31721,4.71429,-47.88664,-49.46516,-4.96162,-4.96162,290.73286,926.00000,614.00000,301.00000
117.39019,-2.88585,48.05051,22.22216,-37.69851,13.82460,13.82460,85.25576,93.26752,1199.53937,3.97416,-47.88588,-49.47173,-4.95919,-4.95919,268.51070,926.00000,614.00000,301.00000
117.58997,-2.89723,47.99433,22.22194,-38.36156,13.88278,13.88278,86.13628,93.26757,1221.76131,3.23403,-47.88525,-49.47844,-4.95675,-4.95675,246.28876,926.00000,614.00000,301.00000
117.78975,-2.90860,47.94963,22.22172,-39.02410,13.94080,13.94080,87.01866,93.26762,1243.98302,2.49390,-47.88473,-49.48529,-4.95428,-4.95428,224.06704,926.00000,614.00000,301.00000
117.98953,-2.91997,47.91646,22.22149,-39.68613,13.99864,13.99864,87.90247,93.26767,1266.20452,1.75378,-47.88436,-49.49229,-4.95180,-4.95180,201.84555,926.00000,614.00000,301.00000
118.18930,-2.93135,47.89484,22.22127,-40.34763,14.05632,14.05632,88.78727,93.26773,1288.42578,1.01367,-47.88411,-49.49944,-4.94929,-4.94929,179.62429,926.00000,614.00000,301.00000
118.38908,-2.94272,47.88478,22.22104,-41.00860,14.11383,14.11383,89.67263,93.26778,1310.64682,0.27360,-47.88400,-49.50673,-4.94677,-4.94677,157.40325,926.00000,614.00000,301.00000
118.58886,-2.95409,47.88628,22.22081,-41.66903,14.17118,14.17118,89.44190,93.26783,1332.86764,-0.46644,-47.88401,-49.51417,-4.94423,-4.94423,135.18243,926.00000,614.00000,301.00000
118.78864,-2.96547,47.89936,22.22059,-42.32891,14.22835,14.22835,88.55675,93.26789,1355.08822,-1.20643,-47.88416,-49.52175,-4.94166,-4.94166,112.96184,926.00000,614.00000,301.00000
118.98842,-2.97684,47.92399,22.22036,-42.98823,14.28534,14.28534,87.67238,93.26794,1377.30858,-1.94636,-47.88445,-49.52949,-4.93908,-4.93908,90.74149,926.00000,614.00000,301.00000
119.18654,-3.00087,47.91234,22.19586,-36.97215,14.85500,14.85500,85.87951,100.59836,1399.50444,3.44270,-47.78849,-54.65884,-3.06977,-3.06977,68.54563,926.00000,614.00000,301.00000
119.38280,-3.03932,47.85775,22.22025,-36.66209,14.96291,14.96291,85.75433,101.60610,1421.72469,3.54306,-47.72642,-55.31302,-2.80486,-2.80486,46.32538,926.00000,614.00000,301.00000
119.57882,-3.07950,47.80808,22.21945,-37.31845,15.01901,15.01901,86.63824,101.60659,1443.94415,2.80347,-47.72581,-55.32005,-2.80201,-2.80201,24.10592,926.00000,614.00000,301.00000
119.77485,-3.11969,47.76996,22.21864,-37.97418,15.07494,15.07494,87.52365,101.60709,1466.16279,2.06399,-47.72535,-55.32729,-2.79912,-2.79912,1.88728,926.00000,614.00000,301.00000
119.97087,-3.15987,47.74340,22.21782,-38.62929,15.13068,15.13068,88.41013,101.60759,1488.38061,1.32464,-47.72502,-55.33476,-2.79617,-2.79617,-20.33054,926.00000,614.00000,301.00000
121.36395,-6.64878,103.24863,22.31006,10.33014,-9.33542,-52.94412,12.58808,-120.02098,22.31006,100.76675,22.50203,-10.93718,13.12056,-43.01176,22.31006,780.00000,67350.00000,301.00000
121.18904,-6.74914,102.64692,22.30662,10.20811,-9.27675,-52.41038,12.63750,-120.02624,44.61669,100.16017,22.45730,-10.94175,13.12470,-42.98831,44.61669,780.00000,67350.00000,301.00000
121.01412,-6.84949,102.04422,22.30313,10.08591,-9.21788,-51.87636,12.68742,-120.03158,66.91982,99.55258,22.41217,-10.94634,13.12888,-42.96474,66.91982,780.00000,67350.00000,301.00000
120.83920,-6.94984,101.44054,22.29959,9.96352,-9.15882,-51.34207,12.73783,-120.03699,89.21940,98.94400,22.36666,-10.95094,13.13310,-42.94108,89.21940,780.00000,67350.00000,301.00000
120.66429,-7.05019,100.83590,22.29599,9.84096,-9.09957,-50.80751,12.78877,-120.04248,111.51539,98.33444,22.32077,-10.95555,13.13734,-42.91732,111.51539,780.00000,67350.00000,301.00000
120.48937,-7.15055,100.23030,22.29235,9.71822,-9.04012,-50.27270,12.84024,-120.04805,133.80774,97.72390,22.27451,-10.96016,13.14162,-42.89347,133.80774,780.00000,67350.00000,301.00000
120.31446,-7.25090,99.62377,22.28865,9.59530,-8.98049,-49.73764,12.89225,-120.05369,156.09639,97.11239,22.22789,-10.96479,13.14594,-42.86954,156.09639,780.00000,67350.00000,301.00000
120.13954,-7.35125,99.01630,22.28490,9.47222,-8.92066,-49.20233,12.94483,-120.05942,178.38129,96.49992,22.18092,-10.96941,13.15028,-42.84553,178.38129,780.00000,67350.00000,301.00000
119.96462,-7.45161,98.40791,22.28110,9.34896,-8.86064,-48.66679,12.99799,-120.06522,200.66240,95.88650,22.13360,-10.97403,13.15465,-42.82146,200.66240,780.00000,67350.00000,301.00000
119.78971,-7.55196,97.79862,22.27726,9.22553,-8.80043,-48.13103,13.05174,-120.07110,222.93965,95.27214,22.08595,-10.97866,13.15906,-42.79733,222.93965,780.00000,67350.00000,301.00000
119.61479,-7.65231,97.18843,22.27335,9.10193,-8.74004,-47.59505,13.10611,-120.07706,245.21301,94.65685,22.03797,-10.98330,13.16349,-42.77315,245.21301,780.00000,67350.00000,301.00000
119.43988,-7.75266,96.57736,22.26940,8.97817,-8.67946,-47.05885,13.16110,-120.08310,267.48241,94.04063,21.98967,-10.98793,13.16794,-42.74892,267.48241,780.00000,67350.00000,301.00000
119.26496,-7.85302,95.96541,22.26540,8.85424,-8.61869,-46.52246,13.21673,-120.08921,289.74781,93.42350,21.94107,-10.99255,13.17243,-42.72466,289.74781,780.00000,67350.00000,301.00000
119.09004,-7.95337,95.35261,22.26135,8.73015,-8.55773,-45.98587,13.27303,-120.09541,312.00916,92.80546,21.89216,-10.99717,13.17694,-42.70037,312.00916,780.00000,67350.00000,301.00000
118.91513,-8.05372,94.73896,22.25724,8.60590,-8.49659,-45.44909,13.33002,-120.10168,334.26640,92.18652,21.84297,-11.00178,13.18148,-42.67606,334.26640,780.00000,67350.00000,301.00000
118.74021,-8.15407,94.12447,22.25309,8.48149,-8.43526,-44.91213,13.38770,-120.10803,356.51949,91.56670,21.79349,-11.00638,13.18604,-42.65172,312.01332,780.00000,67350.00000,301.00000
118.56530,-8.25443,93.50917,22.24888,8.35693,-8.37375,-44.37500,13.44610,-120.11446,378.76838,90.94599,21.74374,-11.01096,13.19062,-42.62738,289.76443,780.00000,67350.00000,301.00000
118.39038,-8.35478,92.89305,22.24463,8.23221,-8.31207,-43.83771,13.50524,-120.12097,401.01300,90.32442,21.69372,-11.01554,13.19522,-42.60304,267.51981,780.00000,67350.00000,301.00000
118.21547,-8.45513,92.27613,22.24032,8.10734,-8.25020,-43.30026,13.56515,-120.12755,423.25332,89.70198,21.64344,-11.02011,13.19984,-42.57870,245.27949,780.00000,67350.00000,301.00000
118.04055,-8.55549,91.65842,22.23596,7.98231,-8.18815,-42.76265,13.62583,-120.13422,445.48928,89.07869,21.59292,-11.02466,13.20449,-42.55438,223.04353,780.00000,67350.00000,301.00000
117.86563,-8.65584,91.03995,22.23155,7.85713,-8.12592,-42.22492,13.68732,-120.14096,467.72083,88.45455,21.54215,-11.02919,13.20916,-42.53008,200.81198,780.00000,67350.00000,301.00000
117.69072,-8.75619,90.42071,22.22709,7.73180,-8.06351,-41.68705,13.74963,-120.14778,489.94792,87.82958,21.49116,-11.03370,13.21384,-42.50580,178.58488,780.00000,67350.00000,301.00000
117.51580,-8.85654,89.80072,22.22258,7.60634,-8.00092,-41.14905,13.81279,-120.15469,512.17051,87.20378,21.43995,-11.03819,13.21854,-42.48157,156.36230,780.00000,67350.00000,301.00000
117.34089,-8.95690,89.18001,22.21802,7.48072,-7.93816,-40.61094,13.87682,-120.16167,534.38853,86.57716,21.38851,-11.04265,13.22326,-42.45738,134.14428,780.00000,67350.00000,301.00000
117.16597,-9.05725,88.55857,22.21341,7.35496,-7.87522,-40.07272,13.94175,-120.16873,556.60194,85.94974,21.33688,-11.04708,13.22799,-42.43323,111.93087,780.00000,67350.00000,301.00000
116.99105,-9.15760,87.93642,22.20875,7.22906,-7.81210,-39.53440,14.00760,-120.17587,578.81068,85.32151,21.28506,-11.05150,13.23274,-42.40914,89.72213,780.00000,67350.00000,301.00000
116.81421,-9.25175,87.32313,21.92135,7.79799,-8.58199,-36.20086,17.76310,-116.50655,600.73203,83.16009,26.64072,-10.57384,12.71160,-44.81654,67.80078,780.00000,67350.00000,301.00000
116.62432,-9.30388,86.77428,22.13039,11.04814,-12.63011,-16.46608,39.72232,-94.71719,622.86242,66.74249,55.45462,-6.95125,8.63430,-54.94035,45.67039,780.00000,67350.00000,301.00000
116.42332,-9.32019,86.28163,22.12936,10.92507,-12.56991,-15.93443,39.96177,-94.71743,644.99179,66.13256,55.41665,-6.95752,8.64150,-54.93110,23.54102,780.00000,67350.00000,301.00000
116.22232,-9.33650,85.79014,22.12834,10.80187,-12.50956,-15.40266,40.20443,-94.71768,667.12012,65.52189,55.37897,-6.96374,8.64867,-54.92213,1.41269,780.00000,67350.00000,301.00000
116.02132,-9.35281,85.29984,22.12731,10.67854,-12.44905,-14.87079,40.45034,-94.71793,689.24743,64.91050,55.34157,-6.96990,8.65584,-54.91345,-20.71462,780.00000,67350.00000,301.00000
115.65104,-9.43690,29.71389,22.24331,5.02739,-5.71832,9.55280,53.37067,-127.29614,22.24331,17.72837,-23.84576,-11.53609,13.96025,17.91431,22.24331,780.00000,787.00000,301.00000
115.48970,-9.55807,29.34571,22.23832,4.89980,-5.65325,10.06828,54.38590,-127.30608,44.48163,17.08868,-23.85681,-11.53924,13.96386,17.90808,0.00498,780.00000,787.00000,301.00000
113.58781,-10.27962,94.12255,22.13559,69.50222,-11.38740,4.52557,66.87076,-96.59846,22.13559,36.97194,-86.55709,-48.92116,9.32747,21.79107,22.13559,501.00000,787.00000,301.00000
113.38683,-10.30244,94.00204,22.13401,69.67078,-11.32434,5.04012,67.07987,-96.59897,44.26959,36.60887,-86.58045,-48.96533,9.33468,21.78804,44.26959,501.00000,787.00000,301.00000
113.18584,-10.32525,93.88241,22.13242,69.83839,-11.26114,5.55461,67.28977,-96.59948,66.40201,36.24525,-86.60363,-49.00972,9.34187,21.78467,66.40201,501.00000,787.00000,301.00000
112.98486,-10.34806,93.76365,22.13084,70.00505,-11.19778,6.06902,67.50048,-96.60000,88.53285,35.88107,-86.62662,-49.05430,9.34903,21.78096,88.53285,501.00000,787.00000,301.00000
112.78387,-10.37088,93.64580,22.12925,70.17075,-11.13427,6.58335,67.71199,-96.60051,110.66210,35.51634,-86.64944,-49.09910,9.35616,21.77692,110.66210,501.00000,787.00000,301.00000
112.58289,-10.39369,93.52885,22.12765,70.33549,-11.07062,7.09759,67.92430,-96.60103,132.78975,35.15107,-86.67207,-49.14409,9.36327,21.77254,132.78975,501.00000,787.00000,301.00000
112.38190,-10.41650,93.41281,22.12606,70.49928,-11.00682,7.61174,68.13739,-96.60154,154.91581,34.78527,-86.69451,-49.18929,9.37036,21.76781,154.91581,501.00000,787.00000,301.00000
112.18092,-10.43932,93.29771,22.12446,70.66210,-10.94288,8.12579,68.35127,-96.60206,177.04027,34.41894,-86.71677,-49.23469,9.37742,21.76275,177.04027,501.00000,787.00000,301.00000
111.97993,-10.46213,93.18353,22.12285,70.82396,-10.87879,8.63972,68.56594,-96.60258,199.16312,34.05208,-86.73884,-49.28030,9.38445,21.75734,199.16312,501.00000,787.00000,301.00000
111.77895,-10.48494,93.07030,22.12125,70.98485,-10.81455,9.15355,68.78139,-96.60310,221.28437,33.68469,-86.76072,-49.32611,9.39146,21.75160,221.28437,501.00000,787.00000,301.00000
111.59625,-10.44762,92.88752,20.98873,86.50099,-14.24818,-5.59863,31.28268,-58.93100,242.27310,79.38315,-48.23284,4.34268,0.85124,22.96739,242.27310,501.00000,787.00000,301.00000
111.43696,-10.33343,92.61442,22.28073,84.72326,-14.13156,-8.89695,21.68215,-49.21717,264.55383,86.06174,-34.21707,18.84677,-1.55298,21.73821,264.55383,501.00000,787.00000,301.00000
111.28277,-10.20251,92.32091,22.28601,84.92740,-14.07355,-8.37859,21.79388,-49.22872,286.83984,85.72231,-34.27586,18.78872,-1.54333,21.74412,242.26781,501.00000,787.00000,301.00000
111.12858,-10.07159,92.02658,22.29123,85.13033,-14.01534,-7.86020,21.90596,-49.24013,309.13107,85.38202,-34.33367,18.73127,-1.53384,21.74961,219.97658,501.00000,787.00000,301.00000
110.97439,-9.94067,91.73144,22.29639,85.33207,-13.95693,-7.34178,22.01839,-49.25138,331.42746,85.04087,-34.39050,18.67442,-1.52451,21.75469,197.68019,501.00000,787.00000,301.00000
110.82020,-9.80975,91.43550,22.30148,85.53260,-13.89831,-6.82334,22.13119,-49.26247,353.72894,84.69887,-34.44637,18.61818,-1.51535,21.75935,175.37871,501.00000,787.00000,301.00000
110.66601,-9.67883,91.13877,22.30650,85.73193,-13.83950,-6.30489,22.24436,-49.27342,376.03544,84.35602,-34.50127,18.56256,-1.50634,21.76361,153.07221,501.00000,787.00000,301.00000
110.51181,-9.54790,90.84127,22.31146,85.93006,-13.78047,-5.78644,22.35792,-49.28421,398.34690,84.01234,-34.55522,18.50756,-1.49749,21.76748,130.76075,501.00000,787.00000,301.00000
110.35762,-9.41698,90.54298,22.31635,86.12697,-13.72124,-5.26799,22.47186,-49.29485,420.66325,83.66782,-34.60821,18.45318,-1.48880,21.77098,108.44440,501.00000,787.00000,301.00000
110.20343,-9.28606,90.24393,22.32118,86.32267,-13.66182,-4.74955,22.58620,-49.30533,442.98443,83.32247,-34.66026,18.39944,-1.48027,21.77410,86.12322,501.00000,787.00000,301.00000
110.04924,-9.15514,89.94412,22.32594,86.51716,-13.60220,-4.23113,22.70095,-49.31567,465.31037,82.97630,-34.71136,18.34632,-1.47189,21.77686,63.79728,501.00000,787.00000,301.00000
109.89505,-9.02422,89.64355,22.33063,86.71043,-13.54237,-3.71275,22.81612,-49.32585,487.64100,82.62931,-34.76153,18.29384,-1.46366,21.77927,41.46665,501.00000,787.00000,301.00000
109.74086,-8.89330,89.34225,22.33526,86.90249,-13.48235,-3.19441,22.93172,-49.33588,509.97625,82.28152,-34.81077,18.24201,-1.45559,21.78133,19.13140,501.00000,787.00000,301.00000
109.58667,-8.76238,89.04021,22.33982,87.09332,-13.42214,-2.67611,23.04775,-49.34575,532.31607,81.93292,-34.85908,18.19082,-1.44768,21.78305,-3.20842,501.00000,787.00000,301.00000
109.43247,-8.63146,88.73743,22.34431,87.28293,-13.36173,-2.15786,23.16423,-49.35548,554.66038,81.58352,-34.90647,18.14028,-1.43992,21.78445,-25.55273,501.00000,787.00000,301.00000
107.75048,-4.19715,20.65472,22.25113,-1.17232,-9.21003,-9.21003,22.49512,-18.01283,22.25113,19.08315,7.90260,18.06120,-8.07710,-8.07710,22.25113,787.00000,673.00000,301.00000
107.68844,-4.00684,21.06717,22.25164,-0.66423,-9.14711,-9.14711,22.02302,-18.01674,44.50277,19.52997,7.89975,18.06134,-8.07574,-8.07574,44.50277,787.00000,673.00000,301.00000
107.61830,-3.81966,21.48688,22.23181,1.40805,-9.74861,-9.74861,16.65376,-22.98498,66.73457,20.58559,6.15787,18.02903,-7.25527,-7.25527,66.73457,787.00000,673.00000,301.00000
107.53837,-3.63625,21.91465,22.24941,2.24202,-9.81510,-9.81510,15.28472,-24.02560,88.98398,21.13948,5.77705,17.99572,-7.07671,-7.07671,88.98398,787.00000,673.00000,301.00000
107.45675,-3.45348,22.34411,22.25014,2.75027,-9.75179,-9.75179,14.97484,-24.02968,111.23412,21.58529,5.77360,17.99532,-7.07513,-7.07513,111.23412,787.00000,673.00000,301.00000
107.37512,-3.27072,22.77394,22.25083,3.25835,-9.68829,-9.68829,14.67710,-24.03354,133.48496,22.03080,5.77026,17.99486,-7.07364,-7.07364,133.48496,787.00000,673.00000,301.00000
107.29350,-3.08796,23.20409,22.25149,3.76627,-9.62462,-9.62462,14.39085,-24.03719,155.73644,22.47601,5.76703,17.99435,-7.07225,-7.07225,155.73644,787.00000,673.00000,301.00000
107.21188,-2.90520,23.63453,22.25210,4.27400,-9.56077,-9.56077,14.11551,-24.04062,177.98854,22.92091,5.76393,17.99380,-7.07093,-7.07093,177.98854,787.00000,673.00000,301.00000
107.13025,-2.72244,24.06522,22.25268,4.78155,-9.49674,-9.49674,13.85051,-24.04383,200.24122,23.36549,5.76096,17.99322,-7.06971,-7.06971,200.24122,787.00000,673.00000,301.00000
107.04863,-2.53967,24.49613,22.25322,5.28890,-9.43253,-9.43253,13.59534,-24.04683,222.49445,23.80975,5.75814,17.99261,-7.06858,-7.06858,222.49445,787.00000,673.00000,301.00000
106.96701,-2.35691,24.92722,22.25373,5.79604,-9.36815,-9.36815,13.34950,-24.04960,244.74817,24.25369,5.75546,17.99199,-7.06753,-7.06753,244.74817,787.00000,673.00000,301.00000
106.88539,-2.17415,25.35847,22.25419,6.30298,-9.30360,-9.30360,13.11251,-24.05216,267.00236,24.69729,5.75293,17.99137,-7.06657,-7.06657,267.00236,787.00000,673.00000,301.00000
106.80138,-1.99290,25.79034,22.17205,7.31012,-9.43327,-9.43327,11.29268,-25.65964,289.17442,25.29103,5.05029,17.80002,-6.80320,-6.80320,289.17442,787.00000,673.00000,301.00000
106.69288,-1.82719,26.22716,22.25204,12.17932,-10.81267,-10.81267,3.82976,-40.71652,311.42645,26.16860,-1.75177,15.22393,-4.12699,-4.12699,311.42645,787.00000,673.00000,301.00000
106.56228,-1.67551,26.66824,22.25280,12.68572,-10.74749,-10.74749,3.77255,-40.71864,333.67926,26.61045,-1.75466,15.22257,-4.12581,-4.12581,333.67926,787.00000,673.00000,301.00000
106.43168,-1.52383,27.10903,22.25350,13.19183,-10.68212,-10.68212,3.71682,-40.72056,355.93276,27.05201,-1.75735,15.22128,-4.12473,-4.12473,355.93276,787.00000,673.00000,301.00000
106.30108,-1.37214,27.54954,22.25414,13.69766,-10.61659,-10.61659,3.66246,-40.72228,378.18690,27.49327,-1.75982,15.22005,-4.12377,-4.12377,378.18690,787.00000,673.00000,301.00000
106.17048,-1.22046,27.98974,22.25471,14.20318,-10.55088,-10.55088,3.60940,-40.72381,400.44161,27.93422,-1.76207,15.21892,-4.12291,-4.12291,400.44161,787.00000,673.00000,301.00000
106.03988,-1.06878,28.42965,22.25521,14.70840,-10.48501,-10.48501,3.55756,-40.72513,422.69681,28.37486,-1.76409,15.21788,-4.12216,-4.12216,422.69681,787.00000,673.00000,301.00000
105.90928,-0.91709,28.86924,22.25564,15.21331,-10.41897,-10.41897,3.50685,-40.72626,444.95245,28.81518,-1.76587,15.21696,-4.12151,-4.12151,444.95245,787.00000,673.00000,301.00000
105.77868,-0.76541,29.30852,22.25601,15.71790,-10.35276,-10.35276,3.45721,-40.72719,467.20846,29.25518,-1.76740,15.21614,-4.12096,-4.12096,467.20846,787.00000,673.00000,301.00000
105.64808,-0.61373,29.74746,22.25631,16.22216,-10.28638,-10.28638,3.40859,-40.72792,489.46478,29.69484,-1.76867,15.21545,-4.12051,-4.12051,489.46478,787.00000,673.00000,301.00000
105.51748,-0.46204,30.18607,22.25655,16.72608,-10.21984,-10.21984,3.36092,-40.72845,511.72132,30.13415,-1.76967,15.21490,-4.12017,-4.12017,511.72132,787.00000,673.00000,301.00000
105.38688,-0.31036,30.62434,22.25672,17.22965,-10.15313,-10.15313,3.31416,-40.72878,533.97804,30.57312,-1.77041,15.21449,-4.11992,-4.11992,533.97804,787.00000,673.00000,301.00000
105.25627,-0.15868,31.06226,22.25682,17.73287,-10.08627,-10.08627,3.26822,-40.72892,556.23486,31.01174,-1.77087,15.21423,-4.11977,-4.11977,556.23486,787.00000,673.00000,301.00000
105.12567,-0.00699,31.49982,22.25685,18.23574,-10.01923,-10.01923,3.22307,-40.72885,578.49171,31.44999,-1.77103,15.21413,-4.11972,-4.11972,578.49171,787.00000,673.00000,301.00000
104.99252,0.14184,31.93548,22.16248,19.30275,-10.10173,-10.10173,5.34481,-42.90948,600.65419,31.79663,-2.97476,14.49968,-3.73678,-3.73678,600.65419,787.00000,673.00000,301.00000
104.84205,0.27131,32.36042,22.25669,22.51915,-10.61061,-10.61061,17.92255,-55.64366,622.91087,30.79008,-9.95831,9.83316,-1.42561,-1.42561,622.91087,787.00000,673.00000,301.00000
104.67681,0.38426,32.77660,22.25651,23.02099,-10.54315,-10.54315,17.68617,-55.64320,645.16739,31.22741,-9.95763,9.83366,-1.42584,-1.42584,645.16739,787.00000,673.00000,301.00000
104.51157,0.49722,33.19296,22.25628,23.52247,-10.47555,-10.47555,17.45548,-55.64263,667.42367,31.66443,-9.95671,9.83434,-1.42614,-1.42614,667.42367,787.00000,673.00000,301.00000
104.34632,0.61018,33.60946,22.25600,24.02357,-10.40782,-10.40782,17.23026,-55.64196,689.67966,32.10113,-9.95554,9.83521,-1.42652,-1.42652,689.67966,787.00000,673.00000,301.00000
104.18108,0.72313,34.02608,22.25565,24.52431,-10.33995,-10.33995,17.01029,-55.64119,711.93531,32.53751,-9.95411,9.83628,-1.42699,-1.42699,711.93531,787.00000,673.00000,301.00000
104.01584,0.83609,34.44280,22.25524,25.02466,-10.27194,-10.27194,16.79540,-55.64031,734.19055,32.97356,-9.95241,9.83757,-1.42752,-1.42752,734.19055,787.00000,673.00000,301.00000
103.85060,0.94905,34.85959,22.25477,25.52463,-10.20380,-10.20380,16.58537,-55.63932,756.44533,33.40928,-9.95045,9.83906,-1.42813,-1.42813,756.44533,787.00000,673.00000,301.00000
103.68535,1.06200,35.27644,22.25425,26.02419,-10.13552,-10.13552,16.38003,-55.63824,778.69958,33.84465,-9.94821,9.84078,-1.42880,-1.42880,778.69958,787.00000,673.00000,301.00000
103.52011,1.17496,35.69331,22.25367,26.52336,-10.06712,-10.06712,16.17921,-55.63705,800.95324,34.27967,-9.94568,9.84273,-1.42955,-1.42955,800.95324,787.00000,673.00000,301.00000
103.35487,1.28792,36.11019,22.25302,27.02211,-9.99858,-9.99858,15.98273,-55.63575,823.20627,34.71434,-9.94286,9.84492,-1.43037,-1.43037,823.20627,787.00000,673.00000,301.00000
103.18963,1.40087,36.52706,22.25232,27.52044,-9.92991,-9.92991,15.79045,-55.63436,845.45859,35.14865,-9.93974,9.84735,-1.43127,-1.43127,800.95394,787.00000,673.00000,301.00000
103.02438,1.51383,36.94388,22.25156,28.01835,-9.86111,-9.86111,15.60222,-55.63285,867.71015,35.58258,-9.93632,9.85004,-1.43223,-1.43223,778.70238,787.00000,673.00000,301.00000
102.85914,1.62679,37.36066,22.25074,28.51583,-9.79218,-9.79218,15.41788,-55.63125,889.96089,36.01614,-9.93259,9.85299,-1.43325,-1.43325,756.45164,787.00000,673.00000,301.00000
102.69390,1.73974,37.77736,22.24986,29.01286,-9.72312,-9.72312,15.23729,-55.62954,912.21075,36.44932,-9.92854,9.85620,-1.43434,-1.43434,734.20178,787.00000,673.00000,301.00000
102.52866,1.85270,38.19397,22.24893,29.50945,-9.65394,-9.65394,15.06033,-55.62773,934.45968,36.88211,-9.92417,9.85969,-1.43549,-1.43549,711.95285,787.00000,673.00000,301.00000
102.36341,1.96566,38.61047,22.24793,30.00558,-9.58463,-9.58463,14.88687,-55.62581,956.70761,37.31451,-9.91947,9.86346,-1.43671,-1.43671,689.70492,787.00000,673.00000,301.00000
102.19817,2.07861,39.02684,22.24688,30.50125,-9.51520,-9.51520,14.71679,-55.62379,978.95449,37.74650,-9.91443,9.86752,-1.43799,-1.43799,667.45805,787.00000,673.00000,301.00000
102.03524,2.19473,39.44493,22.23555,30.58571,-9.38194,-9.38194,12.31529,-53.37504,1001.19003,38.53725,-8.41325,11.06964,-1.80987,-1.80987,645.22250,787.00000,673.00000,301.00000
101.87610,2.31602,39.86582,22.24557,30.79666,-9.26454,-9.26454,10.76458,-51.95464,1023.43560,39.16430,-7.44590,11.83383,-2.04201,-2.04201,622.97693,787.00000,673.00000,301.00000
101.71841,2.43931,40.28756,22.24434,31.29061,-9.19464,-9.19464,10.64159,-51.95199,1045.67994,39.59468,-7.43969,11.83872,-2.04346,-2.04346,600.73259,787.00000,673.00000,301.00000
101.56072,2.56259,40.70897,22.24304,31.78405,-9.12462,-9.12462,10.52072,-51.94920,1067.92299,40.02461,-7.43309,11.84395,-2.04498,-2.04498,578.48954,787.00000,673.00000,301.00000
101.40303,2.68588,41.13004,22.24168,32.27698,-9.05447,-9.05447,10.40190,-51.94629,1090.16467,40.45409,-7.42610,11.84952,-2.04656,-2.04656,556.24786,787.00000,673.00000,301.00000
101.24535,2.80916,41.55076,22.24026,32.76938,-8.98420,-8.98420,10.28504,-51.94325,1112.40493,40.88311,-7.41869,11.85544,-2.04820,-2.04820,534.00760,787.00000,673.00000,301.00000
101.08766,2.93245,41.97111,22.23877,33.26126,-8.91381,-8.91381,10.17009,-51.94008,1134.64370,41.31166,-7.41088,11.86172,-2.04991,-2.04991,511.76883,787.00000,673.00000,301.00000
100.92997,3.05573,42.39109,22.23722,33.75260,-8.84329,-8.84329,10.05697,-51.93678,1156.88092,41.73974,-7.40264,11.86836,-2.05167,-2.05167,489.53161,787.00000,673.00000,301.00000
100.77229,3.17902,42.81069,22.23560,34.24339,-8.77266,-8.77266,9.94561,-51.93335,1179.11653,42.16734,-7.39398,11.87539,-2.05348,-2.05348,467.29600,787.00000,673.00000,301.00000
100.61460,3.30230,43.22989,22.23393,34.73363,-8.70191,-8.70191,9.83596,-51.92979,1201.35045,42.59445,-7.38487,11.88279,-2.05536,-2.05536,445.06208,787.00000,673.00000,301.00000
100.45266,3.41937,43.64496,22.18517,36.01895,-8.76144,-8.76144,14.02656,-56.24514,1223.53562,42.34362,-10.57830,9.22269,-1.39880,-1.39880,422.87691,787.00000,673.00000,301.00000
100.28349,3.52584,44.05341,22.22570,36.94566,-8.75258,-8.75258,16.89815,-59.27427,1245.76132,42.15131,-12.80506,7.29981,-0.93723,-0.93723,400.65121,787.00000,673.00000,301.00000
100.11133,3.62795,44.45908,22.22387,37.43519,-8.68175,-8.68175,16.72591,-59.27131,1267.98519,42.57813,-12.79504,7.30860,-0.93929,-0.93929,378.42734,787.00000,673.00000,301.00000
99.93918,3.73006,44.86459,22.22199,37.92419,-8.61082,-8.61082,16.55649,-59.26828,1290.20717,43.00447,-12.78464,7.31776,-0.94139,-0.94139,356.20536,787.00000,673.00000,301.00000
99.76702,3.83217,45.26992,22.22005,38.41262,-8.53979,-8.53979,16.38980,-59.26516,1312.42723,43.43034,-12.77384,7.32730,-0.94353,-0.94353,333.98530,787.00000,673.00000,301.00000
99.59486,3.93428,45.67504,22.21807,38.90048,-8.46866,-8.46866,16.22575,-59.26196,1334.64529,43.85572,-12.76264,7.33722,-0.94572,-0.94572,311.76724,787.00000,673.00000,301.00000
99.42271,4.03639,46.07996,22.21603,39.38778,-8.39742,-8.39742,16.06427,-59.25868,1356.86132,44.28062,-12.75103,7.34753,-0.94794,-0.94794,289.55121,787.00000,673.00000,301.00000
99.25055,4.13850,46.48464,22.21394,39.87451,-8.32608,-8.32608,15.90528,-59.25533,1379.07526,44.70503,-12.73902,7.35823,-0.95020,-0.95020,267.33727,787.00000,673.00000,301.00000
99.07839,4.24061,46.88909,22.21180,40.36065,-8.25463,-8.25463,15.74871,-59.25189,1401.28706,45.12893,-12.72658,7.36934,-0.95250,-0.95250,245.12547,787.00000,673.00000,301.00000
98.90624,4.34272,47.29327,22.20960,40.84620,-8.18309,-8.18309,15.59450,-59.24837,1423.49666,45.55233,-12.71372,7.38085,-0.95483,-0.95483,222.91587,787.00000,673.00000,301.00000
98.73408,4.44482,47.69718,22.20736,41.33115,-8.11144,-8.11144,15.44256,-59.24477,1445.70402,45.97521,-12.70043,7.39278,-0.95719,-0.95719,200.70852,787.00000,673.00000,301.00000
98.56192,4.54693,48.10080,22.20506,41.81549,-8.03970,-8.03970,15.29285,-59.24109,1467.90907,46.39757,-12.68671,7.40514,-0.95959,-0.95959,178.50346,787.00000,673.00000,301.00000
98.38976,4.64904,48.50413,22.20271,42.29923,-7.96786,-7.96786,15.14528,-59.23733,1490.11178,46.81941,-12.67255,7.41791,-0.96202,-0.96202,156.30075,787.00000,673.00000,301.00000
98.21761,4.75115,48.90714,22.20031,42.78234,-7.89593,-7.89593,14.99981,-59.23348,1512.31209,47.24071,-12.65794,7.43113,-0.96449,-0.96449,134.10045,787.00000,673.00000,301.00000
98.04545,4.85326,49.30983,22.19785,43.26482,-7.82390,-7.82390,14.85637,-59.22956,1534.50994,47.66148,-12.64288,7.44478,-0.96698,-0.96698,111.90259,787.00000,673.00000,301.00000
97.87329,4.95537,49.71217,22.19534,43.74668,-7.75177,-7.75177,14.71490,-59.22556,1556.70528,48.08170,-12.62736,7.45888,-0.96950,-0.96950,89.70725,787.00000,673.00000,301.00000
97.70030,5.05598,50.11318,22.18561,44.34980,-7.69514,-7.69514,15.55655,-60.20659,1578.89090,48.27734,-13.43982,6.71609,-0.83926,-0.83926,67.52163,787.00000,673.00000,301.00000
97.52494,5.15238,50.51107,22.18666,45.01848,-7.64539,-7.64539,17.18860,-61.98708,1601.07755,48.25511,-14.92693,5.33934,-0.60294,-0.60294,45.33498,787.00000,673.00000,301.00000
97.34806,5.24607,50.90690,22.18409,45.49906,-7.57313,-7.57313,17.03137,-61.98340,1623.26164,48.67436,-14.91039,5.35480,-0.60554,-0.60554,23.15089,787.00000,673.00000,301.00000
97.17118,5.33976,51.30246,22.18147,45.97900,-7.50078,-7.50078,16.87626,-61.97966,1645.44311,49.09306,-14.89340,5.37070,-0.60816,-0.60816,0.96943,787.00000,673.00000,301.00000
96.96906,5.47353,46.26709,22.31084,43.99731,-7.05983,-7.05983,21.44107,-48.37572,22.31084,43.06513,16.91266,16.13113,-2.34566,-2.34566,22.31084,787.00000,7250.00000,301.00000
96.81837,5.60679,46.66058,22.30802,44.47473,-6.98622,-6.98622,21.27230,-48.36913,44.61886,43.48144,16.92849,16.14732,-2.34823,-2.34823,44.61886,787.00000,7250.00000,301.00000
96.66768,5.74005,47.05397,22.30514,44.95140,-6.91252,-6.91252,21.10729,-48.36238,66.92400,43.89702,16.94486,16.16407,-2.35083,-2.35083,66.92400,787.00000,7250.00000,301.00000
96.51699,5.87331,47.44725,22.30220,45.42730,-6.83871,-6.83871,20.94595,-48.35547,89.22620,44.31184,16.96178,16.18140,-2.35347,-2.35347,89.22620,787.00000,7250.00000,301.00000
96.36630,6.00657,47.84038,22.29918,45.90244,-6.76482,-6.76482,20.78820,-48.34841,111.52538,44.72592,16.97925,16.19932,-2.35614,-2.35614,111.52538,787.00000,7250.00000,301.00000
96.21561,6.13983,48.23336,22.29610,46.37679,-6.69082,-6.69082,20.63397,-48.34120,133.82148,45.13922,16.99727,16.21783,-2.35884,-2.35884,133.82148,787.00000,7250.00000,301.00000
96.06492,6.27309,48.62615,22.29295,46.85037,-6.61673,-6.61673,20.48317,-48.33383,156.11444,45.55176,17.01586,16.23694,-2.36156,-2.36156,156.11444,787.00000,7250.00000,301.00000
95.93361,6.42168,48.99296,22.02850,41.90574,-5.76368,-5.76368,34.45875,-34.15127,178.14294,40.39635,27.72084,27.29170,-3.90347,-3.90347,178.14294,787.00000,7250.00000,301.00000
95.83010,6.59228,49.32328,22.33506,39.23249,-5.24196,-5.24196,40.28483,-28.04344,200.47800,37.62575,31.89183,31.62926,-4.49187,-4.49187,200.47800,787.00000,7250.00000,301.00000
95.73502,6.76956,49.64340,22.33327,39.70114,-5.16695,-5.16695,39.99195,-28.03468,222.81126,38.03353,31.90482,31.64281,-4.49366,-4.49366,222.81126,787.00000,7250.00000,301.00000
95.63994,6.94683,49.96451,22.33143,40.16896,-5.09185,-5.09185,39.70385,-28.02569,245.14269,38.44053,31.91830,31.65689,-4.49547,-4.49547,245.14269,787.00000,7250.00000,301.00000
95.54175,7.12222,50.29100,22.29822,41.75021,-5.17541,-5.17541,37.36315,-30.08068,267.44092,39.97154,30.51984,30.19588,-4.31235,-4.31235,267.44092,787.00000,7250.00000,301.00000
95.43489,7.29239,50.63055,22.31167,44.06888,-5.36656,-5.36656,33.43054,-33.75190,289.75258,42.25395,27.89367,27.45493,-3.97565,-3.97565,289.75258,787.00000,7250.00000,301.00000
95.32248,7.45921,50.97849,22.30907,44.53416,-5.29122,-5.29122,33.19705,-33.74176,312.06166,42.65842,27.91175,27.47380,-3.97793,-3.97793,312.06166,787.00000,7250.00000,301.00000
95.21006,7.62603,51.32687,22.30642,44.99855,-5.21579,-5.21579,32.96780,-33.73140,334.36807,43.06204,27.93042,27.49330,-3.98022,-3.98022,334.36807,787.00000,7250.00000,301.00000
95.09765,7.79285,51.67566,22.30371,45.46206,-5.14026,-5.14026,32.74272,-33.72080,356.67178,43.46480,27.94969,27.51344,-3.98252,-3.98252,356.67178,787.00000,7250.00000,301.00000
94.98524,7.95967,52.02483,22.30094,45.92468,-5.06465,-5.06465,32.52172,-33.70999,378.97272,43.86670,27.96955,27.53422,-3.98485,-3.98485,378.97272,787.00000,7250.00000,301.00000
94.87283,8.12649,52.37436,22.29811,46.38641,-4.98894,-4.98894,32.30473,-33.69894,401.27083,44.26773,27.99002,27.55566,-3.98718,-3.98718,401.27083,787.00000,7250.00000,301.00000
94.76041,8.29331,52.72421,22.29523,46.84723,-4.91313,-4.91313,32.09170,-33.68767,423.56606,44.66789,28.01110,27.57776,-3.98952,-3.98952,423.56606,787.00000,7250.00000,301.00000
94.64800,8.46013,53.07437,22.29229,47.30714,-4.83724,-4.83724,31.88255,-33.67617,445.85835,45.06717,28.03280,27.60053,-3.99188,-3.99188,445.85835,787.00000,7250.00000,301.00000
94.53559,8.62695,53.42479,22.28929,47.76613,-4.76127,-4.76127,31.67721,-33.66444,468.14764,45.46557,28.05513,27.62398,-3.99425,-3.99425,468.14764,787.00000,7250.00000,301.00000
94.42318,8.79377,53.77546,22.28623,48.22420,-4.68520,-4.68520,31.47563,-33.65249,490.43387,45.86306,28.07810,27.64812,-3.99662,-3.99662,490.43387,787.00000,7250.00000,301.00000
94.31076,8.96059,54.12635,22.28312,48.68133,-4.60904,-4.60904,31.27774,-33.64031,512.71700,46.25966,28.10171,27.67296,-3.99901,-3.99901,512.71700,787.00000,7250.00000,301.00000
94.19835,9.12741,54.47745,22.27995,49.13752,-4.53280,-4.53280,31.08347,-33.62790,534.99695,46.65536,28.12596,27.69849,-4.00139,-4.00139,534.99695,787.00000,7250.00000,301.00000
94.08594,9.29423,54.82871,22.27673,49.59276,-4.45648,-4.45648,30.89278,-33.61526,557.27367,47.05014,28.15088,27.72474,-4.00378,-4.00378,557.27367,787.00000,7250.00000,301.00000
93.97353,9.46105,55.18012,22.27344,50.04705,-4.38007,-4.38007,30.70560,-33.60240,579.54712,47.44400,28.17646,27.75171,-4.00617,-4.00617,579.54712,787.00000,7250.00000,301.00000
93.86111,9.62787,55.53165,22.27010,50.50037,-4.30358,-4.30358,30.52187,-33.58931,601.81722,47.83693,28.20270,27.77941,-4.00857,-4.00857,601.81722,787.00000,7250.00000,301.00000
93.74870,9.79469,55.88329,22.26671,50.95273,-4.22701,-4.22701,30.34154,-33.57599,624.08393,48.22893,28.22963,27.80785,-4.01096,-4.01096,624.08393,787.00000,7250.00000,301.00000
93.63629,9.96151,56.23500,22.26325,51.40410,-4.15036,-4.15036,30.16454,-33.56244,646.34718,48.61999,28.25724,27.83704,-4.01335,-4.01335,646.34718,787.00000,7250.00000,301.00000
93.52388,10.12833,56.58678,22.25974,51.85449,-4.07362,-4.07362,29.99083,-33.54867,668.60692,49.01012,28.28554,27.86697,-4.01573,-4.01573,624.08744,787.00000,7250.00000,301.00000
93.41146,10.29515,56.93859,22.25618,52.30389,-3.99681,-3.99681,29.82035,-33.53467,690.86310,49.39929,28.31455,27.89766,-4.01811,-4.01811,601.83126,787.00000,7250.00000,301.00000
93.29905,10.46197,57.29042,22.25256,52.75228,-3.91993,-3.91993,29.65306,-33.52043,713.11566,49.78750,28.34426,27.92913,-4.02048,-4.02048,579.57870,787.00000,7250.00000,301.00000
93.18664,10.62879,57.64223,22.24888,53.19967,-3.84296,-3.84296,29.48890,-33.50598,735.36453,50.17474,28.37468,27.96137,-4.02284,-4.02284,557.32983,787.00000,7250.00000,301.00000
93.07579,10.79660,57.99219,22.24388,53.12699,-3.69194,-3.69194,30.36892,-32.44705,757.60842,50.03497,29.31887,28.96320,-4.09383,-4.09383,535.08594,787.00000,7250.00000,301.00000
92.96978,10.96747,58.33645,22.26220,52.42166,-3.45512,-3.45512,32.39407,-30.23552,779.87062,49.25833,31.25313,31.01932,-4.23306,-4.23306,512.82374,787.00000,7250.00000,301.00000
92.86706,11.14043,58.67695,22.25887,52.86569,-3.37789,-3.37789,32.21761,-30.22066,802.12949,49.64242,31.28282,31.05093,-4.23511,-4.23511,490.56487,787.00000,7250.00000,301.00000
92.76434,11.31338,59.01755,22.25549,53.30870,-3.30060,-3.30060,32.04428,-30.20558,824.38499,50.02554,31.31320,31.08329,-4.23715,-4.23715,468.30937,787.00000,7250.00000,301.00000
92.66161,11.48634,59.35821,22.25206,53.75068,-3.22324,-3.22324,31.87401,-30.19026,846.63705,50.40766,31.34429,31.11642,-4.23917,-4.23917,446.05731,787.00000,7250.00000,301.00000
92.55889,11.65930,59.69892,22.24859,54.19162,-3.14581,-3.14581,31.70676,-30.17472,868.88564,50.78880,31.37608,31.15034,-4.24117,-4.24117,423.80872,787.00000,7250.00000,301.00000
92.45617,11.83225,60.03966,22.24506,54.63151,-3.06831,-3.06831,31.54249,-30.15894,891.13070,51.16895,31.40859,31.18504,-4.24315,-4.24315,401.56366,787.00000,7250.00000,301.00000
92.35345,12.00521,60.38041,22.24148,55.07036,-2.99075,-2.99075,31.38116,-30.14293,913.37218,51.54809,31.44183,31.22053,-4.24511,-4.24511,379.32218,787.00000,7250.00000,301.00000
92.25073,12.17816,60.72115,22.23785,55.50814,-2.91311,-2.91311,31.22272,-30.12669,935.61003,51.92622,31.47579,31.25683,-4.24705,-4.24705,357.08433,787.00000,7250.00000,301.00000
92.14801,12.35112,61.06185,22.23418,55.94485,-2.83542,-2.83542,31.06713,-30.11021,957.84420,52.30334,31.51048,31.29392,-4.24896,-4.24896,334.85016,787.00000,7250.00000,301.00000
92.04528,12.52407,61.40251,22.23045,56.38048,-2.75766,-2.75766,30.91435,-30.09350,980.07466,52.67944,31.54591,31.33183,-4.25085,-4.25085,312.61970,787.00000,7250.00000,301.00000
91.94256,12.69703,61.74309,22.22668,56.81504,-2.67984,-2.67984,30.76434,-30.07657,1002.30133,53.05451,31.58209,31.37057,-4.25271,-4.25271,290.39303,787.00000,7250.00000,301.00000
91.83984,12.86999,62.08359,22.22285,57.24850,-2.60196,-2.60196,30.61706,-30.05939,1024.52418,53.42854,31.61903,31.41014,-4.25454,-4.25454,268.17018,787.00000,7250.00000,301.00000
91.73712,13.04294,62.42399,22.21898,57.68087,-2.52402,-2.52402,30.47248,-30.04199,1046.74316,53.80154,31.65673,31.45054,-4.25635,-4.25635,245.95120,787.00000,7250.00000,301.00000
91.63440,13.21590,62.76426,22.21506,58.11214,-2.44602,-2.44602,30.33055,-30.02436,1068.95822,54.17349,31.69519,31.49178,-4.25812,-4.25812,223.73614,787.00000,7250.00000,301.00000
91.53168,13.38885,63.10439,22.21109,58.54229,-2.36797,-2.36797,30.19123,-30.00649,1091.16931,54.54439,31.73442,31.53388,-4.25985,-4.25985,201.52505,787.00000,7250.00000,301.00000
91.42895,13.56181,63.44436,22.20707,58.97133,-2.28985,-2.28985,30.05450,-29.98839,1113.37638,54.91423,31.77443,31.57683,-4.26156,-4.26156,179.31798,787.00000,7250.00000,301.00000
91.32623,13.73477,63.78417,22.20300,59.39925,-2.21168,-2.21168,29.92031,-29.97006,1135.57938,55.28301,31.81522,31.62066,-4.26322,-4.26322,157.11498,787.00000,7250.00000,301.00000
91.22351,13.90772,64.12377,22.19889,59.82603,-2.13346,-2.13346,29.78864,-29.95149,1157.77827,55.65071,31.85681,31.66535,-4.26485,-4.26485,134.91609,787.00000,7250.00000,301.00000
91.12079,14.08068,64.46317,22.19472,60.25167,-2.05519,-2.05519,29.65943,-29.93269,1179.97299,56.01734,31.89919,31.71092,-4.26644,-4.26644,112.72137,787.00000,7250.00000,301.00000
91.01807,14.25363,64.80235,22.19051,60.67617,-1.97686,-1.97686,29.53268,-29.91366,1202.16351,56.38289,31.94237,31.75737,-4.26799,-4.26799,90.53085,787.00000,7250.00000,301.00000
90.90632,14.41782,65.14722,21.62762,64.54022,-2.40931,-2.40931,22.37171,-36.95161,1223.79112,60.24385,24.79594,24.08458,-3.99930,-3.99930,68.90324,787.00000,7250.00000,301.00000
90.76092,14.54926,65.51360,21.85788,69.30904,-3.55285,-3.55285,2.44937,-56.83359,1245.64900,65.45375,2.79983,0.66203,-2.95587,-2.95587,47.04536,787.00000,7250.00000,301.00000
90.59088,14.65674,65.89523,21.85039,69.74811,-3.47598,-3.47598,2.49071,-56.82061,1267.49940,65.83298,2.86363,0.72961,-2.95929,-2.95929,25.19496,787.00000,7250.00000,301.00000
90.42084,14.76422,66.27594,21.84285,70.18612,-3.39907,-3.39907,2.53233,-56.80754,1289.34225,66.21121,2.92828,0.79812,-2.96266,-2.96266,3.35211,787.00000,7250.00000,301.00000
64.51248,24.06187,38.94728,22.02465,35.37256,4.78688,4.78688,42.83295,-95.15227,22.02465,28.56156,-26.47882,-28.79545,-4.48567,-4.48567,22.02465,701.00000,301.00000,301.00000
64.29645,24.04393,38.90149,22.02770,35.42839,4.86659,4.86659,42.80664,-95.15158,44.05235,28.54012,-26.43458,-28.74060,-4.47819,-4.47819,44.05235,701.00000,301.00000,301.00000
64.08042,24.02599,38.85542,22.03075,35.48367,4.94624,4.94624,42.78079,-95.15089,66.08310,28.51823,-26.39042,-28.68571,-4.47059,-4.47059,66.08310,701.00000,301.00000,301.00000
63.86439,24.00805,38.80908,22.03380,35.53842,5.02582,5.02582,42.75539,-95.15020,88.11690,28.49590,-26.34631,-28.63077,-4.46288,-4.46288,88.11690,701.00000,301.00000,301.00000
63.64836,23.99011,38.76246,22.03685,35.59263,5.10534,5.10534,42.73045,-95.14951,110.15374,28.47312,-26.30227,-28.57578,-4.45504,-4.45504,110.15374,701.00000,301.00000,301.00000
63.43233,23.97217,38.71556,22.03989,35.64629,5.18479,5.18479,42.70597,-95.14882,132.19363,28.44990,-26.25830,-28.52075,-4.44709,-4.44709,132.19363,701.00000,301.00000,301.00000
63.21630,23.95423,38.66839,22.04293,35.69942,5.26418,5.26418,42.68196,-95.14813,154.23656,28.42622,-26.21439,-28.46567,-4.43903,-4.43903,154.23656,701.00000,301.00000,301.00000
63.00027,23.93629,38.62095,22.04597,35.75201,5.34349,5.34349,42.65840,-95.14744,176.28254,28.40211,-26.17056,-28.41056,-4.43085,-4.43085,176.28254,701.00000,301.00000,301.00000
62.78424,23.91836,38.57324,22.04901,35.80405,5.42273,5.42273,42.63531,-95.14676,198.33155,28.37755,-26.12679,-28.35539,-4.42255,-4.42255,198.33155,701.00000,301.00000,301.00000
62.56821,23.90042,38.52524,22.05205,35.85555,5.50189,5.50189,42.61268,-95.14607,220.38359,28.35254,-26.08309,-28.30019,-4.41413,-4.41413,220.38359,701.00000,301.00000,301.00000
62.35218,23.88248,38.47697,22.05508,35.90650,5.58098,5.58098,42.59053,-95.14539,242.43867,28.32709,-26.03945,-28.24495,-4.40560,-4.40560,242.43867,701.00000,301.00000,301.00000
62.13615,23.86454,38.42843,22.05811,35.95690,5.66000,5.66000,42.56884,-95.14470,264.49678,28.30119,-25.99589,-28.18967,-4.39696,-4.39696,264.49678,701.00000,301.00000,301.00000
61.92012,23.84660,38.37962,22.06114,36.00676,5.73894,5.73894,42.54763,-95.14402,286.55792,28.27486,-25.95241,-28.13436,-4.38819,-4.38819,286.55792,701.00000,301.00000,301.00000
61.70409,23.82866,38.33053,22.06417,36.05608,5.81780,5.81780,42.52689,-95.14334,308.62209,28.24807,-25.90899,-28.07900,-4.37932,-4.37932,308.62209,701.00000,301.00000,301.00000
61.48806,23.81072,38.28117,22.06719,36.10485,5.89659,5.89659,42.50662,-95.14266,330.68928,28.22085,-25.86565,-28.02361,-4.37033,-4.37033,330.68928,701.00000,301.00000,301.00000
61.27203,23.79278,38.23154,22.07021,36.15307,5.97529,5.97529,42.48683,-95.14197,352.75950,28.19319,-25.82237,-27.96819,-4.36122,-4.36122,308.61907,701.00000,301.00000,301.00000
61.05600,23.77484,38.18164,22.07324,36.20074,6.05392,6.05392,42.46751,-95.14129,374.83273,28.16508,-25.77918,-27.91273,-4.35200,-4.35200,286.54583,701.00000,301.00000,301.00000
60.83997,23.75690,38.13146,22.07625,36.24786,6.13246,6.13246,42.44868,-95.14061,396.90899,28.13652,-25.73605,-27.85723,-4.34267,-4.34267,264.46958,701.00000,301.00000,301.00000
60.62394,23.73896,38.08101,22.07927,36.29443,6.21092,6.21092,42.43033,-95.13993,418.98826,28.10753,-25.69300,-27.80171,-4.33322,-4.33322,242.39031,701.00000,301.00000,301.00000
60.40791,23.72102,38.03030,22.08228,36.34045,6.28930,6.28930,42.41246,-95.13926,441.07054,28.07810,-25.65003,-27.74616,-4.32366,-4.32366,220.30802,701.00000,301.00000,301.00000
60.19188,23.70309,37.97931,22.08530,36.38592,6.36759,6.36759,42.39508,-95.13858,463.15584,28.04822,-25.60713,-27.69058,-4.31398,-4.31398,198.22272,701.00000,301.00000,301.00000
59.97584,23.68515,37.92805,22.08831,36.43084,6.44580,6.44580,42.37818,-95.13790,485.24415,28.01791,-25.56431,-27.63496,-4.30419,-4.30419,176.13442,701.00000,301.00000,301.00000
59.75981,23.66721,37.87653,22.09132,36.47521,6.52391,6.52391,42.36177,-95.13722,507.33546,27.98716,-25.52157,-27.57932,-4.29430,-4.29430,154.04310,701.00000,301.00000,301.00000
59.54378,23.64927,37.82473,22.09432,36.51901,6.60194,6.60194,42.34585,-95.13655,529.42978,27.95597,-25.47890,-27.52365,-4.28429,-4.28429,131.94878,701.00000,301.00000,301.00000
59.34214,23.67504,37.76703,20.58242,45.07863,7.89680,7.89680,15.07776,-67.90624,550.01220,36.46685,-9.82432,-7.69488,-0.76041,-0.76041,111.36637,701.00000,301.00000,301.00000
59.16682,23.78104,37.69857,22.96423,44.73963,7.68852,7.68852,6.55725,-46.33983,572.97643,37.45196,4.30503,9.47271,2.21779,2.21779,88.40214,701.00000,301.00000,301.00000
59.00346,23.92353,37.62497,22.95101,44.72374,7.75874,7.75874,6.66776,-46.30818,595.92744,37.37048,4.36870,9.54885,2.23094,2.23094,65.45112,701.00000,301.00000,301.00000
58.84010,24.06602,37.55095,22.93772,44.70703,7.82878,7.82878,6.77917,-46.27632,618.86516,37.28841,4.43263,9.62542,2.24429,2.24429,42.51340,701.00000,301.00000,301.00000
58.67674,24.20852,37.47651,22.92437,44.68952,7.89862,7.89862,6.89150,-46.24424,641.78953,37.20575,4.49679,9.70241,2.25783,2.25783,19.58903,701.00000,301.00000,301.00000
58.51338,24.35101,37.40165,22.91095,44.67120,7.96828,7.96828,7.00474,-46.21195,664.70048,37.12249,4.56118,9.77983,2.27158,2.27158,-3.32192,701.00000,301.00000,301.00000
58.19566,24.52771,37.27711,22.28537,37.99332,7.25806,7.25806,39.17063,-92.48905,22.28537,28.89977,-23.54542,-25.44278,-4.24099,-4.24099,22.28537,701.00000,301.00000,301.00000
57.97994,24.54999,37.21360,22.19296,44.02628,8.28746,8.28746,21.07468,-74.42776,44.47833,34.72448,-13.38144,-12.34012,-1.75756,-1.75756,44.47833,701.00000,301.00000,301.00000
57.76958,24.61101,37.14257,22.49234,44.83778,8.46887,8.46887,16.72531,-70.12879,66.97068,35.57127,-10.68902,-8.93654,-1.11580,-1.11580,66.97068,701.00000,301.00000,301.00000
57.56028,24.67962,37.06972,22.48141,44.84890,8.54247,8.54247,16.66172,-70.11863,89.45209,35.51332,-10.62865,-8.86036,-1.10135,-1.10135,89.45209,701.00000,301.00000,301.00000
57.35098,24.74823,36.99646,22.47045,44.85939,8.61591,8.61591,16.59799,-70.10843,111.92254,35.45491,-10.56821,-8.78397,-1.08674,-1.08674,111.92254,701.00000,301.00000,301.00000
57.14168,24.81684,36.92279,22.45946,44.86922,8.68919,8.68919,16.53411,-70.09820,134.38201,35.39605,-10.50771,-8.70735,-1.07196,-1.07196,134.38201,701.00000,301.00000,301.00000
56.93238,24.88546,36.84870,22.44845,44.87840,8.76230,8.76230,16.47008,-70.08793,156.83046,35.33672,-10.44715,-8.63050,-1.05701,-1.05701,156.83046,701.00000,301.00000,301.00000
56.72308,24.95407,36.77421,22.43741,44.88695,8.83525,8.83525,16.40591,-70.07763,179.26786,35.27694,-10.38653,-8.55344,-1.04191,-1.04191,179.26786,701.00000,301.00000,301.00000
56.51378,25.02268,36.69931,22.42633,44.89484,8.90804,8.90804,16.34159,-70.06729,201.69420,35.21670,-10.32584,-8.47615,-1.02663,-1.02663,201.69420,701.00000,301.00000,301.00000
56.30448,25.09129,36.62400,22.41524,44.90209,8.98065,8.98065,16.27712,-70.05691,224.10943,35.15601,-10.26510,-8.39864,-1.01119,-1.01119,224.10943,701.00000,301.00000,301.00000
56.09518,25.15990,36.54829,22.40411,44.90869,9.05310,9.05310,16.21249,-70.04649,246.51354,35.09487,-10.20430,-8.32092,-0.99559,-0.99559,246.51354,701.00000,301.00000,301.00000
55.95885,25.29948,36.47674,24.27048,32.60425,6.07451,6.07451,38.74686,-15.20100,270.78402,28.44889,22.83009,31.97369,6.86684,6.86684,270.78402,701.00000,301.00000,301.00000
55.89574,25.51034,36.40952,24.30598,32.48437,6.12726,6.12726,39.02935,-15.03082,295.09000,28.28377,22.92775,32.08573,6.88785,6.88785,295.09000,701.00000,301.00000,301.00000
55.83287,25.72144,36.34214,24.30310,32.44485,6.19733,6.19733,39.16813,-15.00536,319.39310,28.17591,22.95363,32.11550,6.89350,6.89350,319.39310,701.00000,301.00000,301.00000
55.77000,25.93253,36.27459,24.30019,32.40461,6.26725,6.26725,39.30814,-14.97971,343.69329,28.06747,22.97961,32.14546,6.89926,6.89926,343.69329,701.00000,301.00000,301.00000
55.70714,26.14363,36.20686,24.29727,32.36364,6.33701,6.33701,39.44937,-14.95385,367.99056,27.95844,23.00570,32.17562,6.90512,6.90512,367.99056,701.00000,301.00000,301.00000
55.60397,26.32578,36.13387,22.24108,42.92076,8.73124,8.73124,14.50293,-39.98823,390.23164,34.98246,9.04899,15.48095,3.56293,3.56293,390.23164,701.00000,301.00000,301.00000
55.44223,26.46588,36.05317,22.81031,45.15275,9.34087,9.34087,2.86207,-51.71212,413.04195,36.00820,1.80020,6.48795,1.71772,1.71772,413.04195,701.00000,301.00000,301.00000
55.26227,26.59287,35.96978,22.79476,45.12817,9.40870,9.40870,2.98005,-51.68111,435.83671,35.92114,1.87000,6.57557,1.73592,1.73592,435.83671,701.00000,301.00000,301.00000
55.06560,26.65572,35.89618,21.19502,39.36491,8.49780,8.49780,35.64128,-90.35017,457.03172,29.17215,-20.91701,-23.00385,-4.53371,-4.53371,457.03172,701.00000,301.00000,301.00000
54.84945,26.64335,35.83423,21.92222,36.57725,8.01318,8.01318,42.04937,-96.77409,478.95395,26.60936,-24.00072,-27.20199,-5.44639,-5.44639,478.95395,701.00000,301.00000,301.00000
54.63044,26.61993,35.77379,21.92665,36.61158,8.09077,8.09077,42.03702,-96.77274,500.88060,26.56964,-23.95451,-27.13840,-5.43240,-5.43240,500.88060,701.00000,301.00000,301.00000
54.41143,26.59650,35.71310,21.93108,36.64532,8.16824,8.16824,42.02525,-96.77140,522.81168,26.52947,-23.90842,-27.07481,-5.41829,-5.41829,522.81168,701.00000,301.00000,301.00000
54.19483,26.58745,35.64943,21.30899,40.23522,8.94680,8.94680,33.59406,-88.35877,544.12067,29.69521,-19.72502,-21.35440,-4.14474,-4.14474,544.12067,701.00000,301.00000,301.00000
53.98798,26.63673,35.57441,22.38033,45.51337,9.92215,9.92215,7.54297,-62.35908,566.50100,35.26658,-4.66984,-1.48233,0.22770,0.22770,566.50100,701.00000,301.00000,301.00000
53.79506,26.73848,35.49064,22.19487,45.40262,9.91210,9.91210,1.52922,-56.42406,588.69587,35.47800,-0.94713,3.30185,1.27143,1.27143,588.69587,701.00000,301.00000,301.00000
53.63220,26.87885,35.40641,23.46714,41.37872,8.91305,8.91305,18.92240,-36.07782,612.16301,33.49300,11.48185,18.93989,4.66336,4.66336,612.16301,701.00000,301.00000,301.00000
53.49276,27.04935,35.32180,23.45481,41.32716,8.97675,8.97675,19.07412,-36.03635,635.61783,33.38251,11.54285,19.01532,4.67967,4.67967,635.61783,701.00000,301.00000,301.00000
53.35332,27.21985,35.23688,23.44243,41.27469,9.04020,9.04020,19.22718,-35.99459,659.06026,33.27137,11.60402,19.09114,4.69621,4.69621,659.06026,701.00000,301.00000,301.00000
53.21388,27.39036,35.15166,23.42999,41.22132,9.10341,9.10341,19.38160,-35.95255,682.49025,33.15959,11.66537,19.16732,4.71297,4.71297,682.49025,701.00000,301.00000,301.00000
53.07444,27.56086,35.06614,23.41749,41.16704,9.16637,9.16637,19.53739,-35.91022,705.90773,33.04716,11.72689,19.24387,4.72995,4.72995,705.90773,701.00000,301.00000,301.00000
52.93123,27.72806,34.97995,23.26984,41.92819,9.43033,9.43033,17.14978,-38.40910,729.17758,33.42464,10.31456,17.47834,4.33481,4.33481,729.17758,701.00000,301.00000,301.00000
52.78264,27.89058,34.89290,23.21241,42.19933,9.57349,9.57349,16.21980,-39.45027,752.38999,33.50406,9.74639,16.76416,4.17349,4.17349,752.38999,701.00000,301.00000,301.00000
52.63245,28.05169,34.80538,23.19841,42.14626,9.63598,9.63598,16.37429,-39.40809,775.58840,33.39369,9.81202,16.84691,4.19233,4.19233,775.58840,701.00000,301.00000,301.00000
52.48226,28.21280,34.71755,23.18435,42.09230,9.69821,9.69821,16.53011,-39.36565,798.77275,33.28269,9.87781,16.93004,4.21141,4.21141,798.77275,701.00000,301.00000,301.00000
52.33208,28.37392,34.62943,23.17023,42.03744,9.76018,9.76018,16.68726,-39.32293,821.94297,33.17106,9.94376,17.01352,4.23072,4.23072,821.94297,701.00000,301.00000,301.00000
52.15455,28.49272,34.54264,21.74688,45.12055,10.67441,10.67441,10.84737,-66.93735,843.68986,33.92543,-6.50070,-4.34847,-0.77826,-0.77826,843.68986,701.00000,301.00000,301.00000
51.94780,28.56619,34.45723,21.83415,44.93233,10.70895,10.70895,12.76020,-68.91824,865.52401,33.60624,-7.61060,-5.82852,-1.12971,-1.12971,865.52401,701.00000,301.00000,301.00000
51.73912,28.63666,34.37158,21.82140,44.92219,10.77703,10.77703,12.67961,-68.90525,887.34541,33.53335,-7.54453,-5.74009,-1.10856,-1.10856,887.34541,701.00000,301.00000,301.00000
51.53044,28.70713,34.28556,21.80862,44.91139,10.84491,10.84491,12.59876,-68.89222,909.15403,33.46002,-7.47844,-5.65147,-1.08723,-1.08723,909.15403,701.00000,301.00000,301.00000
51.32176,28.77760,34.19919,21.79581,44.89993,10.91259,10.91259,12.51764,-68.87914,930.94985,33.38625,-7.41234,-5.56267,-1.06572,-1.06572,930.94985,701.00000,301.00000,301.00000
51.12821,28.87145,34.11162,21.72278,44.68264,10.85086,10.85086,3.37745,-53.07276,952.67263,34.05237,2.00963,6.95310,1.97492,1.97492,952.67263,701.00000,301.00000,301.00000
50.96405,29.01076,34.02207,23.11902,41.61753,10.10871,10.10871,17.50940,-39.05535,975.79164,32.44574,10.23596,17.62872,4.56741,4.56741,975.79164,701.00000,301.00000,301.00000
50.81413,29.17213,33.93145,23.10463,41.55593,10.16847,10.16847,17.67468,-39.01123,998.89627,32.32974,10.30199,17.71352,4.58808,4.58808,998.89627,701.00000,301.00000,301.00000
50.66422,29.33350,33.84057,23.09018,41.49344,10.22795,10.22795,17.84136,-38.96683,1021.98645,32.21312,10.36816,17.79865,4.60899,4.60899,975.80609,701.00000,301.00000,301.00000
50.51431,29.49487,33.74942,23.07568,41.43004,10.28716,10.28716,18.00947,-38.92216,1045.06213,32.09588,10.43445,17.88412,4.63014,4.63014,952.73041,701.00000,301.00000,301.00000
50.35467,29.64461,33.65766,22.44348,43.44485,10.88706,10.88706,10.26009,-46.78477,1067.50561,33.11945,5.99500,12.10629,3.18864,3.18864,930.28693,701.00000,301.00000,301.00000
50.17729,29.77314,33.56495,22.25009,44.52350,11.24795,11.24795,3.66432,-53.48364,1089.75570,33.49633,2.14516,7.02243,1.90939,1.90939,908.03684,701.00000,301.00000,301.00000
49.99191,29.89208,33.47162,22.23298,44.48084,11.30960,11.30960,3.79956,-53.45086,1111.98868,33.39805,2.21804,7.11939,1.93397,1.93397,885.80387,701.00000,301.00000,301.00000
49.80652,30.01102,33.37797,22.21581,44.43738,11.37097,11.37097,3.93575,-53.41792,1134.20448,33.29926,2.29099,7.21664,1.95877,1.95877,863.58806,701.00000,301.00000,301.00000
49.61855,30.12537,33.28429,22.01812,44.70681,11.51770,11.51770,1.16442,-56.28916,1156.22261,33.27741,0.67639,5.05473,1.40367,1.40367,841.56994,701.00000,301.00000,301.00000
49.42431,30.22856,33.19095,21.84163,44.92550,11.65304,11.65304,2.94215,-60.48888,1178.06423,33.14720,-1.70361,1.84319,0.57345,0.57345,819.72831,701.00000,301.00000,301.00000
49.22636,30.32517,33.09768,21.82534,44.89253,11.71585,11.71585,2.82631,-60.46457,1199.88957,33.05742,-1.63199,1.94034,0.59872,0.59872,797.90298,701.00000,301.00000,301.00000
49.02842,30.42178,33.00408,21.80900,44.85883,11.77841,11.77841,2.70981,-60.44016,1221.69857,32.96717,-1.56035,2.03774,0.62422,0.62422,776.09397,701.00000,301.00000,301.00000
48.83427,30.52440,32.90994,21.87433,44.56733,11.76706,11.76706,1.40045,-56.42827,1243.57290,32.90011,0.80432,5.24819,1.46952,1.46952,754.21964,701.00000,301.00000,301.00000
48.65259,30.64689,32.81480,22.44356,43.15282,11.45270,11.45270,10.48419,-47.45868,1266.01646,32.26696,5.97112,12.20300,3.31040,3.31040,731.77608,701.00000,301.00000,301.00000
48.47961,30.78325,32.71890,22.42633,43.09348,11.51051,11.51051,10.64418,-47.41815,1288.44279,32.15591,6.04348,12.29987,3.33619,3.33619,709.34975,701.00000,301.00000,301.00000
48.30663,30.91960,32.62272,22.40904,43.03328,11.56803,11.56803,10.80540,-47.37740,1310.85182,32.04431,6.11591,12.39705,3.36223,3.36223,686.94072,701.00000,301.00000,301.00000
48.13366,31.05596,32.52629,22.39169,42.97223,11.62526,11.62526,10.96788,-47.33642,1333.24351,31.93217,6.18841,12.49452,3.38851,3.38851,664.54903,701.00000,301.00000,301.00000
47.96068,31.19231,32.42960,22.37428,42.91033,11.68220,11.68220,11.13163,-47.29522,1355.61779,31.81948,6.26098,12.59227,3.41505,3.41505,642.17475,701.00000,301.00000,301.00000
47.78770,31.32866,32.33265,22.35682,42.84757,11.73886,11.73886,11.29665,-47.25379,1377.97461,31.70624,6.33360,12.69032,3.44182,3.44182,619.81793,701.00000,301.00000,301.00000
47.60997,31.45630,32.23598,21.77982,43.79179,12.06700,12.06700,6.09513,-52.57159,1399.75443,32.05375,3.42280,8.73496,2.35496,2.35496,598.03811,701.00000,301.00000,301.00000
47.41447,31.55125,32.14102,21.27572,44.50002,12.31801,12.31801,9.41695,-68.17424,1421.03015,31.70788,-5.25884,-3.28682,-0.96541,-0.96541,576.76239,701.00000,301.00000,301.00000
47.20596,31.62222,32.04721,21.26175,44.47335,12.38100,12.38100,9.32033,-68.15909,1442.29190,31.62413,-5.19017,-3.19035,-0.93862,-0.93862,555.50064,701.00000,301.00000,301.00000
46.99744,31.69319,31.95309,21.24775,44.44602,12.44375,12.44375,9.22332,-68.14390,1463.53965,31.53997,-5.12154,-3.09373,-0.91165,-0.91165,534.25289,701.00000,301.00000,301.00000
46.78893,31.76416,31.85866,21.23373,44.41802,12.50627,12.50627,9.12592,-68.12865,1484.77339,31.45539,-5.05293,-2.99695,-0.88447,-0.88447,513.01916,701.00000,301.00000,301.00000
46.58042,31.83512,31.76392,21.21968,44.38935,12.56856,12.56856,9.02812,-68.11336,1505.99307,31.37041,-4.98437,-2.90003,-0.85711,-0.85711,491.79947,701.00000,301.00000,301.00000
46.37190,31.90609,31.66887,21.20561,44.36001,12.63061,12.63061,8.92992,-68.09801,1527.19868,31.28501,-4.91584,-2.80296,-0.82955,-0.82955,470.59386,701.00000,301.00000,301.00000
46.17667,32.00022,31.57243,21.55536,43.46100,12.45265,12.45265,6.56054,-52.71436,1548.75404,31.36569,3.60724,9.14422,2.58270,2.58270,449.03851,701.00000,301.00000,301.00000
46.00230,32.13080,31.47403,22.41815,41.62418,12.00439,12.00439,14.98397,-44.42168,1571.17219,30.40385,8.13757,15.38442,4.37629,4.37629,426.62036,701.00000,301.00000,301.00000
45.83554,32.27469,31.37479,22.40077,41.54891,12.05727,12.05727,15.16688,-44.37620,1593.57296,30.28194,8.20863,15.48181,4.40447,4.40447,404.21958,701.00000,301.00000,301.00000
45.66877,32.41857,31.27536,22.38334,41.47276,12.10984,12.10984,15.35128,-44.33047,1615.95630,30.15948,8.27972,15.57946,4.43289,4.43289,381.83624,701.00000,301.00000,301.00000
45.50200,32.56245,31.17573,22.36586,41.39574,12.16209,12.16209,15.53717,-44.28449,1638.32216,30.03647,8.35084,15.67737,4.46157,4.46157,359.47038,701.00000,301.00000,301.00000
45.33523,32.70634,31.07592,22.34831,41.31783,12.21403,12.21403,15.72456,-44.23826,1660.67047,29.91292,8.42198,15.77552,4.49049,4.49049,337.12207,701.00000,301.00000,301.00000
45.16846,32.85022,30.97592,22.33072,41.23905,12.26565,12.26565,15.91348,-44.19177,1683.00119,29.78883,8.49315,15.87393,4.51968,4.51968,314.79135,701.00000,301.00000,301.00000
44.99634,32.98715,30.87551,21.97390,42.32609,12.64682,12.64682,11.41389,-48.82710,1704.97509,30.26489,6.11011,12.55789,3.53107,3.53107,292.81745,701.00000,301.00000,301.00000
44.81668,33.11428,30.77457,21.85902,42.66097,12.81308,12.81308,9.63563,-50.73685,1726.83411,30.34040,5.15111,11.21308,3.12820,3.12820,270.95843,701.00000,301.00000,301.00000
44.63483,33.23856,30.67331,21.84043,42.59193,12.86598,12.86598,9.80731,-50.69687,1748.67454,30.22506,5.22474,11.31672,3.15942,3.15942,249.11800,701.00000,301.00000,301.00000
44.45299,33.36284,30.57185,21.82179,42.52207,12.91858,12.91858,9.98027,-50.65670,1770.49633,30.10922,5.29838,11.42059,3.19088,3.19088,227.29621,701.00000,301.00000,301.00000
44.27114,33.48713,30.47018,21.80309,42.45138,12.97086,12.97086,10.15453,-50.61633,1792.29942,29.99289,5.37200,11.52469,3.22260,3.22260,205.49312,701.00000,301.00000,301.00000
44.08860,33.60972,30.36848,21.64853,42.57337,13.07660,13.07660,9.34485,-51.55926,1813.94795,29.96545,4.93112,10.89949,3.03107,3.03107,183.84459,701.00000,301.00000,301.00000
43.88855,33.68964,30.27076,20.51924,42.98588,13.13098,13.13098,16.77497,-77.76963,1834.46720,28.98261,-8.73655,-8.93888,-3.04604,-3.04604,163.32535,701.00000,301.00000,301.00000
43.67175,33.72854,30.17684,20.51036,42.96395,13.19377,13.19377,16.70285,-77.76422,1854.97756,28.90363,-8.67307,-8.84462,-3.01717,-3.01717,142.81498,701.00000,301.00000,301.00000
43.45496,33.76744,30.08264,20.50147,42.94142,13.25634,13.25634,16.63068,-77.75879,1875.47903,28.82427,-8.60969,-8.75032,-2.98813,-2.98813,122.31351,701.00000,301.00000,301.00000
43.23816,33.80635,29.98815,20.49258,42.91827,13.31869,13.31869,16.55845,-77.75336,1895.97161,28.74453,-8.54643,-8.65596,-2.95893,-2.95893,101.82094,701.00000,301.00000,301.00000
43.02136,33.84525,29.89339,20.48367,42.89451,13.38083,13.38083,16.48618,-77.74792,1916.45528,28.66442,-8.48327,-8.56156,-2.92956,-2.92956,81.33727,701.00000,301.00000,301.00000
42.80457,33.88415,29.79835,20.47475,42.87014,13.44275,13.44275,16.41386,-77.74247,1936.93003,28.58394,-8.42022,-8.46711,-2.90002,-2.90002,60.86251,701.00000,301.00000,301.00000
42.58777,33.92306,29.70304,20.46583,42.84515,13.50445,13.50445,16.34148,-77.73701,1957.39586,28.50309,-8.35729,-8.37261,-2.87031,-2.87031,40.39668,701.00000,301.00000,301.00000
42.37097,33.96196,29.60744,20.45690,42.81956,13.56592,13.56592,16.26905,-77.73154,1977.85276,28.42187,-8.29447,-8.27808,-2.84044,-2.84044,19.93978,701.00000,301.00000,301.00000
42.15418,34.00086,29.51157,20.44796,42.79335,13.62716,13.62716,16.19656,-77.72606,1998.30072,28.34027,-8.23176,-8.18349,-2.81040,-2.81040,-0.50818,701.00000,301.00000,301.00000
41.93738,34.03976,29.41543,20.43901,42.76652,13.68818,13.68818,16.12401,-77.72056,2018.73972,28.25831,-8.16917,-8.08887,-2.78019,-2.78019,-20.94718,701.00000,301.00000,301.00000
41.21512,34.10483,52.27426,22.72102,52.02311,14.10353,0.00000,5.61876,-70.87021,22.72102,52.02311,5.11811,5.11811,-0.99011,0.00000,22.72102,525.00000,0.00000,301.00000
40.98188,34.17157,52.15969,22.70500,51.89485,14.16624,0.00000,5.77618,-70.85612,45.42602,51.89485,5.24949,5.24949,-0.95437,0.00000,45.42602,525.00000,0.00000,301.00000
40.74864,34.23831,52.04457,22.68895,51.76567,14.22865,0.00000,5.93429,-70.84199,68.11497,51.76567,5.38078,5.38078,-0.91841,0.00000,68.11497,525.00000,0.00000,301.00000
40.51540,34.30505,51.92891,22.67287,51.63555,14.29075,0.00000,6.09313,-70.82782,90.78785,51.63555,5.51198,5.51198,-0.88222,0.00000,90.78785,525.00000,0.00000,301.00000
40.28216,34.37180,51.81272,22.65677,51.50450,14.35254,0.00000,6.25269,-70.81360,113.44462,51.50450,5.64310,5.64310,-0.84580,0.00000,113.44462,525.00000,0.00000,301.00000
40.04891,34.43854,51.69600,22.64064,51.37253,14.41401,0.00000,6.41297,-70.79934,136.08526,51.37253,5.77412,5.77412,-0.80917,0.00000,136.08526,525.00000,0.00000,301.00000
39.81567,34.50528,51.57876,22.62449,51.23962,14.47517,0.00000,6.57398,-70.78503,158.70975,51.23962,5.90505,5.90505,-0.77231,0.00000,158.70975,525.00000,0.00000,301.00000
39.58243,34.57202,51.46100,22.60831,51.10580,14.53601,0.00000,6.73574,-70.77068,181.31806,51.10580,6.03587,6.03587,-0.73523,0.00000,181.31806,525.00000,0.00000,301.00000
39.34919,34.63876,51.34271,22.59210,50.97104,14.59654,0.00000,6.89825,-70.75628,203.91016,50.97104,6.16659,6.16659,-0.69792,0.00000,203.91016,525.00000,0.00000,301.00000
39.11595,34.70551,51.22392,22.57587,50.83538,14.65675,0.00000,7.06151,-70.74184,226.48603,50.83538,6.29721,6.29721,-0.66038,0.00000,226.48603,525.00000,0.00000,301.00000
38.88270,34.77225,51.10463,22.55961,50.69879,14.71664,0.00000,7.22554,-70.72736,249.04564,50.69879,6.42771,6.42771,-0.62263,0.00000,249.04564,525.00000,0.00000,301.00000
38.64946,34.83899,50.98483,22.54333,50.56129,14.77621,0.00000,7.39034,-70.71283,271.58897,50.56129,6.55809,6.55809,-0.58466,0.00000,271.58897,525.00000,0.00000,301.00000
38.41622,34.90573,50.86454,22.52702,50.42288,14.83545,0.00000,7.55591,-70.69825,294.11599,50.42288,6.68836,6.68836,-0.54646,0.00000,294.11599,525.00000,0.00000,301.00000
38.17862,34.94198,50.74533,22.05540,49.99175,14.04538,0.00000,9.88648,-88.27157,316.17139,49.99175,-8.71280,-8.71280,-4.97622,0.00000,316.17139,525.00000,0.00000,301.00000
37.93638,34.94512,50.62727,22.11252,49.64964,13.97897,0.00000,11.27804,-89.77672,338.28392,49.64964,-9.90119,-9.90119,-5.31046,0.00000,338.28392,525.00000,0.00000,301.00000
37.69378,34.94565,50.50872,22.11238,49.55265,14.04800,0.00000,11.16573,-89.77672,360.39629,49.55265,-9.78089,-9.78089,-5.27647,0.00000,360.39629,525.00000,0.00000,301.00000
37.45118,34.94619,50.38953,22.11223,49.45476,14.11677,0.00000,11.05335,-89.77672,382.50853,49.45476,-9.66083,-9.66083,-5.24231,0.00000,382.50853,525.00000,0.00000,301.00000
37.20857,34.94672,50.26972,22.11209,49.35599,14.18528,0.00000,10.94089,-89.77672,404.62061,49.35599,-9.54100,-9.54100,-5.20799,0.00000,404.62061,525.00000,0.00000,301.00000
36.96597,34.94725,50.14927,22.11195,49.25634,14.25354,0.00000,10.82835,-89.77671,426.73256,49.25634,-9.42141,-9.42141,-5.17350,0.00000,426.73256,525.00000,0.00000,301.00000
36.72337,34.94779,50.02820,22.11180,49.15580,14.32155,0.00000,10.71572,-89.77671,448.84436,49.15580,-9.30205,-9.30205,-5.13885,0.00000,448.84436,525.00000,0.00000,301.00000
36.48077,34.94832,49.90651,22.11166,49.05439,14.38930,0.00000,10.60301,-89.77671,470.95602,49.05439,-9.18295,-9.18295,-5.10403,0.00000,470.95602,525.00000,0.00000,301.00000
36.23816,34.94854,49.78423,22.11140,48.92264,14.44038,0.00000,10.67504,-89.96130,493.06742,48.92264,-9.22196,-9.22196,-5.11551,0.00000,493.06742,525.00000,0.00000,301.00000
35.99556,34.94769,49.66144,22.11203,48.75135,14.46985,0.00000,10.98587,-90.38403,515.17944,48.75135,-9.46383,-9.46383,-5.18710,0.00000,515.17944,525.00000,0.00000,301.00000
35.75296,34.94612,49.53811,22.11245,48.64856,14.53720,0.00000,10.87441,-90.38403,537.29189,48.64856,-9.34570,-9.34570,-5.15192,0.00000,537.29189,525.00000,0.00000,301.00000
35.51037,34.94455,49.41416,22.11288,48.54489,14.60428,0.00000,10.76287,-90.38402,559.40477,48.54489,-9.22783,-9.22783,-5.11658,0.00000,559.40477,525.00000,0.00000,301.00000
35.26777,34.94297,49.28958,22.11330,48.44034,14.67111,0.00000,10.65126,-90.38402,581.51807,48.44034,-9.11022,-9.11022,-5.08108,0.00000,581.51807,525.00000,0.00000,301.00000
35.02517,34.94140,49.16439,22.11373,48.33493,14.73767,0.00000,10.53955,-90.38401,603.63180,48.33493,-8.99287,-8.99287,-5.04541,0.00000,559.40435,525.00000,0.00000,301.00000
34.78257,34.93982,49.03858,22.11415,48.22865,14.80397,0.00000,10.42777,-90.38400,625.74595,48.22865,-8.87578,-8.87578,-5.00959,0.00000,537.29020,525.00000,0.00000,301.00000
34.53997,34.93825,48.91215,22.11457,48.12150,14.87001,0.00000,10.31589,-90.38400,647.86052,48.12150,-8.75895,-8.75895,-4.97361,0.00000,515.17562,525.00000,0.00000,301.00000
34.29737,34.93668,48.78510,22.11500,48.01349,14.93577,0.00000,10.20393,-90.38399,669.97552,48.01349,-8.64239,-8.64239,-4.93747,0.00000,493.06062,525.00000,0.00000,301.00000
34.05478,34.93510,48.65743,22.11542,47.90461,15.00127,0.00000,10.09186,-90.38399,692.09094,47.90461,-8.52609,-8.52609,-4.90118,0.00000,470.94520,525.00000,0.00000,301.00000
33.81218,34.93353,48.52915,22.11585,47.79486,15.06650,0.00000,9.97970,-90.38398,714.20679,47.79486,-8.41007,-8.41007,-4.86472,0.00000,448.82935,525.00000,0.00000,301.00000
33.56958,34.93195,48.40025,22.11627,47.68426,15.13146,0.00000,9.86744,-90.38397,736.32306,47.68426,-8.29431,-8.29431,-4.82811,0.00000,426.71308,525.00000,0.00000,301.00000
33.32698,34.93038,48.27074,22.11670,47.57280,15.19616,0.00000,9.75507,-90.38397,758.43976,47.57280,-8.17883,-8.17883,-4.79135,0.00000,404.59639,525.00000,0.00000,301.00000
33.08438,34.92881,48.14062,22.11712,47.46048,15.26058,0.00000,9.64259,-90.38396,780.55688,47.46048,-8.06363,-8.06363,-4.75443,0.00000,382.47927,525.00000,0.00000,301.00000
32.84178,34.92723,48.00988,22.11754,47.34730,15.32472,0.00000,9.53000,-90.38396,802.67442,47.34730,-7.94871,-7.94871,-4.71735,0.00000,360.36172,525.00000,0.00000,301.00000
32.59919,34.92566,47.87854,22.11797,47.23328,15.38859,0.00000,9.41728,-90.38395,824.79239,47.23328,-7.83406,-7.83406,-4.68012,0.00000,338.24375,525.00000,0.00000,301.00000
32.35659,34.92408,47.74660,22.11839,47.11840,15.45220,0.00000,9.30445,-90.38394,846.91078,47.11840,-7.71970,-7.71970,-4.64273,0.00000,316.12536,525.00000,0.00000,301.00000
32.11399,34.92251,47.61405,22.11882,47.00268,15.51552,0.00000,9.19150,-90.38394,869.02960,47.00268,-7.60562,-7.60562,-4.60520,0.00000,294.00654,525.00000,0.00000,301.00000
31.87139,34.92094,47.48089,22.11924,46.88611,15.57856,0.00000,9.07841,-90.38393,891.14884,46.88611,-7.49182,-7.49182,-4.56751,0.00000,271.88730,525.00000,0.00000,301.00000
31.62879,34.91936,47.34713,22.11967,46.76870,15.64133,0.00000,8.96520,-90.38393,913.26851,46.76870,-7.37831,-7.37831,-4.52968,0.00000,249.76764,525.00000,0.00000,301.00000
31.38619,34.91779,47.21277,22.12009,46.65044,15.70381,0.00000,8.85184,-90.38392,935.38860,46.65044,-7.26510,-7.26510,-4.49169,0.00000,227.64755,525.00000,0.00000,301.00000
31.14359,34.91621,47.07781,22.12051,46.53135,15.76601,0.00000,8.73835,-90.38391,957.50911,46.53135,-7.15218,-7.15218,-4.45355,0.00000,205.52703,525.00000,0.00000,301.00000
30.90100,34.91464,46.94225,22.12094,46.41142,15.82793,0.00000,8.62471,-90.38391,979.63005,46.41142,-7.03955,-7.03955,-4.41527,0.00000,183.40610,525.00000,0.00000,301.00000
30.65840,34.91307,46.80609,22.12136,46.29065,15.88957,0.00000,8.51093,-90.38390,1001.75141,46.29065,-6.92721,-6.92721,-4.37683,0.00000,161.28473,525.00000,0.00000,301.00000
30.41580,34.91149,46.66935,22.12179,46.16905,15.95092,0.00000,8.39699,-90.38390,1023.87320,46.16905,-6.81518,-6.81518,-4.33826,0.00000,139.16295,525.00000,0.00000,301.00000
30.17320,34.90992,46.53200,22.12221,46.04662,16.01199,0.00000,8.28290,-90.38389,1045.99541,46.04662,-6.70344,-6.70344,-4.29953,0.00000,117.04074,525.00000,0.00000,301.00000
29.93060,34.90834,46.39406,22.12263,45.92335,16.07277,0.00000,8.16864,-90.38388,1068.11804,45.92335,-6.59200,-6.59200,-4.26065,0.00000,94.91810,525.00000,0.00000,301.00000
29.68800,34.90677,46.25553,22.12306,45.79927,16.13327,0.00000,8.05423,-90.38388,1090.24110,45.79927,-6.48088,-6.48088,-4.22163,0.00000,72.79504,525.00000,0.00000,301.00000
29.44541,34.90520,46.11642,22.12348,45.67435,16.19347,0.00000,7.93964,-90.38387,1112.36458,45.67435,-6.37005,-6.37005,-4.18246,0.00000,50.67156,525.00000,0.00000,301.00000
29.20281,34.90362,45.97672,22.12391,45.54862,16.25339,0.00000,7.82488,-90.38387,1134.48849,45.54862,-6.25954,-6.25954,-4.14315,0.00000,28.54765,525.00000,0.00000,301.00000
28.96021,34.90205,45.83643,22.12433,45.42207,16.31301,0.00000,7.70995,-90.38386,1156.61282,45.42207,-6.14933,-6.14933,-4.10370,0.00000,6.42332,525.00000,0.00000,301.00000
25.36397,35.06971,43.67571,20.64621,41.87364,17.22361,0.00000,16.51608,-68.08219,20.64621,41.87364,12.41633,12.41633,3.23337,0.00000,20.64621,307.00000,0.00000,301.00000
25.15341,35.13884,43.54154,20.63113,41.70363,17.25907,0.00000,16.70655,-68.06529,41.27734,41.70363,12.51689,12.51689,3.27487,0.00000,41.27734,307.00000,0.00000,301.00000
24.94286,35.20796,43.40718,20.61603,41.53299,17.29420,0.00000,16.89816,-68.04834,61.89337,41.53299,12.61723,12.61723,3.31652,0.00000,61.89337,307.00000,0.00000,301.00000
24.73231,35.27709,43.27264,20.60091,41.36171,17.32901,0.00000,17.09092,-68.03133,82.49428,41.36171,12.71735,12.71735,3.35834,0.00000,82.49428,307.00000,0.00000,301.00000
24.52175,35.34622,43.13793,20.58576,41.18980,17.36348,0.00000,17.28484,-68.01427,103.08004,41.18980,12.81724,12.81724,3.40032,0.00000,103.08004,307.00000,0.00000,301.00000
24.31120,35.41534,43.00305,20.57059,41.01726,17.39762,0.00000,17.47993,-67.99716,123.65063,41.01726,12.91690,12.91690,3.44246,0.00000,123.65063,307.00000,0.00000,301.00000
24.10065,35.48447,42.86800,20.55539,40.84410,17.43144,0.00000,17.67620,-67.97999,144.20602,40.84410,13.01633,13.01633,3.48476,0.00000,144.20602,307.00000,0.00000,301.00000
23.89009,35.55359,42.73280,20.54017,40.67033,17.46492,0.00000,17.87367,-67.96277,164.74619,40.67033,13.11552,13.11552,3.52723,0.00000,164.74619,307.00000,0.00000,301.00000
23.70060,35.65735,42.60879,21.64746,31.95295,14.66048,0.00000,41.41703,-44.63783,186.39366,31.95295,28.18720,28.18720,10.19370,0.00000,186.39366,307.00000,0.00000,301.00000
23.53711,35.80400,42.49903,22.38161,29.17041,13.74169,0.00000,46.65590,-39.64030,208.77527,29.17041,30.90720,30.90720,11.45751,0.00000,208.77527,307.00000,0.00000,301.00000
23.37862,35.95889,42.39240,22.36379,28.93472,13.75726,0.00000,46.95717,-39.58507,231.13906,28.93472,30.98222,30.98222,11.49301,0.00000,231.13906,307.00000,0.00000,301.00000
23.22014,36.11379,42.28621,22.34592,28.69825,13.77241,0.00000,47.26044,-39.52955,253.48498,28.69825,31.05694,31.05694,11.52871,0.00000,253.48498,307.00000,0.00000,301.00000
23.06165,36.26869,42.18047,22.32801,28.46102,13.78713,0.00000,47.56573,-39.47373,275.81299,28.46102,31.13138,31.13138,11.56461,0.00000,275.81299,307.00000,0.00000,301.00000
22.90316,36.42358,42.07520,22.31005,28.22302,13.80142,0.00000,47.87305,-39.41762,298.12304,28.22302,31.20551,31.20551,11.60069,0.00000,298.12304,307.00000,0.00000,301.00000
22.74468,36.57848,41.97041,22.29205,27.98425,13.81529,0.00000,48.18240,-39.36122,320.41509,27.98425,31.27934,31.27934,11.63696,0.00000,320.41509,307.00000,0.00000,301.00000
22.58619,36.73338,41.86610,22.27400,27.74473,13.82872,0.00000,48.49377,-39.30451,342.68909,27.74473,31.35284,31.35284,11.67342,0.00000,342.68909,307.00000,0.00000,301.00000
22.42777,36.88834,41.76235,22.25996,27.47752,13.83168,0.00000,48.85631,-39.19845,364.94905,27.47752,31.44963,31.44963,11.72190,0.00000,320.42913,307.00000,0.00000,301.00000
22.27136,37.04531,41.66031,22.36377,26.47046,13.55775,0.00000,50.55124,-37.76389,387.31282,26.47046,32.16980,32.16980,12.08753,0.00000,298.06536,307.00000,0.00000,301.00000
22.11688,37.20420,41.55999,22.34616,26.22689,13.56956,0.00000,50.87155,-37.70547,409.65898,26.22689,32.23947,32.23947,12.12339,0.00000,275.71920,307.00000,0.00000,301.00000
21.96240,37.36310,41.46024,22.32850,25.98259,13.58093,0.00000,51.19390,-37.64676,431.98748,25.98259,32.30878,32.30878,12.15943,0.00000,253.39070,307.00000,0.00000,301.00000
21.80793,37.52199,41.36107,22.31081,25.73754,13.59187,0.00000,51.51829,-37.58774,454.29829,25.73754,32.37773,32.37773,12.19566,0.00000,231.07989,307.00000,0.00000,301.00000
21.65345,37.68089,41.26248,22.29307,25.49175,13.60238,0.00000,51.84472,-37.52841,476.59136,25.49175,32.44631,32.44631,12.23207,0.00000,208.78682,307.00000,0.00000,301.00000
21.49897,37.83978,41.16450,22.27529,25.24523,13.61245,0.00000,52.17319,-37.46877,498.86665,25.24523,32.51452,32.51452,12.26866,0.00000,186.51153,307.00000,0.00000,301.00000
21.34449,37.99868,41.06713,22.25748,24.99798,13.62209,0.00000,52.50370,-37.40883,521.12413,24.99798,32.58236,32.58236,12.30542,0.00000,164.25405,307.00000,0.00000,301.00000
21.19002,38.15758,40.97038,22.23962,24.74999,13.63128,0.00000,52.83627,-37.34858,543.36375,24.74999,32.64981,32.64981,12.34237,0.00000,142.01443,307.00000,0.00000,301.00000
21.03554,38.31647,40.87426,22.22173,24.50128,13.64003,0.00000,53.17087,-37.28801,565.58548,24.50128,32.71685,32.71685,12.37950,0.00000,119.79270,307.00000,0.00000,301.00000
20.89607,38.48190,40.78828,21.97720,19.61649,11.85199,0.00000,61.25354,-29.48828,587.56268,19.61649,35.76139,35.76139,14.13874,0.00000,97.81550,307.00000,0.00000,301.00000
20.82826,38.67854,40.74830,24.62997,0.84570,4.07802,0.00000,88.81079,-2.23087,612.19265,0.84570,40.73953,40.73953,18.01185,0.00000,73.18553,307.00000,0.00000,301.00000
20.81720,38.89987,40.74503,24.62986,0.65829,4.12025,0.00000,89.07427,-2.22393,636.82251,0.65829,40.73971,40.73971,18.01284,0.00000,48.55567,307.00000,0.00000,301.00000
20.80614,39.12120,40.74257,24.62974,0.47082,4.16240,0.00000,89.33787,-2.21696,661.45225,0.47082,40.73985,40.73985,18.01384,0.00000,23.92593,307.00000,0.00000,301.00000
20.79507,39.34254,40.74093,24.62962,0.28331,4.20446,0.00000,89.60157,-2.20996,686.08187,0.28331,40.73994,40.73994,18.01486,0.00000,-0.70369,307.00000,0.00000,301.00000
4.73732,38.82094,31.96775,22.23106,31.88308,20.50573,0.00000,4.17094,-83.50555,22.23106,31.88308,2.32509,2.32509,2.34066,0.00000,22.23106,304.00000,0.00000,301.00000
4.48231,38.84327,31.83605,22.22417,31.74432,20.52604,0.00000,4.35046,-83.50351,44.45524,31.74432,2.41499,2.41499,2.39863,0.00000,44.45524,304.00000,0.00000,301.00000
4.22731,38.86561,31.70404,22.21728,31.60496,20.54593,0.00000,4.53093,-83.50148,66.67252,31.60496,2.50453,2.50453,2.45668,0.00000,66.67252,304.00000,0.00000,301.00000
3.97230,38.88795,31.57172,22.21039,31.46500,20.56538,0.00000,4.71236,-83.49944,88.88291,31.46500,2.59373,2.59373,2.51482,0.00000,88.88291,304.00000,0.00000,301.00000
3.71706,38.90178,31.43913,22.11284,31.43913,20.72878,0.00000,0.00238,-88.38420,110.99575,31.43913,-0.00131,-0.00131,0.81127,0.00000,110.99575,304.00000,0.00000,301.00000
3.46141,38.89989,31.30623,22.16099,31.22978,20.76080,0.00000,4.00504,-92.53877,133.15673,31.22978,-2.18656,-2.18656,-0.63546,0.00000,133.15673,304.00000,0.00000,301.00000
3.20559,38.89078,31.17297,22.16382,31.10222,20.78818,0.00000,3.86089,-92.53845,155.32056,31.10222,-2.09901,-2.09901,-0.57710,0.00000,155.32056,304.00000,0.00000,301.00000
2.94978,38.88168,31.03928,22.16666,30.97402,20.81515,0.00000,3.71626,-92.53813,177.48722,30.97402,-2.01182,-2.01182,-0.51867,0.00000,177.48722,304.00000,0.00000,301.00000
2.69401,38.87478,30.90519,22.14308,30.88038,20.84678,0.00000,2.29592,-91.26534,199.63030,30.88038,-1.23808,-1.23808,0.00249,0.00000,199.63030,304.00000,0.00000,301.00000
2.43860,38.88279,30.77074,22.20419,30.64594,20.69522,0.00000,5.16213,-83.97407,221.83449,30.64594,2.76858,2.76858,2.70774,0.00000,221.83449,304.00000,0.00000,301.00000
2.18346,38.90347,30.63599,22.19779,30.50267,20.71220,0.00000,5.34718,-83.97232,244.03228,30.50267,2.85498,2.85498,2.76624,0.00000,244.03228,304.00000,0.00000,301.00000
1.92831,38.92416,30.50096,22.19139,30.35884,20.72875,0.00000,5.53327,-83.97056,266.22367,30.35884,2.94102,2.94102,2.82482,0.00000,266.22367,304.00000,0.00000,301.00000
1.67317,38.94484,30.36564,22.18499,30.21442,20.74487,0.00000,5.72043,-83.96880,288.40867,30.21442,3.02668,3.02668,2.88348,0.00000,288.40867,304.00000,0.00000,301.00000
1.41802,38.96553,30.23004,22.17859,30.06943,20.76057,0.00000,5.90869,-83.96704,310.58725,30.06943,3.11198,3.11198,2.94221,0.00000,310.58725,304.00000,0.00000,301.00000
1.16291,38.98663,30.09418,22.17592,29.91024,20.76312,0.00000,6.33796,-83.72591,332.76318,29.91024,3.32218,3.32218,3.08773,0.00000,288.41133,304.00000,0.00000,301.00000
0.90784,39.00816,29.95807,22.16936,29.76339,20.77738,0.00000,6.53554,-83.71811,354.93253,29.76339,3.40981,3.40981,3.14873,0.00000,266.24197,304.00000,0.00000,301.00000
0.65276,39.02970,29.82170,22.16268,29.61631,20.79154,0.00000,6.72840,-83.71619,377.09521,29.61631,3.49400,3.49400,3.20767,0.00000,244.07929,304.00000,0.00000,301.00000
0.39769,39.05123,29.68507,22.15601,29.46867,20.80527,0.00000,6.92243,-83.71428,399.25122,29.46867,3.57781,3.57781,3.26667,0.00000,221.92329,304.00000,0.00000,301.00000
0.14262,39.07277,29.54817,22.14933,29.32047,20.81856,0.00000,7.11766,-83.71236,421.40055,29.32047,3.66123,3.66123,3.32574,0.00000,199.77396,304.00000,0.00000,301.00000
-0.11246,39.09431,29.41103,22.14264,29.17171,20.83143,0.00000,7.31410,-83.71045,443.54319,29.17171,3.74428,3.74428,3.38487,0.00000,177.63131,304.00000,0.00000,301.00000
-0.36694,39.11957,29.27402,22.13885,28.85759,20.69933,0.00000,9.67578,-81.54958,465.68204,28.85759,4.92016,4.92016,4.22643,0.00000,155.49246,304.00000,0.00000,301.00000
-0.61847,39.16327,29.13873,22.44753,27.65671,19.85524,0.00000,18.35213,-73.09982,488.12958,27.65671,9.17451,9.17451,7.27928,0.00000,133.04493,304.00000,0.00000,301.00000
-0.86770,39.22169,29.00488,22.43044,27.48814,19.85540,0.00000,18.61098,-73.08652,510.56002,27.48814,9.25665,9.25665,7.33843,0.00000,110.61449,304.00000,0.00000,301.00000
-1.11692,39.28011,28.87103,22.41333,27.31905,19.85509,0.00000,18.87183,-73.07319,532.97334,27.31905,9.33840,9.33840,7.39767,0.00000,88.20116,304.00000,0.00000,301.00000
-1.36615,39.33853,28.73716,22.39620,27.14945,19.85431,0.00000,19.13470,-73.05982,555.36954,27.14945,9.41976,9.41976,7.45698,0.00000,65.80497,304.00000,0.00000,301.00000
-1.61537,39.39695,28.60330,22.37904,26.97935,19.85306,0.00000,19.39960,-73.04641,577.74858,26.97935,9.50072,9.50072,7.51637,0.00000,43.42592,304.00000,0.00000,301.00000
-1.86460,39.45537,28.46944,22.36187,26.80873,19.85134,0.00000,19.66658,-73.03296,600.11045,26.80873,9.58127,9.58127,7.57584,0.00000,21.06405,304.00000,0.00000,301.00000
-2.11383,39.51380,28.33559,22.34468,26.63761,19.84916,0.00000,19.93566,-73.01948,622.45513,26.63761,9.66144,9.66144,7.63538,0.00000,-1.28063,304.00000,0.00000,301.00000
128.08992,35.13362,181.75914,22.84657,161.79604,-7.25141,-7.25141,35.67223,-168.25178,22.84657,147.65499,-105.99240,-43.02946,15.23315,15.23315,22.84657,926.00000,648.00000,301.00000
128.03883,34.93245,181.39772,22.84890,161.42981,-7.21569,-7.21569,35.69669,-168.22374,45.69547,147.31621,-105.84454,-42.86743,15.22589,15.22589,45.69547,926.00000,648.00000,301.00000
127.98774,34.73128,181.03483,22.85122,161.06109,-7.17978,-7.17978,35.72202,-168.19585,68.54669,146.97479,-105.69777,-42.70660,15.21872,15.21872,68.54669,926.00000,648.00000,301.00000
127.94179,34.52943,180.67632,22.82815,158.77462,-6.50274,-6.50274,38.14200,-170.55957,91.37484,142.09876,-111.58798,-49.22362,15.49751,15.49751,91.37484,926.00000,648.00000,301.00000
127.91999,34.32439,180.34413,23.07864,148.99223,-4.01129,-4.01129,47.01374,-179.35747,114.45348,122.96278,-131.92483,-72.83700,16.30422,16.30422,114.45348,926.00000,648.00000,301.00000
127.91718,34.11686,180.03301,23.07864,148.57463,-3.96036,-3.96036,47.11690,-179.35589,137.53212,122.51331,-131.91805,-72.82878,16.30400,16.30400,137.53212,926.00000,648.00000,301.00000
127.91436,33.90932,179.72140,23.07865,148.15506,-3.90937,-3.90937,47.22083,-179.35432,160.61077,122.06221,-131.91133,-72.82063,16.30378,16.30378,160.61077,926.00000,648.00000,301.00000
127.91155,33.70178,179.40931,23.07866,147.73352,-3.85833,-3.85833,47.32551,-179.35276,183.68943,121.60945,-131.90467,-72.81254,16.30356,16.30356,183.68943,926.00000,648.00000,301.00000
127.89188,33.49587,179.07590,22.96583,155.85429,-5.99274,-5.99274,39.59321,-171.52101,206.65526,137.99387,-114.13094,-52.02739,15.62912,15.62912,206.65526,926.00000,648.00000,301.00000
127.85515,33.29161,178.72040,22.96864,155.57094,-5.98436,-5.98436,39.52796,-171.38182,229.62390,137.84957,-113.74743,-51.59441,15.61247,15.61247,229.62390,926.00000,648.00000,301.00000
127.81817,33.08737,178.36346,22.96984,155.17747,-5.94338,-5.94338,39.58253,-171.36209,252.59374,137.46607,-113.65123,-51.48583,15.60830,15.60830,252.59374,926.00000,648.00000,301.00000
127.78118,32.88314,178.00540,22.97104,154.78170,-5.90226,-5.90226,39.63799,-171.34246,275.56478,137.08025,-113.55583,-51.37812,15.60419,15.60419,275.56478,926.00000,648.00000,301.00000
127.73585,32.68092,177.63740,22.82093,157.61963,-6.94807,-6.94807,35.64054,-167.27363,298.38571,144.36391,-103.50897,-40.22617,15.14546,15.14546,298.38571,926.00000,648.00000,301.00000
127.67879,32.48154,177.25563,22.79530,158.32436,-7.34808,-7.34808,34.00508,-165.58139,321.18101,146.94279,-99.13310,-35.48021,14.93071,14.93071,321.18101,926.00000,648.00000,301.00000
127.61835,32.28298,176.86875,22.79841,157.92882,-7.31258,-7.31258,34.02683,-165.55111,343.97942,146.58451,-98.97240,-35.30706,14.92269,14.92269,343.97942,926.00000,648.00000,301.00000
127.55472,32.08566,176.47761,22.69303,158.47368,-7.70130,-7.70130,32.40580,-163.87931,366.67245,148.99541,-94.57651,-30.60149,14.69940,14.69940,366.67245,926.00000,648.00000,301.00000
127.47627,31.89413,176.07205,22.46457,160.41398,-9.18739,-9.18739,26.30079,-157.73561,389.13701,157.84512,-78.01464,-13.38936,13.78783,13.78783,389.13701,926.00000,648.00000,301.00000
127.38621,31.70713,175.65452,22.47109,160.00037,-9.15719,-9.15719,26.27988,-157.69509,411.60810,157.49921,-77.77217,-13.14299,13.77373,13.77373,411.60810,926.00000,648.00000,301.00000
127.29614,31.52013,175.23503,22.47759,159.58415,-9.12672,-9.12672,26.25988,-157.65480,434.08569,157.15016,-77.53157,-12.89861,13.75974,13.75974,434.08569,926.00000,648.00000,301.00000
127.20608,31.33313,174.81361,22.48407,159.16534,-9.09599,-9.09599,26.24078,-157.61475,456.56976,156.79800,-77.29284,-12.65624,13.74589,13.74589,456.56976,926.00000,648.00000,301.00000
127.11601,31.14614,174.39024,22.49052,158.74395,-9.06498,-9.06498,26.22259,-157.57494,479.06029,156.44274,-77.05599,-12.41586,13.73216,13.73216,479.06029,926.00000,648.00000,301.00000
127.02595,30.95914,173.96494,22.49696,158.31999,-9.03370,-9.03370,26.20532,-157.53537,501.55724,156.08437,-76.82102,-12.17747,13.71855,13.71855,501.55724,926.00000,648.00000,301.00000
126.93646,30.77187,173.53814,22.51807,157.82495,-8.92631,-8.92631,26.50587,-157.81252,524.07532,155.29732,-77.44824,-12.81429,13.75473,13.75473,524.07532,926.00000,648.00000,301.00000
126.84651,30.58485,173.10914,22.49123,157.51611,-9.03278,-9.03278,25.91242,-157.19476,546.56654,155.70527,-75.64814,-10.98907,13.65078,13.65078,546.56654,926.00000,648.00000,301.00000
126.75098,30.40068,172.67410,22.38197,157.40912,-9.60347,-9.60347,23.32288,-154.58545,568.94851,158.56461,-68.36380,-3.68954,13.21882,13.21882,568.94851,926.00000,648.00000,301.00000
126.65092,30.21884,172.23370,22.38961,156.96667,-9.57250,-9.57250,23.29422,-154.54439,591.33813,158.19428,-68.11031,-3.43797,13.20347,13.20347,546.55890,926.00000,648.00000,301.00000
126.55086,30.03699,171.79125,22.39723,156.52170,-9.54125,-9.54125,23.26646,-154.50357,613.73536,157.82081,-67.85888,-3.18854,13.18826,13.18826,524.16167,926.00000,648.00000,301.00000
126.45080,29.85515,171.34677,22.40482,156.07422,-9.50971,-9.50971,23.23959,-154.46301,636.14018,157.44419,-67.60949,-2.94126,13.17319,13.17319,501.75685,926.00000,648.00000,301.00000
126.35073,29.67330,170.90027,22.41237,155.62424,-9.47790,-9.47790,23.21363,-154.42271,658.55255,157.06446,-67.36214,-2.69613,13.15826,13.15826,479.34447,926.00000,648.00000,301.00000
126.25067,29.49146,170.45175,22.41990,155.17177,-9.44581,-9.44581,23.18858,-154.38265,680.97245,156.68161,-67.11685,-2.45314,13.14346,13.14346,456.92457,926.00000,648.00000,301.00000
126.15061,29.30961,170.00120,22.42739,154.71683,-9.41345,-9.41345,23.16443,-154.34285,703.39984,156.29566,-66.87359,-2.21228,13.12881,13.12881,434.49718,926.00000,648.00000,301.00000
126.05055,29.12777,169.54865,22.43486,154.25942,-9.38080,-9.38080,23.14121,-154.30329,725.83470,155.90661,-66.63238,-1.97356,13.11429,13.11429,412.06232,926.00000,648.00000,301.00000
125.95049,28.94592,169.09409,22.44229,153.79957,-9.34787,-9.34787,23.11891,-154.26399,748.27699,155.51448,-66.39320,-1.73697,13.09991,13.09991,389.62004,926.00000,648.00000,301.00000
125.85043,28.76408,168.63753,22.44969,153.33728,-9.31467,-9.31467,23.09753,-154.22495,770.72667,155.11928,-66.15607,-1.50251,13.08566,13.08566,367.17035,926.00000,648.00000,301.00000
125.75036,28.58223,168.17898,22.45705,152.87255,-9.28119,-9.28119,23.07708,-154.18615,793.18372,154.72102,-65.92098,-1.27017,13.07154,13.07154,344.71330,926.00000,648.00000,301.00000
125.62790,28.41749,167.70953,21.68580,147.50428,-12.30589,-12.30589,8.06939,-139.18131,814.86952,166.04901,-23.54176,38.41477,10.21957,10.21957,323.02750,926.00000,648.00000,301.00000
125.48098,28.27140,167.22810,21.70438,145.97402,-12.52201,-12.52201,6.56397,-137.72368,836.57390,166.13190,-19.11624,42.32466,9.88879,9.88879,301.32312,926.00000,648.00000,301.00000
125.33199,28.12690,166.74355,21.71766,145.43663,-12.48883,-12.48883,6.47400,-137.68528,858.29156,165.68025,-18.80072,42.60177,9.86501,9.86501,279.60547,926.00000,648.00000,301.00000
125.18300,27.98239,166.25670,21.73088,144.89716,-12.45533,-12.45533,6.38447,-137.64711,880.02244,165.22559,-18.48767,42.87643,9.84141,9.84141,257.87459,926.00000,648.00000,301.00000
125.03401,27.83789,165.76756,21.74405,144.35563,-12.42152,-12.42152,6.29538,-137.60917,901.76649,164.76794,-18.17710,43.14866,9.81800,9.81800,236.13053,926.00000,648.00000,301.00000
124.88017,27.69993,165.27895,21.39132,139.94103,-13.12197,-13.12197,1.67440,-133.04593,923.15781,165.20838,-4.82940,54.64859,8.78476,8.78476,214.73922,926.00000,648.00000,301.00000
124.70999,27.58406,164.79769,21.09860,126.17428,-14.53030,-14.53030,9.56397,-121.89275,944.25641,162.50712,27.38092,80.80435,6.06690,6.06690,193.64062,926.00000,648.00000,301.00000
124.52832,27.48369,164.32117,21.11248,125.57074,-14.49041,-14.49041,9.69960,-121.86941,965.36889,161.97215,27.68523,81.04044,6.03968,6.03968,172.52813,926.00000,648.00000,301.00000
124.34664,27.38332,163.84279,21.12633,124.96565,-14.45024,-14.45024,9.83543,-121.84618,986.49522,161.43470,27.98743,81.27455,6.01264,6.01264,151.40181,926.00000,648.00000,301.00000
124.16496,27.28296,163.36253,21.14012,124.35900,-14.40979,-14.40979,9.97148,-121.82305,1007.63534,160.89479,28.28752,81.50666,5.98577,5.98577,130.26168,926.00000,648.00000,301.00000
123.98329,27.18259,162.88042,21.15388,123.75082,-14.36904,-14.36904,10.10775,-121.80004,1028.78922,160.35243,28.58549,81.73680,5.95908,5.95908,109.10780,926.00000,648.00000,301.00000
123.80161,27.08222,162.39646,21.16759,123.14111,-14.32802,-14.32802,10.24425,-121.77714,1049.95681,159.80762,28.88137,81.96497,5.93255,5.93255,87.94021,926.00000,648.00000,301.00000
123.61993,26.98186,161.91066,21.18126,122.52989,-14.28673,-14.28673,10.38099,-121.75434,1071.13807,159.26039,29.17514,82.19116,5.90621,5.90621,66.75895,926.00000,648.00000,301.00000
123.43825,26.88149,161.42303,21.19488,121.91716,-14.24515,-14.24515,10.51798,-121.73165,1092.33295,158.71074,29.46682,82.41540,5.88004,5.88004,45.56407,926.00000,648.00000,301.00000
123.25658,26.78113,160.93357,21.20846,121.30294,-14.20328,-14.20328,10.65522,-121.70908,1113.54142,158.15869,29.75640,82.63767,5.85404,5.85404,24.35561,926.00000,648.00000,301.00000
123.06933,26.69374,160.45570,20.86853,107.34539,-14.85872,-14.85872,19.17287,-113.31858,1134.40994,151.55554,52.69676,99.57348,3.70144,3.70144,3.48708,926.00000,648.00000,301.00000
171.31534,71.05150,218.16158,14.91914,197.25553,-15.29266,-15.29266,26.66241,-127.92609,14.91914,194.96358,-97.89625,-35.91680,15.30376,15.30376,14.91914,926.00000,44101.00000,409.00000
170.99143,70.96393,218.21968,15.56675,195.24673,-14.48656,-14.48656,29.56127,-131.14073,30.48590,189.81373,-107.65955,-45.87611,16.05938,16.05938,30.48590,926.00000,44101.00000,409.00000
170.67025,70.86687,218.27772,16.24252,193.08540,-13.74836,-13.74836,32.09711,-133.99053,46.72842,184.91368,-115.98315,-54.50191,16.68655,16.68655,46.72842,926.00000,44101.00000,409.00000
170.35044,70.76514,218.33543,16.28537,193.57443,-13.86729,-13.86729,31.63952,-133.84450,63.01378,185.88321,-114.53293,-52.98966,16.57855,16.57855,63.01378,926.00000,44101.00000,409.00000
170.03062,70.66341,218.39255,16.32829,194.04959,-13.98496,-13.98496,31.18324,-133.69934,79.34208,186.83827,-113.07859,-51.47716,16.46987,16.46987,79.34208,926.00000,44101.00000,409.00000
169.71081,70.56168,218.44904,16.37130,194.51094,-14.10135,-14.10135,30.72826,-133.55502,95.71338,187.77887,-111.62024,-49.96453,16.36053,16.36053,95.71338,926.00000,44101.00000,409.00000
169.39099,70.45995,218.50487,16.41438,194.95850,-14.21648,-14.21648,30.27458,-133.41156,112.12776,188.70503,-110.15804,-48.45189,16.25055,16.25055,112.12776,926.00000,44101.00000,409.00000
169.07118,70.35822,218.56003,16.45754,195.39233,-14.33033,-14.33033,29.82219,-133.26893,128.58529,189.61675,-108.69210,-46.93934,16.13993,16.13993,128.58529,926.00000,44101.00000,409.00000
168.75136,70.25649,218.61448,16.50077,195.81248,-14.44291,-14.44291,29.37109,-133.12715,145.08606,190.51407,-107.22256,-45.42700,16.02870,16.02870,145.08606,926.00000,44101.00000,409.00000
168.43155,70.15476,218.66819,16.54407,196.21898,-14.55421,-14.55421,28.92127,-132.98619,161.63013,191.39699,-105.74956,-43.91496,15.91685,15.91685,161.63013,926.00000,44101.00000,409.00000
168.11174,70.05303,218.72116,16.58744,196.61189,-14.66424,-14.66424,28.47273,-132.84607,178.21757,192.26555,-104.27321,-42.40333,15.80442,15.80442,178.21757,926.00000,44101.00000,409.00000
167.79237,69.95020,218.77338,16.77255,196.48462,-14.58284,-14.58284,28.71555,-133.39698,194.99012,191.86771,-105.11220,-43.26189,15.86830,15.86830,194.99012,926.00000,44101.00000,409.00000
167.48443,69.81978,218.82599,20.82970,181.71017,-10.61019,-10.61019,41.75312,-146.74411,215.81982,163.24881,-145.72111,-86.50998,18.74944,18.74944,215.81982,926.00000,44101.00000,409.00000
167.18776,69.66289,218.87913,20.87612,182.48951,-10.74913,-10.74913,41.26768,-146.54944,236.69594,164.51750,-144.36781,-85.00625,18.66125,18.66125,236.69594,926.00000,44101.00000,409.00000
166.89110,69.50599,218.93144,20.92274,183.25263,-10.88676,-10.88676,40.78398,-146.35584,257.61868,165.77001,-143.00797,-83.50044,18.57218,18.57218,257.61868,926.00000,44101.00000,409.00000
166.59443,69.34909,218.98290,20.96954,183.99959,-11.02306,-11.02306,40.30202,-146.16329,278.58822,167.00633,-141.64179,-81.99272,18.48223,18.48223,278.58822,926.00000,44101.00000,409.00000
166.29776,69.19220,219.03345,21.01653,184.73041,-11.15803,-11.15803,39.82180,-145.97181,299.60475,168.22643,-140.26946,-80.48327,18.39142,18.39142,299.60475,926.00000,44101.00000,409.00000
166.00109,69.03530,219.08306,21.06371,185.44512,-11.29167,-11.29167,39.34332,-145.78138,320.66846,169.43032,-138.89117,-78.97223,18.29979,18.29979,320.66846,926.00000,44101.00000,409.00000
165.70442,68.87840,219.13168,21.11107,186.14378,-11.42396,-11.42396,38.86658,-145.59200,341.77953,170.61798,-137.50710,-77.45979,18.20733,18.20733,341.77953,926.00000,44101.00000,409.00000
165.40775,68.72151,219.17928,21.15861,186.82641,-11.55491,-11.55491,38.39157,-145.40368,362.93814,171.78941,-136.11743,-75.94608,18.11407,18.11407,362.93814,926.00000,44101.00000,409.00000
165.11108,68.56461,219.22580,21.20632,187.49307,-11.68452,-11.68452,37.91829,-145.21640,384.14447,172.94461,-134.72237,-74.43129,18.02002,18.02002,384.14447,926.00000,44101.00000,409.00000
164.81442,68.40771,219.27122,21.25421,188.14379,-11.81277,-11.81277,37.44673,-145.03017,405.39868,174.08358,-133.32207,-72.91556,17.92521,17.92521,405.39868,926.00000,44101.00000,409.00000
164.51775,68.25082,219.31547,21.30227,188.77862,-11.93967,-11.93967,36.97690,-144.84498,426.70095,175.20631,-131.91673,-71.39905,17.82965,17.82965,426.70095,926.00000,44101.00000,409.00000
164.22108,68.09392,219.35853,21.35050,189.39760,-12.06521,-12.06521,36.50880,-144.66083,448.05146,176.31282,-130.50653,-69.88191,17.73334,17.73334,448.05146,926.00000,44101.00000,409.00000
163.94472,67.90772,219.40075,26.23925,172.86235,-8.48284,-8.48284,47.37624,-155.81364,474.29071,148.57405,-161.43866,-104.37242,19.68992,19.68992,474.29071,926.00000,44101.00000,409.00000
163.69178,67.68803,219.44242,27.04286,171.32733,-8.16306,-8.16306,48.22880,-156.91531,501.33356,146.18325,-163.66257,-106.96930,19.81552,19.81552,501.33356,926.00000,44101.00000,409.00000
163.44181,67.46411,219.48286,27.08220,172.17662,-8.28819,-8.28819,47.79039,-156.71989,528.41577,147.45843,-162.56917,-105.69024,19.75426,19.75426,528.41577,926.00000,44101.00000,409.00000
163.19183,67.24019,219.52189,27.12180,173.01103,-8.41225,-8.41225,47.35381,-156.52535,555.53757,148.71932,-161.46958,-104.40871,19.69225,19.69225,555.53757,926.00000,44101.00000,409.00000
162.94186,67.01627,219.55948,27.16164,173.83056,-8.53523,-8.53523,46.91908,-156.33171,582.69921,149.96585,-160.36399,-103.12486,19.62952,19.62952,582.69921,926.00000,44101.00000,409.00000
162.69227,66.79192,219.59556,27.27492,174.37624,-8.60740,-8.60740,46.63160,-156.28438,609.97413,150.79336,-159.63575,-102.28172,19.58801,19.58801,609.97413,926.00000,44101.00000,409.00000
162.44443,66.56566,219.63006,27.57202,174.26688,-8.55465,-8.55465,46.70867,-156.60004,637.54615,150.60215,-159.86356,-102.54525,19.60098,19.60098,637.54615,926.00000,44101.00000,409.00000
162.19794,66.33789,219.66295,27.61165,175.04989,-8.67343,-8.67343,46.28329,-156.40986,665.15780,151.80758,-158.76483,-101.27610,19.53839,19.53839,665.15780,926.00000,44101.00000,409.00000
161.94691,66.11663,219.69412,26.50947,179.30805,-9.48790,-9.48790,43.79433,-154.15481,691.66727,158.58152,-152.04409,-93.60331,19.14516,19.14516,691.66727,926.00000,44101.00000,409.00000
161.67028,65.93191,219.72315,21.87025,195.49549,-13.43292,-13.43292,31.12743,-141.72756,713.53752,188.08734,-113.58439,-52.02237,16.60256,16.60256,669.79702,926.00000,44101.00000,409.00000
161.37246,65.77721,219.74989,21.92073,195.91503,-13.54086,-13.54086,30.68375,-141.55998,735.45826,188.98426,-112.13815,-50.52113,16.49911,16.49911,647.87629,926.00000,44101.00000,409.00000
161.07464,65.62251,219.77489,21.97134,196.31966,-13.64744,-13.64744,30.24171,-141.39338,757.42959,189.86537,-110.68939,-49.02119,16.39514,16.39514,625.90495,926.00000,44101.00000,409.00000
160.77682,65.46781,219.79810,22.02207,196.70945,-13.75263,-13.75263,29.80131,-141.22775,779.45166,190.73070,-109.23828,-47.52268,16.29067,16.29067,603.88289,926.00000,44101.00000,409.00000
160.47900,65.31311,219.81948,22.07292,197.08446,-13.85646,-13.85646,29.36254,-141.06309,801.52458,191.58028,-107.78498,-46.02572,16.18572,16.18572,581.80997,926.00000,44101.00000,409.00000
160.18118,65.15841,219.83900,22.12388,197.44474,-13.95891,-13.95891,28.92540,-140.89938,823.64846,192.41413,-106.32962,-44.53043,16.08030,16.08030,559.68609,926.00000,44101.00000,409.00000
159.88336,65.00371,219.85660,22.17497,197.79036,-14.05997,-14.05997,28.48988,-140.73664,845.82343,193.23227,-104.87236,-43.03694,15.97442,15.97442,537.51112,926.00000,44101.00000,409.00000
159.58553,64.84901,219.87225,22.22617,198.12138,-14.15966,-14.15966,28.05597,-140.57486,868.04959,194.03476,-103.41335,-41.54536,15.86810,15.86810,515.28495,926.00000,44101.00000,409.00000
159.28771,64.69431,219.88591,22.27748,198.43786,-14.25797,-14.25797,27.62366,-140.41402,890.32707,194.82160,-101.95273,-40.05581,15.76136,15.76136,493.00748,926.00000,44101.00000,409.00000
158.98989,64.53961,219.89754,22.32890,198.73987,-14.35490,-14.35490,27.19295,-140.25413,912.65597,195.59284,-100.49065,-38.56841,15.65421,15.65421,470.67858,926.00000,44101.00000,409.00000
158.69207,64.38491,219.90711,22.38042,199.02747,-14.45046,-14.45046,26.76384,-140.09518,935.03639,196.34851,-99.02726,-37.08327,15.54665,15.54665,448.29816,926.00000,44101.00000,409.00000
158.39425,64.23021,219.91456,22.43205,199.30073,-14.54463,-14.54463,26.33630,-139.93717,957.46844,197.08864,-97.56269,-35.60049,15.43872,15.43872,425.86611,926.00000,44101.00000,409.00000
158.09643,64.07551,219.91985,22.48379,199.55971,-14.63743,-14.63743,25.91034,-139.78009,979.95223,197.81327,-96.09709,-34.12019,15.33042,15.33042,403.38232,926.00000,44101.00000,409.00000
157.80342,63.91241,219.92294,23.70889,197.21196,-13.69068,-13.69068,29.27313,-143.41116,1003.66112,191.83849,-107.53647,-45.76862,16.16209,16.16209,379.67343,926.00000,44101.00000,409.00000
157.51787,63.73642,219.92376,24.42513,195.98171,-13.25279,-13.25279,30.72720,-145.12414,1028.08625,189.04861,-112.37030,-50.75864,16.50403,16.50403,355.24830,926.00000,44101.00000,409.00000
157.23493,63.55594,219.92223,24.47586,196.34410,-13.35077,-13.35077,30.30309,-144.95353,1052.56210,189.87389,-110.96708,-49.30579,16.40551,16.40551,330.77244,926.00000,44101.00000,409.00000
156.95199,63.37545,219.91826,24.52672,196.69167,-13.44739,-13.44739,29.88071,-144.78389,1077.08882,190.68332,-109.56237,-47.85501,16.30660,16.30660,306.24572,926.00000,44101.00000,409.00000
156.66905,63.19497,219.91181,24.57772,197.02447,-13.54264,-13.54264,29.46006,-144.61522,1101.66654,191.47694,-108.15630,-46.40643,16.20729,16.20729,281.66801,926.00000,44101.00000,409.00000
156.38612,63.01448,219.90283,24.62885,197.34256,-13.63651,-13.63651,29.04113,-144.44752,1126.29538,192.25477,-106.74904,-44.96017,16.10761,16.10761,257.03916,926.00000,44101.00000,409.00000
156.10318,62.83399,219.89127,24.68010,197.64600,-13.72901,-13.72901,28.62392,-144.28078,1150.97549,193.01684,-105.34074,-43.51635,16.00758,16.00758,232.35906,926.00000,44101.00000,409.00000
155.82024,62.65351,219.87710,24.73148,197.93486,-13.82014,-13.82014,28.20841,-144.11501,1175.70697,193.76318,-103.93154,-42.07508,15.90721,15.90721,207.62758,926.00000,44101.00000,409.00000
155.53730,62.47302,219.86025,24.78299,198.20922,-13.90990,-13.90990,27.79461,-143.95020,1200.48996,194.49384,-102.52160,-40.63649,15.80651,15.80651,182.84459,926.00000,44101.00000,409.00000
155.25436,62.29254,219.84070,24.83461,198.46913,-13.99829,-13.99829,27.38251,-143.78635,1225.32457,195.20884,-101.11105,-39.20070,15.70550,15.70550,158.00998,926.00000,44101.00000,409.00000
154.97142,62.11205,219.81840,24.88635,198.71465,-14.08531,-14.08531,26.97209,-143.62344,1250.21093,195.90822,-99.70004,-37.76780,15.60418,15.60418,133.12362,926.00000,44101.00000,409.00000
154.68848,61.93157,219.79329,24.93821,198.94587,-14.17095,-14.17095,26.56335,-143.46149,1275.14914,196.59201,-98.28872,-36.33793,15.50258,15.50258,108.18541,926.00000,44101.00000,409.00000
154.40554,61.75108,219.76534,24.99018,199.16284,-14.25522,-14.25522,26.15629,-143.30048,1300.13931,197.26025,-96.87723,-34.91118,15.40071,15.40071,83.19524,926.00000,44101.00000,409.00000
154.12260,61.57059,219.73450,25.04225,199.36563,-14.33812,-14.33812,25.75089,-143.14042,1325.18156,197.91299,-95.46570,-33.48767,15.29857,15.29857,58.15298,926.00000,44101.00000,409.00000
153.83966,61.39011,219.70073,25.09443,199.55432,-14.41966,-14.41966,25.34716,-142.98129,1350.27600,198.55026,-94.05428,-32.06751,15.19619,15.19619,33.05855,926.00000,44101.00000,409.00000
153.55672,61.20962,219.66399,25.14672,199.72897,-14.49982,-14.49982,24.94507,-142.82310,1375.42272,199.17210,-92.64310,-30.65079,15.09358,15.09358,7.91183,926.00000,44101.00000,409.00000
153.27379,61.02914,219.62423,25.19910,199.88965,-14.57861,-14.57861,24.54462,-142.66585,1400.62182,199.77855,-91.23230,-29.23762,14.99075,14.99075,-17.28727,926.00000,44101.00000,409.00000
148.22837,58.54911,218.53876,21.75310,197.85560,-18.05894,-18.05894,6.47292,-128.88531,21.75310,217.14563,-24.63667,34.29863,9.76687,9.76687,21.75310,926.00000,44101.00000,301.00000
147.93703,58.42597,218.45377,21.79926,197.55521,-18.09004,-18.09004,6.12881,-128.78728,43.55236,217.20518,-23.32299,35.49454,9.65754,9.65754,43.55236,926.00000,44101.00000,301.00000
147.64569,58.30283,218.36602,21.84542,197.24564,-18.12006,-18.12006,5.78550,-128.68978,65.39778,217.25372,-22.01229,36.68559,9.54830,9.54830,65.39778,926.00000,44101.00000,301.00000
147.35435,58.17969,218.27548,21.89158,196.92695,-18.14901,-18.14901,5.44300,-128.59283,87.28935,217.29129,-20.70463,37.87176,9.43916,9.43916,87.28935,926.00000,44101.00000,301.00000
147.06301,58.05655,218.18214,21.93774,196.59920,-18.17689,-18.17689,5.10130,-128.49642,109.22709,217.31794,-19.40007,39.05300,9.33012,9.33012,109.22709,926.00000,44101.00000,301.00000
146.77167,57.93341,218.08599,21.98390,196.26242,-18.20370,-18.20370,4.76037,-128.40054,131.21099,217.33371,-18.09866,40.22929,9.22119,9.22119,131.21099,926.00000,44101.00000,301.00000
146.48033,57.81027,217.98701,22.03006,195.91669,-18.22944,-18.22944,4.42022,-128.30520,153.24104,217.33863,-16.80046,41.40057,9.11238,9.11238,153.24104,926.00000,44101.00000,301.00000
146.18899,57.68713,217.88517,22.07621,195.56204,-18.25411,-18.25411,4.08084,-128.21038,175.31726,217.33276,-15.50554,42.56682,9.00369,9.00369,175.31726,926.00000,44101.00000,301.00000
145.89765,57.56399,217.78048,22.12237,195.19854,-18.27772,-18.27772,3.74220,-128.11609,197.43963,217.31613,-14.21394,43.72800,8.89513,8.89513,197.43963,926.00000,44101.00000,301.00000
145.60631,57.44085,217.67291,22.16852,194.82624,-18.30028,-18.30028,3.40431,-128.02232,219.60815,217.28880,-12.92573,44.88407,8.78671,8.78671,219.60815,926.00000,44101.00000,301.00000
145.31497,57.31771,217.56244,22.21467,194.44519,-18.32178,-18.32178,3.06715,-127.92907,241.82282,217.25079,-11.64095,46.03500,8.67844,8.67844,241.82282,926.00000,44101.00000,301.00000
145.02363,57.19457,217.44907,22.26081,194.05544,-18.34222,-18.34222,2.73071,-127.83633,264.08364,217.20216,-10.35967,47.18076,8.57031,8.57031,219.56201,926.00000,44101.00000,301.00000
144.73229,57.07143,217.33279,22.30695,193.65705,-18.36161,-18.36161,2.39498,-127.74411,286.39059,217.14295,-9.08194,48.32132,8.46233,8.46233,197.25505,926.00000,44101.00000,301.00000
144.44095,56.94830,217.21357,22.35308,193.25007,-18.37995,-18.37995,2.05996,-127.65240,308.74367,217.07320,-7.80780,49.45664,8.35452,8.35452,174.90197,926.00000,44101.00000,301.00000
144.14961,56.82516,217.09140,22.39921,192.83456,-18.39725,-18.39725,1.72562,-127.56120,331.14288,216.99295,-6.53732,50.58668,8.24687,8.24687,152.50276,926.00000,44101.00000,301.00000
143.85827,56.70202,216.96628,22.44532,192.41056,-18.41350,-18.41350,1.39196,-127.47049,353.58820,216.90226,-5.27054,51.71142,8.13940,8.13940,130.05744,926.00000,44101.00000,301.00000
143.56693,56.57888,216.83819,22.49143,191.97813,-18.42872,-18.42872,1.05897,-127.38029,376.07963,216.80116,-4.00750,52.83084,8.03211,8.03211,107.56601,926.00000,44101.00000,301.00000
143.27559,56.45574,216.70712,22.53753,191.53732,-18.44290,-18.44290,0.72664,-127.29059,398.61716,216.68969,-2.74828,53.94489,7.92500,7.92500,85.02848,926.00000,44101.00000,301.00000
142.98425,56.33260,216.57306,22.58361,191.08819,-18.45604,-18.45604,0.39496,-127.20138,421.20077,216.56791,-1.49291,55.05355,7.81809,7.81809,62.44487,926.00000,44101.00000,301.00000
142.69291,56.20946,216.43599,22.62969,190.63079,-18.46815,-18.46815,0.06392,-127.11267,443.83046,216.43586,-0.24145,56.15679,7.71137,7.71137,39.81518,926.00000,44101.00000,301.00000
142.40157,56.08632,216.29591,22.67575,190.16517,-18.47924,-18.47924,0.26650,-127.02444,466.50621,216.29357,1.00606,57.25458,7.60486,7.60486,17.13943,926.00000,44101.00000,301.00000
142.11023,55.96318,216.15281,22.72180,189.69138,-18.48930,-18.48930,0.59631,-126.93670,489.22802,216.14110,2.24958,58.34690,7.49855,7.49855,-5.58237,926.00000,44101.00000,301.00000
112.90981,5.21345,79.73467,22.24379,64.75198,6.37931,6.37931,2.46898,164.63401,22.24379,79.66066,-3.43484,-44.21940,10.87071,10.87071,22.24379,926.00000,614.00000,301.00000
112.96303,5.02056,79.01926,22.24426,64.09282,6.44420,6.44420,2.50055,164.62969,44.48804,78.94402,-3.44752,-44.22970,10.86969,10.86969,44.48804,926.00000,614.00000,301.00000
113.01625,4.82766,78.30288,22.24471,63.43313,6.50894,6.50894,2.53229,164.62553,66.73276,78.22641,-3.45961,-44.23951,10.86869,10.86869,66.73276,926.00000,614.00000,301.00000
113.06947,4.63477,77.58554,22.24515,62.77291,6.57355,6.57355,2.56423,164.62154,88.97790,77.50786,-3.47113,-44.24884,10.86772,10.86772,88.97790,926.00000,614.00000,301.00000
113.12269,4.44188,76.86727,22.24556,62.11219,6.63800,6.63800,2.59637,164.61771,111.22347,76.78836,-3.48207,-44.25770,10.86679,10.86679,111.22347,926.00000,614.00000,301.00000
113.17591,4.24898,76.14807,22.24597,61.45096,6.70232,6.70232,2.62873,164.61405,133.46943,76.06794,-3.49245,-44.26609,10.86588,10.86588,133.46943,926.00000,614.00000,301.00000
113.22824,4.05595,75.42817,22.22500,61.18349,6.66891,6.66891,2.14586,165.12356,155.69444,75.37528,-2.82430,-43.72505,10.92488,10.92488,155.69444,926.00000,614.00000,301.00000
113.25842,3.85941,74.71260,22.25019,68.45796,4.24511,4.24511,10.21795,177.45241,177.94462,73.52766,13.25349,-29.72701,12.10331,12.10331,177.94462,926.00000,614.00000,301.00000
113.26733,3.65950,74.00133,22.25020,67.79968,4.30799,4.30799,10.31605,177.45185,200.19482,72.80510,13.25200,-29.72840,12.10322,12.10322,200.19482,926.00000,614.00000,301.00000
113.27624,3.45960,73.28943,22.25021,67.14059,4.37081,4.37081,10.41626,177.45131,222.44502,72.08163,13.25060,-29.72970,12.10314,12.10314,222.44502,926.00000,614.00000,301.00000
113.28516,3.25970,72.57689,22.25021,66.48073,4.43356,4.43356,10.51864,177.45080,244.69524,71.35727,13.24930,-29.73092,12.10306,12.10306,244.69524,926.00000,614.00000,301.00000
113.29407,3.05979,71.86372,22.25022,65.82008,4.49624,4.49624,10.62324,177.45033,266.94546,70.63203,13.24808,-29.73205,12.10298,12.10298,266.94546,926.00000,614.00000,301.00000
113.30298,2.85989,71.14996,22.25023,65.15867,4.55886,4.55886,10.73015,177.44988,289.19569,69.90590,13.24695,-29.73310,12.10291,12.10291,289.19569,926.00000,614.00000,301.00000
113.31190,2.65999,70.43562,22.25024,64.49649,4.62141,4.62141,10.83942,177.44947,311.44593,69.17892,13.24591,-29.73407,12.10284,12.10284,311.44593,926.00000,614.00000,301.00000
113.32081,2.46008,69.72072,22.25025,63.83355,4.68388,4.68388,10.95113,177.44909,333.69618,68.45107,13.24496,-29.73496,12.10278,12.10278,333.69618,926.00000,614.00000,301.00000
113.32972,2.26018,69.00526,22.25025,63.16987,4.74629,4.74629,11.06536,177.44874,355.94643,67.72238,13.24408,-29.73577,12.10272,12.10272,355.94643,926.00000,614.00000,301.00000
113.33418,2.06037,68.29344,22.20877,63.76658,4.26551,4.26551,13.74475,179.99782,378.15520,66.33778,16.22631,-26.91202,12.30319,12.30319,378.15520,926.00000,614.00000,301.00000
113.32581,1.86080,67.59334,22.25020,65.13234,3.28270,3.28270,18.71807,-175.20077,400.40540,64.01827,21.69150,-21.50793,12.61965,12.61965,400.40540,926.00000,614.00000,301.00000
113.30906,1.66140,66.90115,22.25022,64.46708,3.34458,3.34458,18.92008,-175.20029,422.65562,63.28660,21.69263,-21.50677,12.61970,12.61970,422.65562,926.00000,614.00000,301.00000
113.29231,1.46200,66.20908,22.25024,63.80100,3.40644,3.40644,19.12641,-175.19986,444.90586,62.55420,21.69363,-21.50575,12.61976,12.61976,444.90586,926.00000,614.00000,301.00000
113.29251,1.26306,65.50325,22.15185,58.58632,5.55220,5.55220,9.55098,175.06720,467.05770,64.59526,10.86863,-31.92533,11.85703,11.85703,467.05770,926.00000,614.00000,301.00000
113.31485,1.06473,64.77882,22.25021,56.18046,6.22319,6.22319,6.66016,172.08605,489.30792,64.34166,7.51305,-34.91213,11.55058,11.55058,489.30792,926.00000,614.00000,301.00000
113.34241,0.86653,64.04945,22.25024,55.51130,6.28525,6.28525,6.73543,172.08564,511.55816,63.60740,7.51203,-34.91302,11.55048,11.55048,511.55816,926.00000,614.00000,301.00000
113.36996,0.66834,63.31942,22.25026,54.84157,6.34720,6.34720,6.81271,172.08533,533.80841,62.87234,7.51122,-34.91372,11.55041,11.55041,533.80841,926.00000,614.00000,301.00000
113.39752,0.47014,62.58875,22.25027,54.17129,6.40903,6.40903,6.89208,172.08511,556.05868,62.13648,7.51063,-34.91424,11.55035,11.55035,556.05868,926.00000,614.00000,301.00000
113.42507,0.27195,61.85745,22.25028,53.50047,6.47075,6.47075,6.97361,172.08498,578.30897,61.39984,7.51025,-34.91458,11.55031,11.55031,578.30897,926.00000,614.00000,301.00000
113.45401,0.07411,61.12550,22.21554,52.32625,6.69637,6.69637,6.23521,171.26774,600.52451,60.76391,6.63885,-35.66944,11.45638,11.45638,600.52451,926.00000,614.00000,301.00000
113.50542,-0.11788,60.39229,22.25028,42.69750,9.07896,9.07896,6.27096,158.76191,622.77478,60.03093,-6.59668,-46.08123,9.72789,9.72789,622.77478,926.00000,614.00000,301.00000
113.57791,-0.30439,59.65786,22.25024,42.02548,9.14025,9.14025,6.34797,158.76226,645.02503,59.29208,-6.59616,-46.08086,9.72796,9.72796,645.02503,926.00000,614.00000,301.00000
113.65039,-0.49090,58.92282,22.25018,41.35330,9.20135,9.20135,6.42655,158.76281,667.27521,58.55256,-6.59519,-46.08018,9.72812,9.72812,667.27521,926.00000,614.00000,301.00000
113.72288,-0.67741,58.18719,22.25008,40.68098,9.26226,9.26226,6.50676,158.76357,689.52529,57.81238,-6.59379,-46.07919,9.72834,9.72834,689.52529,926.00000,614.00000,301.00000
113.79537,-0.86393,57.45099,22.24995,40.00852,9.32299,9.32299,6.58867,158.76454,711.77524,57.07155,-6.59197,-46.07791,9.72864,9.72864,711.77524,926.00000,614.00000,301.00000
113.86785,-1.05044,56.71422,22.24979,39.33593,9.38353,9.38353,6.67237,158.76571,734.02503,56.33008,-6.58973,-46.07634,9.72901,9.72901,734.02503,926.00000,614.00000,301.00000
113.94034,-1.23695,55.97690,22.24960,38.66322,9.44388,9.44388,6.75794,158.76708,756.27464,55.58798,-6.58708,-46.07450,9.72945,9.72945,711.77543,926.00000,614.00000,301.00000
114.04035,-1.40162,55.29236,21.28967,19.42358,12.31226,12.31226,27.48848,138.24913,777.56431,49.05006,-25.52131,-56.58427,5.79184,5.79184,690.48576,926.00000,614.00000,301.00000
114.18668,-1.52954,54.69917,22.24488,4.66135,13.39917,13.39917,41.76848,124.39525,799.80919,40.79697,-36.43633,-59.51145,2.66902,2.66902,668.24088,926.00000,614.00000,301.00000
114.35182,-1.64255,54.14651,22.24406,3.99213,13.45926,13.45926,42.28683,124.39687,822.05325,40.05682,-36.43207,-59.51099,2.67043,2.67043,645.99682,926.00000,614.00000,301.00000
114.51696,-1.75555,53.59809,22.24317,3.32334,13.51916,13.51916,42.81580,124.39859,844.29642,39.31648,-36.42760,-59.51058,2.67195,2.67195,623.75365,926.00000,614.00000,301.00000
114.68210,-1.86855,53.05407,22.24223,2.65497,13.57888,13.57888,43.35562,124.40042,866.53865,38.57596,-36.42292,-59.51022,2.67358,2.67358,601.51142,926.00000,614.00000,301.00000
114.84724,-1.98156,52.51459,22.24122,1.98706,13.63840,13.63840,43.90655,124.40235,888.77987,37.83528,-36.41804,-59.50993,2.67532,2.67532,579.27020,926.00000,614.00000,301.00000
115.01238,-2.09456,51.97983,22.24016,1.31959,13.69774,13.69774,44.46883,124.40439,911.02003,37.09445,-36.41297,-59.50970,2.67717,2.67717,557.03004,926.00000,614.00000,301.00000
115.17752,-2.20757,51.44995,22.23904,0.65259,13.75689,13.75689,45.04272,124.40653,933.25907,36.35347,-36.40773,-59.50956,2.67913,2.67913,534.79100,926.00000,614.00000,301.00000
115.34266,-2.32057,50.92514,22.23786,-0.01394,13.81584,13.81584,45.62848,124.40878,955.49692,35.61236,-36.40233,-59.50951,2.68119,2.68119,512.55315,926.00000,614.00000,301.00000
115.50780,-2.43357,50.40556,22.23662,-0.67999,13.87461,13.87461,46.22635,124.41113,977.73354,34.87113,-36.39677,-59.50957,2.68338,2.68338,490.31653,926.00000,614.00000,301.00000
115.67293,-2.54658,49.89140,22.23532,-1.34554,13.93318,13.93318,46.83658,124.41358,999.96886,34.12979,-36.39107,-59.50974,2.68567,2.68567,468.08121,926.00000,614.00000,301.00000
115.83807,-2.65958,49.38286,22.23396,-2.01059,13.99156,13.99156,47.45944,124.41614,1022.20283,33.38835,-36.38524,-59.51003,2.68808,2.68808,445.84724,926.00000,614.00000,301.00000
116.00614,-2.76400,48.91055,21.77681,-7.96426,14.23318,14.23318,53.22748,119.30408,1043.97964,29.27979,-39.17826,-59.06510,1.42997,1.42997,424.07043,926.00000,614.00000,301.00000
116.19152,-2.81761,48.62591,22.22347,-33.70995,13.47205,13.47205,80.03507,93.26720,1066.20311,8.41449,-47.89233,-49.43443,-4.97345,-4.97345,401.84696,926.00000,614.00000,301.00000
116.39130,-2.82899,48.50197,22.22326,-34.37589,13.53122,13.53122,80.89575,93.26726,1088.42637,7.67454,-47.89095,-49.44030,-4.97112,-4.97112,379.62370,926.00000,614.00000,301.00000
116.59108,-2.84036,48.38915,22.22304,-35.04137,13.59022,13.59022,81.76071,93.26731,1110.64941,6.93453,-47.88969,-49.44631,-4.96878,-4.96878,357.40066,926.00000,614.00000,301.00000
116.79086,-2.85173,48.28752,22.22282,-35.70637,13.64906,13.64906,82.62959,93.26736,1132.87223,6.19449,-47.88855,-49.45245,-4.96641,-4.96641,335.17784,926.00000,614.00000,301.00000
116.99064,-2.86311,48.19716,22.22260,-36.37091,13.70774,13.70774,83.50200,93.26741,1155.09483,5.45440,-47.88753,-49.45874,-4.96403,-4.96403,312.95524,926.00000,614.00000,301.00000
117.19041,-2.87448,48.11814,22.22238,-37.03495,13.76625,13.76625,84.37752,93.26746,1177.31721,4.71429,-47.88664,-49.46516,-4.96162,-4.96162,290.73286,926.00000,614.00000,301.00000
117.39019,-2.88585,48.05051,22.22216,-37.69851,13.82460,13.82460,85.25576,93.26752,1199.53937,3.97416,-47.88588,-49.47173,-4.95919,-4.95919,268.51070,926.00000,614.00000,301.00000
117.58997,-2.89723,47.99433,22.22194,-38.36156,13.88278,13.88278,86.13628,93.26757,1221.76131,3.23403,-47.88525,-49.47844,-4.95675,-4.95675,246.28876,926.00000,614.00000,301.00000
117.78975,-2.90860,47.94963,22.22172,-39.02410,13.94080,13.94080,87.01866,93.26762,1243.98302,2.49390,-47.88473,-49.48529,-4.95428,-4.95428,224.06704,926.00000,614.00000,301.00000
117.98953,-2.91997,47.91646,22.22149,-39.68613,13.99864,13.99864,87.90247,93.26767,1266.20452,1.75378,-47.88436,-49.49229,-4.95180,-4.95180,201.84555,926.00000,614.00000,301.00000
118.18930,-2.93135,47.89484,22.22127,-40.34763,14.05632,14.05632,88.78727,93.26773,1288.42578,1.01367,-47.88411,-49.49944,-4.94929,-4.94929,179.62429,926.00000,614.00000,301.00000
118.38908,-2.94272,47.88478,22.22104,-41.00860,14.11383,14.11383,89.67263,93.26778,1310.64682,0.27360,-47.88400,-49.50673,-4.94677,-4.94677,157.40325,926.00000,614.00000,301.00000
118.58886,-2.95409,47.88628,22.22081,-41.66903,14.17118,14.17118,89.44190,93.26783,1332.86764,-0.46644,-47.88401,-49.51417,-4.94423,-4.94423,135.18243,926.00000,614.00000,301.00000
118.78864,-2.96547,47.89936,22.22059,-42.32891,14.22835,14.22835,88.55675,93.26789,1355.08822,-1.20643,-47.88416,-49.52175,-4.94166,-4.94166,112.96184,926.00000,614.00000,301.00000
118.98842,-2.97684,47.92399,22.22036,-42.98823,14.28534,14.28534,87.67238,93.26794,1377.30858,-1.94636,-47.88445,-49.52949,-4.93908,-4.93908,90.74149,926.00000,614.00000,301.00000
119.18654,-3.00087,47.91234,22.19586,-36.97215,14.85500,14.85500,85.87951,100.59836,1399.50444,3.44270,-47.78849,-54.65884,-3.06977,-3.06977,68.54563,926.00000,614.00000,301.00000
119.38280,-3.03932,47.85775,22.22025,-36.66209,14.96291,14.96291,85.75433,101.60610,1421.72469,3.54306,-47.72642,-55.31302,-2.80486,-2.80486,46.32538,926.00000,614.00000,301.00000
119.57882,-3.07950,47.80808,22.21945,-37.31845,15.01901,15.01901,86.63824,101.60659,1443.94415,2.80347,-47.72581,-55.32005,-2.80201,-2.80201,24.10592,926.00000,614.00000,301.00000
119.77485,-3.11969,47.76996,22.21864,-37.97418,15.07494,15.07494,87.52365,101.60709,1466.16279,2.06399,-47.72535,-55.32729,-2.79912,-2.79912,1.88728,926.00000,614.00000,301.00000
119.97087,-3.15987,47.74340,22.21782,-38.62929,15.13068,15.13068,88.41013,101.60759,1488.38061,1.32464,-47.72502,-55.33476,-2.79617,-2.79617,-20.33054,926.00000,614.00000,301.00000
116.97119,15.63538,123.43493,21.91665,105.34405,-8.73370,-8.73370,42.55169,-138.49933,21.91665,90.93051,-83.47349,41.00160,10.16100,10.16100,21.91665,926.00000,735.00000,301.00000
116.84131,15.48456,122.99009,21.68392,107.13038,-8.02024,-8.02024,46.34529,-142.12662,43.60057,84.90138,-88.98493,34.34158,10.68615,10.68615,43.60057,926.00000,735.00000,301.00000
116.75263,15.31094,122.66441,22.23529,111.48032,-3.15680,-3.15680,69.55534,-165.12577,65.83586,42.84698,-114.93779,-10.06928,12.95685,12.95685,65.83586,926.00000,735.00000,301.00000
116.69944,15.11766,122.44310,22.23663,110.89559,-3.10157,-3.10157,69.80777,-165.11282,88.07249,42.26379,-114.91773,-10.01688,12.95537,12.95537,88.07249,926.00000,735.00000,301.00000
116.64624,14.92439,122.22424,22.23796,110.30938,-3.04623,-3.04623,70.06174,-165.10003,110.31045,41.67936,-114.89820,-9.96541,12.95394,12.95394,110.31045,926.00000,735.00000,301.00000
116.59305,14.73112,122.00787,22.23927,109.72172,-2.99077,-2.99077,70.31724,-165.08740,132.54972,41.09370,-114.87918,-9.91485,12.95256,12.95256,132.54972,926.00000,735.00000,301.00000
116.53985,14.53785,121.79400,22.24057,109.13260,-2.93519,-2.93519,70.57427,-165.07494,154.79029,40.50682,-114.86067,-9.86522,12.95121,12.95121,154.79029,926.00000,735.00000,301.00000
116.48666,14.34457,121.58266,22.24185,108.54204,-2.87950,-2.87950,70.83281,-165.06264,177.03215,39.91873,-114.84267,-9.81649,12.94991,12.94991,177.03215,926.00000,735.00000,301.00000
116.43346,14.15130,121.37389,22.24312,107.95004,-2.82369,-2.82369,71.09286,-165.05050,199.27526,39.32943,-114.82516,-9.76866,12.94865,12.94865,199.27526,926.00000,735.00000,301.00000
116.38027,13.95803,121.16771,22.24437,107.35661,-2.76776,-2.76776,71.35441,-165.03853,221.51963,38.73893,-114.80814,-9.72173,12.94743,12.94743,221.51963,926.00000,735.00000,301.00000
116.32707,13.76476,120.96415,22.24560,106.76177,-2.71172,-2.71172,71.61746,-165.02672,243.76523,38.14723,-114.79161,-9.67569,12.94625,12.94625,243.76523,926.00000,735.00000,301.00000
116.27092,13.57237,120.75419,22.23183,106.40696,-3.04323,-3.04323,70.15912,-163.29377,265.99707,40.98509,-113.58608,-6.42817,12.85858,12.85858,265.99707,926.00000,735.00000,301.00000
116.21047,13.38127,120.53363,22.23327,105.88629,-3.16395,-3.16395,69.63132,-162.49369,288.23034,41.95289,-112.99695,-4.92021,12.81449,12.81449,288.23034,926.00000,735.00000,301.00000
116.14867,13.19057,120.31146,22.23485,105.28600,-3.10833,-3.10833,69.89090,-162.48087,310.46519,41.36415,-112.97723,-4.87023,12.81300,12.81300,310.46519,926.00000,735.00000,301.00000
116.08687,12.99988,120.09184,22.23641,104.68433,-3.05258,-3.05258,70.15211,-162.46824,332.70160,40.77408,-112.95807,-4.82124,12.81156,12.81156,332.70160,926.00000,735.00000,301.00000
116.02507,12.80918,119.87481,22.23795,104.08128,-2.99670,-2.99670,70.41495,-162.45579,354.93955,40.18272,-112.93945,-4.77324,12.81017,12.81017,354.93955,926.00000,735.00000,301.00000
115.96327,12.61849,119.66039,22.23947,103.47687,-2.94070,-2.94070,70.67942,-162.44352,377.17902,39.59005,-112.92137,-4.72620,12.80883,12.80883,377.17902,926.00000,735.00000,301.00000
115.90147,12.42779,119.44860,22.24096,102.87111,-2.88457,-2.88457,70.94549,-162.43144,399.41998,38.99609,-112.90383,-4.68013,12.80753,12.80753,399.41998,926.00000,735.00000,301.00000
115.83967,12.23710,119.23949,22.24244,102.26401,-2.82832,-2.82832,71.21317,-162.41954,421.66242,38.40084,-112.88681,-4.63503,12.80627,12.80627,421.66242,926.00000,735.00000,301.00000
115.77787,12.04640,119.03308,22.24389,101.65556,-2.77193,-2.77193,71.48245,-162.40783,443.90631,37.80432,-112.87031,-4.59088,12.80506,12.80506,443.90631,926.00000,735.00000,301.00000
115.71607,11.85571,118.82939,22.24532,101.04579,-2.71543,-2.71543,71.75332,-162.39630,466.15163,37.20653,-112.85432,-4.54767,12.80389,12.80389,466.15163,926.00000,735.00000,301.00000
115.65427,11.66501,118.62846,22.24673,100.43469,-2.65880,-2.65880,72.02576,-162.38496,488.39836,36.60747,-112.83884,-4.50540,12.80276,12.80276,488.39836,926.00000,735.00000,301.00000
115.59247,11.47432,118.43030,22.24812,99.82229,-2.60205,-2.60205,72.29978,-162.37380,510.64648,36.00717,-112.82385,-4.46406,12.80168,12.80168,510.64648,926.00000,735.00000,301.00000
115.53066,11.28362,118.23496,22.24949,99.20858,-2.54517,-2.54517,72.57535,-162.36283,532.89597,35.40562,-112.80935,-4.42365,12.80063,12.80063,532.89597,926.00000,735.00000,301.00000
115.46886,11.09293,118.04246,22.25083,98.59358,-2.48818,-2.48818,72.85247,-162.35204,555.14680,34.80283,-112.79533,-4.38415,12.79963,12.79963,555.14680,926.00000,735.00000,301.00000
115.40833,10.90186,117.85687,22.24949,97.91276,-2.26499,-2.26499,73.87424,-163.08398,577.39629,32.73435,-113.21971,-5.61894,12.82949,12.82949,577.39629,926.00000,735.00000,301.00000
115.35279,10.70931,117.69021,22.26436,97.01012,-1.71466,-1.71466,76.35262,-165.26856,599.66066,27.76851,-114.36737,-9.31635,12.90498,12.90498,599.66066,926.00000,735.00000,301.00000
115.30099,10.51566,117.53857,22.26528,96.39237,-1.65660,-1.65660,76.64178,-165.25973,621.92593,27.15593,-114.35852,-9.28519,12.90444,12.90444,621.92593,926.00000,735.00000,301.00000
115.24919,10.32201,117.39005,22.26617,95.77335,-1.59843,-1.59843,76.93221,-165.25105,644.19211,26.54233,-114.35002,-9.25479,12.90393,12.90393,599.65976,926.00000,735.00000,301.00000
115.19739,10.12836,117.24466,22.26705,95.15307,-1.54016,-1.54016,77.22389,-165.24254,666.45916,25.92771,-114.34188,-9.22514,12.90344,12.90344,577.39271,926.00000,735.00000,301.00000
115.14559,9.93471,117.10243,22.26792,94.53154,-1.48180,-1.48180,77.51680,-165.23419,688.72707,25.31208,-114.33406,-9.19624,12.90298,12.90298,555.12480,926.00000,735.00000,301.00000
115.09378,9.74106,116.96339,22.26876,93.90877,-1.42335,-1.42335,77.81094,-165.22600,710.99584,24.69544,-114.32659,-9.16807,12.90254,12.90254,532.85603,926.00000,735.00000,301.00000
115.04198,9.54741,116.82755,22.26959,93.28478,-1.36479,-1.36479,78.10628,-165.21797,733.26543,24.07781,-114.31945,-9.14064,12.90213,12.90213,510.58644,926.00000,735.00000,301.00000
114.99018,9.35376,116.69494,22.27041,92.65956,-1.30614,-1.30614,78.40280,-165.21010,755.53584,23.45919,-114.31262,-9.11394,12.90175,12.90175,488.31603,926.00000,735.00000,301.00000
114.93838,9.16010,116.56557,22.27121,92.03312,-1.24741,-1.24741,78.70050,-165.20240,777.80705,22.83958,-114.30610,-9.08795,12.90139,12.90139,466.04482,926.00000,735.00000,301.00000
114.88658,8.96645,116.43947,22.27199,91.40547,-1.18857,-1.18857,78.99934,-165.19486,800.07904,22.21901,-114.29990,-9.06268,12.90105,12.90105,443.77283,926.00000,735.00000,301.00000
114.83478,8.77280,116.31666,22.27276,90.77663,-1.12965,-1.12965,79.29932,-165.18748,822.35180,21.59747,-114.29399,-9.03811,12.90074,12.90074,421.50007,926.00000,735.00000,301.00000
114.78298,8.57915,116.19717,22.27351,90.14659,-1.07063,-1.07063,79.60042,-165.18026,844.62531,20.97497,-114.28837,-9.01424,12.90045,12.90045,399.22656,926.00000,735.00000,301.00000
114.71522,8.39225,116.02792,22.04690,89.73110,-3.20596,-3.20596,70.03167,-155.31098,866.67221,39.62362,-109.05250,6.52824,12.53095,12.53095,377.17966,926.00000,735.00000,301.00000
114.62192,8.21616,115.77644,22.23000,87.93869,-4.42819,-4.42819,64.36559,-149.36158,888.90221,50.08805,-104.38089,15.77999,12.13341,12.13341,354.94966,926.00000,735.00000,301.00000
114.51900,8.04414,115.49540,22.23248,87.29723,-4.37114,-4.37114,64.63218,-149.35096,911.13469,49.48142,-104.35888,15.81873,12.13147,12.13147,332.71718,926.00000,735.00000,301.00000
114.41608,7.87211,115.21683,22.23490,86.65476,-4.31392,-4.31392,64.90097,-149.34056,933.36959,48.87314,-104.33760,15.85637,12.12959,12.12959,310.48228,926.00000,735.00000,301.00000
114.31317,7.70009,114.94077,22.23728,86.01130,-4.25653,-4.25653,65.17196,-149.33040,955.60687,48.26321,-104.31703,15.89292,12.12777,12.12777,288.24500,926.00000,735.00000,301.00000
114.21025,7.52807,114.66725,22.23960,85.36686,-4.19896,-4.19896,65.44513,-149.32046,977.84647,47.65163,-104.29717,15.92840,12.12603,12.12603,266.00540,926.00000,735.00000,301.00000
114.10733,7.35604,114.39632,22.24187,84.72144,-4.14123,-4.14123,65.72050,-149.31076,1000.08834,47.03843,-104.27801,15.96283,12.12434,12.12434,243.76353,926.00000,735.00000,301.00000
114.00442,7.18402,114.12801,22.24409,84.07506,-4.08332,-4.08332,65.99804,-149.30128,1022.33242,46.42360,-104.25954,15.99620,12.12271,12.12271,221.51945,926.00000,735.00000,301.00000
113.90150,7.01199,113.86235,22.24625,83.42774,-4.02523,-4.02523,66.27777,-149.29203,1044.57868,45.80717,-104.24173,16.02853,12.12114,12.12114,199.27319,926.00000,735.00000,301.00000
113.79859,6.83997,113.59940,22.24837,82.77947,-3.96699,-3.96699,66.55967,-149.28301,1066.82705,45.18914,-104.22459,16.05984,12.11964,12.11964,177.02482,926.00000,735.00000,301.00000
113.69567,6.66795,113.33918,22.25043,82.13027,-3.90858,-3.90858,66.84374,-149.27421,1089.07748,44.56950,-104.20810,16.09014,12.11819,12.11819,154.77439,926.00000,735.00000,301.00000
113.59275,6.49592,113.08173,22.25245,81.48015,-3.84999,-3.84999,67.12998,-149.26565,1111.32993,43.94829,-104.19225,16.11943,12.11680,12.11680,132.52194,926.00000,735.00000,301.00000
113.48984,6.32390,112.82710,22.25441,80.82911,-3.79125,-3.79125,67.41838,-149.25732,1133.58434,43.32550,-104.17704,16.14773,12.11547,12.11547,110.26753,926.00000,735.00000,301.00000
113.38692,6.15188,112.57532,22.25632,80.17718,-3.73234,-3.73234,67.70894,-149.24921,1155.84065,42.70115,-104.16244,16.17504,12.11419,12.11419,88.01122,926.00000,735.00000,301.00000
113.28400,5.97985,112.32643,22.25817,79.52436,-3.67326,-3.67326,68.00164,-149.24133,1178.09882,42.07524,-104.14846,16.20139,12.11297,12.11297,65.75304,926.00000,735.00000,301.00000
113.18109,5.80783,112.08047,22.25998,78.87065,-3.61401,-3.61401,68.29648,-149.23368,1200.35880,41.44779,-104.13506,16.22679,12.11181,12.11181,43.49307,926.00000,735.00000,301.00000
113.07817,5.63580,111.83747,22.26173,78.21608,-3.55461,-3.55461,68.59345,-149.22626,1222.62053,40.81880,-104.12226,16.25124,12.11069,12.11069,21.23134,926.00000,735.00000,301.00000
112.97525,5.46378,111.59748,22.26343,77.56064,-3.49504,-3.49504,68.89254,-149.21906,1244.88396,40.18828,-104.11003,16.27476,12.10962,12.10962,-1.03209,926.00000,735.00000,301.00000
122.80756,26.54666,160.04130,21.69326,141.93101,-11.00620,-11.00620,7.88949,-143.12271,21.69326,158.52645,21.96771,33.61681,10.54437,10.54437,21.69326,926.00000,301.00000,301.00000
122.67678,26.39054,159.53158,21.70385,141.39570,-10.96942,-10.96942,8.01061,-143.08556,43.39711,157.97491,22.23176,33.85318,10.52604,10.52604,43.39711,926.00000,301.00000,301.00000
122.54600,26.23442,159.01995,21.71440,140.85845,-10.93236,-10.93236,8.13175,-143.04865,65.11151,157.42108,22.49335,34.08728,10.50787,10.50787,65.11151,926.00000,301.00000,301.00000
122.41521,26.07830,158.50643,21.72490,140.31928,-10.89501,-10.89501,8.25292,-143.01198,86.83641,156.86495,22.75248,34.31912,10.48987,10.48987,86.83641,926.00000,301.00000,301.00000
122.28443,25.92218,157.99100,21.73535,139.77820,-10.85737,-10.85737,8.37411,-142.97555,108.57175,156.30654,23.00916,34.54869,10.47205,10.47205,108.57175,926.00000,301.00000,301.00000
122.15364,25.76606,157.47369,21.74574,139.23523,-10.81945,-10.81945,8.49533,-142.93936,130.31750,155.74587,23.26340,34.77601,10.45439,10.45439,130.31750,926.00000,301.00000,301.00000
122.02286,25.60995,156.95450,21.75609,138.69038,-10.78125,-10.78125,8.61660,-142.90341,152.07359,155.18296,23.51521,35.00109,10.43689,10.43689,152.07359,926.00000,301.00000,301.00000
121.89208,25.45383,156.43344,21.76639,138.14365,-10.74277,-10.74277,8.73792,-142.86770,173.83998,154.61780,23.76459,35.22394,10.41956,10.41956,173.83998,926.00000,301.00000,301.00000
121.76129,25.29771,155.91052,21.77664,137.59507,-10.70400,-10.70400,8.85930,-142.83223,195.61662,154.05043,24.01155,35.44454,10.40241,10.40241,195.61662,926.00000,301.00000,301.00000
121.63051,25.14159,155.38575,21.78684,137.04465,-10.66496,-10.66496,8.98074,-142.79699,217.40346,153.48085,24.25609,35.66293,10.38542,10.38542,217.40346,926.00000,301.00000,301.00000
121.49972,24.98547,154.85914,21.79699,136.49240,-10.62563,-10.62563,9.10225,-142.76200,239.20045,152.90909,24.49823,35.87911,10.36859,10.36859,239.20045,926.00000,301.00000,301.00000
121.36894,24.82935,154.33069,21.80708,135.93834,-10.58603,-10.58603,9.22384,-142.72724,261.00753,152.33514,24.73797,36.09308,10.35193,10.35193,261.00753,926.00000,301.00000,301.00000
121.23816,24.67323,153.80042,21.81713,135.38247,-10.54615,-10.54615,9.34552,-142.69272,282.82466,151.75902,24.97532,36.30485,10.33544,10.33544,282.82466,926.00000,301.00000,301.00000
121.10737,24.51712,153.26834,21.82712,134.82481,-10.50599,-10.50599,9.46730,-142.65843,304.65178,151.18077,25.21029,36.51442,10.31911,10.31911,304.65178,926.00000,301.00000,301.00000
120.97659,24.36100,152.73445,21.83706,134.26537,-10.46556,-10.46556,9.58917,-142.62439,326.48884,150.60037,25.44288,36.72182,10.30294,10.30294,326.48884,926.00000,301.00000,301.00000
120.85379,24.20056,152.19753,21.70809,136.38976,-9.49962,-9.49962,4.75849,-147.53443,348.19693,151.67294,12.62567,25.24531,11.14952,11.14952,348.19693,926.00000,301.00000,301.00000
120.76682,24.02073,151.65321,22.48717,137.33374,-5.78935,-5.78935,12.16730,-164.49343,370.68410,148.24652,-31.96348,-15.44930,13.42261,13.42261,370.68410,926.00000,301.00000,301.00000
120.70767,23.82585,151.10274,22.48959,136.82308,-5.74186,-5.74186,12.16596,-164.47125,393.17369,147.70916,-31.84402,-15.33863,13.41796,13.41796,393.17369,926.00000,301.00000,301.00000
120.64853,23.63096,150.55040,22.49200,136.31047,-5.69420,-5.69420,12.16530,-164.44925,415.66569,147.16960,-31.72591,-15.22923,13.41338,13.41338,415.66569,926.00000,301.00000,301.00000
120.58938,23.43608,149.99621,22.49439,135.79593,-5.64637,-5.64637,12.16532,-164.42742,438.16008,146.62785,-31.60916,-15.12110,13.40887,13.40887,438.16008,926.00000,301.00000,301.00000
120.53023,23.24120,149.44018,22.49677,135.27946,-5.59838,-5.59838,12.16601,-164.40577,460.65685,146.08392,-31.49376,-15.01424,13.40444,13.40444,460.65685,926.00000,301.00000,301.00000
120.47108,23.04632,148.88231,22.49914,134.76106,-5.55022,-5.55022,12.16740,-164.38430,483.15599,145.53781,-31.37971,-14.90863,13.40008,13.40008,483.15599,926.00000,301.00000,301.00000
120.41194,22.85144,148.32261,22.50148,134.24075,-5.50190,-5.50190,12.16948,-164.36300,505.65748,144.98955,-31.26701,-14.80428,13.39579,13.39579,505.65748,926.00000,301.00000,301.00000
120.35279,22.65655,147.76109,22.50382,133.71855,-5.45342,-5.45342,12.17226,-164.34188,528.16129,144.43914,-31.15565,-14.70117,13.39158,13.39158,528.16129,926.00000,301.00000,301.00000
120.29364,22.46167,147.19775,22.50613,133.19445,-5.40477,-5.40477,12.17574,-164.32093,550.66743,143.88658,-31.04562,-14.59931,13.38743,13.38743,550.66743,926.00000,301.00000,301.00000
120.23449,22.26679,146.63262,22.50843,132.66845,-5.35597,-5.35597,12.17994,-164.30016,573.17586,143.33189,-30.93692,-14.49870,13.38336,13.38336,573.17586,926.00000,301.00000,301.00000
120.17535,22.07191,146.06568,22.51072,132.14058,-5.30700,-5.30700,12.18485,-164.27957,595.68658,142.77507,-30.82955,-14.39932,13.37936,13.37936,595.68658,926.00000,301.00000,301.00000
120.11620,21.87703,145.49695,22.51299,131.61085,-5.25787,-5.25787,12.19049,-164.25916,618.19956,142.21614,-30.72350,-14.30118,13.37542,13.37542,618.19956,926.00000,301.00000,301.00000
120.05705,21.68214,144.92645,22.51524,131.07925,-5.20859,-5.20859,12.19685,-164.23892,640.71480,141.65510,-30.61877,-14.20426,13.37156,13.37156,640.71480,926.00000,301.00000,301.00000
119.99790,21.48726,144.35418,22.51747,130.54580,-5.15914,-5.15914,12.20395,-164.21886,663.23227,141.09196,-30.51535,-14.10857,13.36777,13.36777,663.23227,926.00000,301.00000,301.00000
119.93876,21.29238,143.78014,22.51969,130.01051,-5.10954,-5.10954,12.21180,-164.19897,685.75196,140.52673,-30.41324,-14.01409,13.36405,13.36405,685.75196,926.00000,301.00000,301.00000
119.87961,21.09750,143.20434,22.52189,129.47338,-5.05978,-5.05978,12.22039,-164.17927,708.27385,139.95942,-30.31244,-13.92084,13.36040,13.36040,663.23007,926.00000,301.00000,301.00000
119.82046,20.90262,142.62680,22.52408,128.93442,-5.00987,-5.00987,12.22974,-164.15974,730.79793,139.39004,-30.21293,-13.82879,13.35681,13.35681,640.70599,926.00000,301.00000,301.00000
119.76131,20.70773,142.04752,22.52625,128.39364,-4.95979,-4.95979,12.23985,-164.14039,753.32418,138.81860,-30.11472,-13.73795,13.35329,13.35329,618.17974,926.00000,301.00000,301.00000
119.70216,20.51285,141.46652,22.52840,127.85106,-4.90956,-4.90956,12.25073,-164.12122,775.85258,138.24510,-30.01780,-13.64831,13.34984,13.34984,595.65134,926.00000,301.00000,301.00000
119.64302,20.31797,140.88380,22.53053,127.30668,-4.85918,-4.85918,12.26239,-164.10223,798.38311,137.66956,-29.92216,-13.55987,13.34645,13.34645,573.12081,926.00000,301.00000,301.00000
119.55640,20.13818,140.30274,21.84473,125.10030,-8.52565,-8.52565,4.89444,-146.95017,820.22784,139.79114,11.97065,24.55015,11.32559,11.32559,551.27608,926.00000,301.00000,301.00000
119.43297,19.97864,139.72449,22.07666,121.32922,-9.59861,-9.59861,10.89393,-141.02282,842.30450,137.20647,26.40674,37.39315,10.38102,10.38102,529.19943,926.00000,301.00000,301.00000
119.30015,19.82424,139.14578,22.08518,120.73448,-9.55302,-9.55302,11.01250,-140.99566,864.38968,136.58349,26.58006,37.54638,10.36889,10.36889,507.11425,926.00000,301.00000,301.00000
119.16733,19.66985,138.56548,22.09364,120.13826,-9.50717,-9.50717,11.13133,-140.96872,886.48332,135.95868,26.75126,37.69768,10.35692,10.35692,485.02061,926.00000,301.00000,301.00000
119.03452,19.51546,137.98359,22.10204,119.54057,-9.46108,-9.46108,11.25045,-140.94201,908.58536,135.33206,26.92033,37.84706,10.34510,10.34510,462.91857,926.00000,301.00000,301.00000
118.90170,19.36106,137.40012,22.11038,118.94142,-9.41473,-9.41473,11.36987,-140.91552,930.69574,134.70364,27.08731,37.99453,10.33343,10.33343,440.80818,926.00000,301.00000,301.00000
118.76889,19.20667,136.81508,22.11867,118.34082,-9.36813,-9.36813,11.48959,-140.88926,952.81441,134.07343,27.25219,38.14009,10.32191,10.32191,418.68951,926.00000,301.00000,301.00000
118.63607,19.05227,136.22850,22.12689,117.73878,-9.32128,-9.32128,11.60964,-140.86321,974.94131,133.44145,27.41498,38.28375,10.31054,10.31054,396.56262,926.00000,301.00000,301.00000
118.50326,18.89788,135.64037,22.13506,117.13532,-9.27417,-9.27417,11.73001,-140.83739,997.07637,132.80772,27.57571,38.42553,10.29931,10.29931,374.42756,926.00000,301.00000,301.00000
118.37044,18.74349,135.05071,22.14317,116.53044,-9.22683,-9.22683,11.85073,-140.81180,1019.21953,132.17223,27.73437,38.56544,10.28823,10.28823,352.28439,926.00000,301.00000,301.00000
118.23763,18.58909,134.45954,22.15121,115.92417,-9.17923,-9.17923,11.97180,-140.78643,1041.37075,131.53502,27.89097,38.70349,10.27730,10.27730,330.13318,926.00000,301.00000,301.00000
118.10481,18.43470,133.86686,22.15920,115.31651,-9.13139,-9.13139,12.09324,-140.76127,1063.52995,130.89608,28.04554,38.83968,10.26652,10.26652,307.97398,926.00000,301.00000,301.00000
117.97200,18.28030,133.27269,22.16713,114.70747,-9.08331,-9.08331,12.21506,-140.73635,1085.69707,130.25544,28.19807,38.97403,10.25588,10.25588,285.80685,926.00000,301.00000,301.00000
117.83918,18.12591,132.67704,22.17499,114.09707,-9.03498,-9.03498,12.33727,-140.71164,1107.87207,129.61310,28.34857,39.10654,10.24539,10.24539,263.63186,926.00000,301.00000,301.00000
117.70637,17.97151,132.07993,22.18280,113.48532,-8.98640,-8.98640,12.45989,-140.68715,1130.05487,128.96909,28.49706,39.23723,10.23504,10.23504,241.44906,926.00000,301.00000,301.00000
117.57355,17.81712,131.48136,22.19055,112.87223,-8.93758,-8.93758,12.58294,-140.66289,1152.24541,128.32340,28.64356,39.36611,10.22483,10.22483,219.25851,926.00000,301.00000,301.00000
117.46034,17.65314,130.88078,21.69876,118.05340,-6.54116,-6.54116,0.53603,-152.78090,1173.94417,130.87505,1.22443,14.93784,11.86221,11.86221,197.55975,926.00000,301.00000,301.00000
117.39341,17.46654,130.27729,22.60607,116.94339,-2.89067,-2.89067,15.79540,-169.10443,1196.55025,125.35800,-35.46186,-18.70797,13.21273,13.21273,174.95368,926.00000,301.00000,301.00000
117.35314,17.26690,129.67164,22.60695,116.36770,-2.83428,-2.83428,15.84745,-169.09291,1219.15720,124.74310,-35.41034,-18.65990,13.21155,13.21155,152.34672,926.00000,301.00000,301.00000
117.31288,17.06726,129.06461,22.60782,115.79042,-2.77779,-2.77779,15.90055,-169.08152,1241.76502,124.12643,-35.35964,-18.61261,13.21040,13.21040,129.73890,926.00000,301.00000,301.00000
117.27262,16.86762,128.45622,22.60869,115.21156,-2.72120,-2.72120,15.95473,-169.07025,1264.37371,123.50798,-35.30977,-18.56608,13.20929,13.20929,107.13021,926.00000,301.00000,301.00000
117.23235,16.66798,127.84648,22.60954,114.63112,-2.66451,-2.66451,16.01000,-169.05912,1286.98325,122.88777,-35.26072,-18.52032,13.20822,13.20822,84.52067,926.00000,301.00000,301.00000
117.19209,16.46834,127.23540,22.61038,114.04910,-2.60772,-2.60772,16.06637,-169.04812,1309.59363,122.26581,-35.21248,-18.47532,13.20719,13.20719,61.91029,926.00000,301.00000,301.00000
117.15183,16.26870,126.62298,22.61122,113.46553,-2.55084,-2.55084,16.12385,-169.03725,1332.20485,121.64209,-35.16505,-18.43108,13.20619,13.20619,39.29907,926.00000,301.00000,301.00000
117.11156,16.06906,126.00925,22.61205,112.88040,-2.49387,-2.49387,16.18246,-169.02651,1354.81690,121.01665,-35.11842,-18.38759,13.20521,13.20521,16.68702,926.00000,301.00000,301.00000
117.07130,15.86941,125.39422,22.61286,112.29374,-2.43679,-2.43679,16.24222,-169.01591,1377.42976,120.38947,-35.07259,-18.34485,13.20428,13.20428,-5.92584,926.00000,301.00000,301.00000
171.31534,71.05150,218.16158,14.91914,197.25553,-15.29266,-15.29266,26.66241,-127.92609,14.91914,194.96358,-97.89625,-35.91680,15.30376,15.30376,14.91914,926.00000,44101.00000,409.00000
170.99143,70.96393,218.21968,15.56675,195.24673,-14.48656,-14.48656,29.56127,-131.14073,30.48590,189.81373,-107.65955,-45.87611,16.05938,16.05938,30.48590,926.00000,44101.00000,409.00000
170.67025,70.86687,218.27772,16.24252,193.08540,-13.74836,-13.74836,32.09711,-133.99053,46.72842,184.91368,-115.98315,-54.50191,16.68655,16.68655,46.72842,926.00000,44101.00000,409.00000
170.35044,70.76514,218.33543,16.28537,193.57443,-13.86729,-13.86729,31.63952,-133.84450,63.01378,185.88321,-114.53293,-52.98966,16.57855,16.57855,63.01378,926.00000,44101.00000,409.00000
170.03062,70.66341,218.39255,16.32829,194.04959,-13.98496,-13.98496,31.18324,-133.69934,79.34208,186.83827,-113.07859,-51.47716,16.46987,16.46987,79.34208,926.00000,44101.00000,409.00000
169.71081,70.56168,218.44904,16.37130,194.51094,-14.10135,-14.10135,30.72826,-133.55502,95.71338,187.77887,-111.62024,-49.96453,16.36053,16.36053,95.71338,926.00000,44101.00000,409.00000
169.39099,70.45995,218.50487,16.41438,194.95850,-14.21648,-14.21648,30.27458,-133.41156,112.12776,188.70503,-110.15804,-48.45189,16.25055,16.25055,112.12776,926.00000,44101.00000,409.00000
169.07118,70.35822,218.56003,16.45754,195.39233,-14.33033,-14.33033,29.82219,-133.26893,128.58529,189.61675,-108.69210,-46.93934,16.13993,16.13993,128.58529,926.00000,44101.00000,409.00000
168.75136,70.25649,218.61448,16.50077,195.81248,-14.44291,-14.44291,29.37109,-133.12715,145.08606,190.51407,-107.22256,-45.42700,16.02870,16.02870,145.08606,926.00000,44101.00000,409.00000
168.43155,70.15476,218.66819,16.54407,196.21898,-14.55421,-14.55421,28.92127,-132.98619,161.63013,191.39699,-105.74956,-43.91496,15.91685,15.91685,161.63013,926.00000,44101.00000,409.00000
168.11174,70.05303,218.72116,16.58744,196.61189,-14.66424,-14.66424,28.47273,-132.84607,178.21757,192.26555,-104.27321,-42.40333,15.80442,15.80442,178.21757,926.00000,44101.00000,409.00000
167.79237,69.95020,218.77338,16.77255,196.48462,-14.58284,-14.58284,28.71555,-133.39698,194.99012,191.86771,-105.11220,-43.26189,15.86830,15.86830,194.99012,926.00000,44101.00000,409.00000
167.48443,69.81978,218.82599,20.82970,181.71017,-10.61019,-10.61019,41.75312,-146.74411,215.81982,163.24881,-145.72111,-86.50998,18.74944,18.74944,215.81982,926.00000,44101.00000,409.00000
167.18776,69.66289,218.87913,20.87612,182.48951,-10.74913,-10.74913,41.26768,-146.54944,236.69594,164.51750,-144.36781,-85.00625,18.66125,18.66125,236.69594,926.00000,44101.00000,409.00000
166.89110,69.50599,218.93144,20.92274,183.25263,-10.88676,-10.88676,40.78398,-146.35584,257.61868,165.77001,-143.00797,-83.50044,18.57218,18.57218,257.61868,926.00000,44101.00000,409.00000
166.59443,69.34909,218.98290,20.96954,183.99959,-11.02306,-11.02306,40.30202,-146.16329,278.58822,167.00633,-141.64179,-81.99272,18.48223,18.48223,278.58822,926.00000,44101.00000,409.00000
166.29776,69.19220,219.03345,21.01653,184.73041,-11.15803,-11.15803,39.82180,-145.97181,299.60475,168.22643,-140.26946,-80.48327,18.39142,18.39142,299.60475,926.00000,44101.00000,409.00000
166.00109,69.03530,219.08306,21.06371,185.44512,-11.29167,-11.29167,39.34332,-145.78138,320.66846,169.43032,-138.89117,-78.97223,18.29979,18.29979,320.66846,926.00000,44101.00000,409.00000
165.70442,68.87840,219.13168,21.11107,186.14378,-11.42396,-11.42396,38.86658,-145.59200,341.77953,170.61798,-137.50710,-77.45979,18.20733,18.20733,341.77953,926.00000,44101.00000,409.00000
165.40775,68.72151,219.17928,21.15861,186.82641,-11.55491,-11.55491,38.39157,-145.40368,362.93814,171.78941,-136.11743,-75.94608,18.11407,18.11407,362.93814,926.00000,44101.00000,409.00000
165.11108,68.56461,219.22580,21.20632,187.49307,-11.68452,-11.68452,37.91829,-145.21640,384.14447,172.94461,-134.72237,-74.43129,18.02002,18.02002,384.14447,926.00000,44101.00000,409.00000
164.81442,68.40771,219.27122,21.25421,188.14379,-11.81277,-11.81277,37.44673,-145.03017,405.39868,174.08358,-133.32207,-72.91556,17.92521,17.92521,405.39868,926.00000,44101.00000,409.00000
164.51775,68.25082,219.31547,21.30227,188.77862,-11.93967,-11.93967,36.97690,-144.84498,426.70095,175.20631,-131.91673,-71.39905,17.82965,17.82965,426.70095,926.00000,44101.00000,409.00000
164.22108,68.09392,219.35853,21.35050,189.39760,-12.06521,-12.06521,36.50880,-144.66083,448.05146,176.31282,-130.50653,-69.88191,17.73334,17.73334,448.05146,926.00000,44101.00000,409.00000
163.94472,67.90772,219.40075,26.23925,172.86235,-8.48284,-8.48284,47.37624,-155.81364,474.29071,148.57405,-161.43866,-104.37242,19.68992,19.68992,474.29071,926.00000,44101.00000,409.00000
163.69178,67.68803,219.44242,27.04286,171.32733,-8.16306,-8.16306,48.22880,-156.91531,501.33356,146.18325,-163.66257,-106.96930,19.81552,19.81552,501.33356,926.00000,44101.00000,409.00000
163.44181,67.46411,219.48286,27.08220,172.17662,-8.28819,-8.28819,47.79039,-156.71989,528.41577,147.45843,-162.56917,-105.69024,19.75426,19.75426,528.41577,926.00000,44101.00000,409.00000
163.19183,67.24019,219.52189,27.12180,173.01103,-8.41225,-8.41225,47.35381,-156.52535,555.53757,148.71932,-161.46958,-104.40871,19.69225,19.69225,555.53757,926.00000,44101.00000,409.00000
162.94186,67.01627,219.55948,27.16164,173.83056,-8.53523,-8.53523,46.91908,-156.33171,582.69921,149.96585,-160.36399,-103.12486,19.62952,19.62952,582.69921,926.00000,44101.00000,409.00000
162.69227,66.79192,219.59556,27.27492,174.37624,-8.60740,-8.60740,46.63160,-156.28438,609.97413,150.79336,-159.63575,-102.28172,19.58801,19.58801,609.97413,926.00000,44101.00000,409.00000
162.44443,66.56566,219.63006,27.57202,174.26688,-8.55465,-8.55465,46.70867,-156.60004,637.54615,150.60215,-159.86356,-102.54525,19.60098,19.60098,637.54615,926.00000,44101.00000,409.00000
162.19794,66.33789,219.66295,27.61165,175.04989,-8.67343,-8.67343,46.28329,-156.40986,665.15780,151.80758,-158.76483,-101.27610,19.53839,19.53839,665.15780,926.00000,44101.00000,409.00000
161.94691,66.11663,219.69412,26.50947,179.30805,-9.48790,-9.48790,43.79433,-154.15481,691.66727,158.58152,-152.04409,-93.60331,19.14516,19.14516,691.66727,926.00000,44101.00000,409.00000
161.67028,65.93191,219.72315,21.87025,195.49549,-13.43292,-13.43292,31.12743,-141.72756,713.53752,188.08734,-113.58439,-52.02237,16.60256,16.60256,669.79702,926.00000,44101.00000,409.00000
161.37246,65.77721,219.74989,21.92073,195.91503,-13.54086,-13.54086,30.68375,-141.55998,735.45826,188.98426,-112.13815,-50.52113,16.49911,16.49911,647.87629,926.00000,44101.00000,409.00000
161.07464,65.62251,219.77489,21.97134,196.31966,-13.64744,-13.64744,30.24171,-141.39338,757.42959,189.86537,-110.68939,-49.02119,16.39514,16.39514,625.90495,926.00000,44101.00000,409.00000
160.77682,65.46781,219.79810,22.02207,196.70945,-13.75263,-13.75263,29.80131,-141.22775,779.45166,190.73070,-109.23828,-47.52268,16.29067,16.29067,603.88289,926.00000,44101.00000,409.00000
160.47900,65.31311,219.81948,22.07292,197.08446,-13.85646,-13.85646,29.36254,-141.06309,801.52458,191.58028,-107.78498,-46.02572,16.18572,16.18572,581.80997,926.00000,44101.00000,409.00000
160.18118,65.15841,219.83900,22.12388,197.44474,-13.95891,-13.95891,28.92540,-140.89938,823.64846,192.41413,-106.32962,-44.53043,16.08030,16.08030,559.68609,926.00000,44101.00000,409.00000
159.88336,65.00371,219.85660,22.17497,197.79036,-14.05997,-14.05997,28.48988,-140.73664,845.82343,193.23227,-104.87236,-43.03694,15.97442,15.97442,537.51112,926.00000,44101.00000,409.00000
159.58553,64.84901,219.87225,22.22617,198.12138,-14.15966,-14.15966,28.05597,-140.57486,868.04959,194.03476,-103.41335,-41.54536,15.86810,15.86810,515.28495,926.00000,44101.00000,409.00000
159.28771,64.69431,219.88591,22.27748,198.43786,-14.25797,-14.25797,27.62366,-140.41402,890.32707,194.82160,-101.95273,-40.05581,15.76136,15.76136,493.00748,926.00000,44101.00000,409.00000
158.98989,64.53961,219.89754,22.32890,198.73987,-14.35490,-14.35490,27.19295,-140.25413,912.65597,195.59284,-100.49065,-38.56841,15.65421,15.65421,470.67858,926.00000,44101.00000,409.00000
158.69207,64.38491,219.90711,22.38042,199.02747,-14.45046,-14.45046,26.76384,-140.09518,935.03639,196.34851,-99.02726,-37.08327,15.54665,15.54665,448.29816,926.00000,44101.00000,409.00000
158.39425,64.23021,219.91456,22.43205,199.30073,-14.54463,-14.54463,26.33630,-139.93717,957.46844,197.08864,-97.56269,-35.60049,15.43872,15.43872,425.86611,926.00000,44101.00000,409.00000
158.09643,64.07551,219.91985,22.48379,199.55971,-14.63743,-14.63743,25.91034,-139.78009,979.95223,197.81327,-96.09709,-34.12019,15.33042,15.33042,403.38232,926.00000,44101.00000,409.00000
157.80342,63.91241,219.92294,23.70889,197.21196,-13.69068,-13.69068,29.27313,-143.41116,1003.66112,191.83849,-107.53647,-45.76862,16.16209,16.16209,379.67343,926.00000,44101.00000,409.00000
157.51787,63.73642,219.92376,24.42513,195.98171,-13.25279,-13.25279,30.72720,-145.12414,1028.08625,189.04861,-112.37030,-50.75864,16.50403,16.50403,355.24830,926.00000,44101.00000,409.00000
157.23493,63.55594,219.92223,24.47586,196.34410,-13.35077,-13.35077,30.30309,-144.95353,1052.56210,189.87389,-110.96708,-49.30579,16.40551,16.40551,330.77244,926.00000,44101.00000,409.00000
156.95199,63.37545,219.91826,24.52672,196.69167,-13.44739,-13.44739,29.88071,-144.78389,1077.08882,190.68332,-109.56237,-47.85501,16.30660,16.30660,306.24572,926.00000,44101.00000,409.00000
156.66905,63.19497,219.91181,24.57772,197.02447,-13.54264,-13.54264,29.46006,-144.61522,1101.66654,191.47694,-108.15630,-46.40643,16.20729,16.20729,281.66801,926.00000,44101.00000,409.00000
156.38612,63.01448,219.90283,24.62885,197.34256,-13.63651,-13.63651,29.04113,-144.44752,1126.29538,192.25477,-106.74904,-44.96017,16.10761,16.10761,257.03916,926.00000,44101.00000,409.00000
156.10318,62.83399,219.89127,24.68010,197.64600,-13.72901,-13.72901,28.62392,-144.28078,1150.97549,193.01684,-105.34074,-43.51635,16.00758,16.00758,232.35906,926.00000,44101.00000,409.00000
155.82024,62.65351,219.87710,24.73148,197.93486,-13.82014,-13.82014,28.20841,-144.11501,1175.70697,193.76318,-103.93154,-42.07508,15.90721,15.90721,207.62758,926.00000,44101.00000,409.00000
155.53730,62.47302,219.86025,24.78299,198.20922,-13.90990,-13.90990,27.79461,-143.95020,1200.48996,194.49384,-102.52160,-40.63649,15.80651,15.80651,182.84459,926.00000,44101.00000,409.00000
155.25436,62.29254,219.84070,24.83461,198.46913,-13.99829,-13.99829,27.38251,-143.78635,1225.32457,195.20884,-101.11105,-39.20070,15.70550,15.70550,158.00998,926.00000,44101.00000,409.00000
154.97142,62.11205,219.81840,24.88635,198.71465,-14.08531,-14.08531,26.97209,-143.62344,1250.21093,195.90822,-99.70004,-37.76780,15.60418,15.60418,133.12362,926.00000,44101.00000,409.00000
154.68848,61.93157,219.79329,24.93821,198.94587,-14.17095,-14.17095,26.56335,-143.46149,1275.14914,196.59201,-98.28872,-36.33793,15.50258,15.50258,108.18541,926.00000,44101.00000,409.00000
154.40554,61.75108,219.76534,24.99018,199.16284,-14.25522,-14.25522,26.15629,-143.30048,1300.13931,197.26025,-96.87723,-34.91118,15.40071,15.40071,83.19524,926.00000,44101.00000,409.00000
154.12260,61.57059,219.73450,25.04225,199.36563,-14.33812,-14.33812,25.75089,-143.14042,1325.18156,197.91299,-95.46570,-33.48767,15.29857,15.29857,58.15298,926.00000,44101.00000,409.00000
153.83966,61.39011,219.70073,25.09443,199.55432,-14.41966,-14.41966,25.34716,-142.98129,1350.27600,198.55026,-94.05428,-32.06751,15.19619,15.19619,33.05855,926.00000,44101.00000,409.00000
153.55672,61.20962,219.66399,25.14672,199.72897,-14.49982,-14.49982,24.94507,-142.82310,1375.42272,199.17210,-92.64310,-30.65079,15.09358,15.09358,7.91183,926.00000,44101.00000,409.00000
153.27379,61.02914,219.62423,25.19910,199.88965,-14.57861,-14.57861,24.54462,-142.66585,1400.62182,199.77855,-91.23230,-29.23762,14.99075,14.99075,-17.28727,926.00000,44101.00000,409.00000
86.44204,7.49453,91.45321,22.15634,43.29109,-3.10414,-3.10414,57.53697,-125.15412,22.15634,49.08799,-77.16255,-93.03079,-14.03084,-14.03084,22.15634,501.00000,518.00000,529.00000
86.27775,7.37977,91.49621,22.16021,43.34815,-3.16388,-3.16388,57.46638,-125.14723,44.31655,49.20616,-77.13826,-93.00938,-14.03238,-14.03238,44.31655,501.00000,518.00000,529.00000
86.11345,7.26501,91.53898,22.16403,43.40398,-3.22371,-3.22371,57.39658,-125.14046,66.48058,49.32314,-77.11429,-92.98827,-14.03394,-14.03394,66.48058,501.00000,518.00000,529.00000
85.94916,7.15025,91.58152,22.16778,43.45856,-3.28361,-3.28361,57.32757,-125.13379,88.64836,49.43894,-77.09063,-92.96746,-14.03550,-14.03550,88.64836,501.00000,518.00000,529.00000
85.78486,7.03550,91.62381,22.17147,43.51190,-3.34359,-3.34359,57.25936,-125.12723,110.81983,49.55355,-77.06730,-92.94696,-14.03706,-14.03706,110.81983,501.00000,518.00000,529.00000
85.62056,6.92074,91.66587,22.17511,43.56400,-3.40365,-3.40365,57.19195,-125.12078,132.99494,49.66698,-77.04429,-92.92677,-14.03862,-14.03862,132.99494,501.00000,518.00000,529.00000
85.45627,6.80598,91.70769,22.17869,43.61485,-3.46378,-3.46378,57.12533,-125.11445,155.17363,49.77922,-77.02161,-92.90690,-14.04019,-14.04019,155.17363,501.00000,518.00000,529.00000
85.29197,6.69122,91.74926,22.18220,43.66446,-3.52399,-3.52399,57.05951,-125.10822,177.35583,49.89028,-76.99926,-92.88732,-14.04175,-14.04175,177.35583,501.00000,518.00000,529.00000
85.12775,6.57636,91.79054,22.18584,43.59235,-3.60248,-3.60248,57.06877,-125.17641,199.54168,49.90028,-77.04197,-92.92467,-14.03871,-14.03871,199.54168,501.00000,518.00000,529.00000
84.96361,6.46138,91.83152,22.18925,43.63442,-3.66361,-3.66361,57.00763,-125.17351,221.73092,50.00478,-77.02306,-92.90815,-14.04008,-14.04008,221.73092,501.00000,518.00000,529.00000
84.79947,6.34640,91.87226,22.19259,43.68031,-3.72404,-3.72404,56.94416,-125.16760,243.92351,50.11229,-77.00175,-92.88957,-14.04165,-14.04165,243.92351,501.00000,518.00000,529.00000
84.63533,6.23142,91.91273,22.19587,43.72496,-3.78454,-3.78454,56.88148,-125.16179,266.11938,50.21861,-76.98079,-92.87131,-14.04322,-14.04322,266.11938,501.00000,518.00000,529.00000
84.47119,6.11644,91.95294,22.19909,43.76837,-3.84511,-3.84511,56.81960,-125.15610,288.31847,50.32372,-76.96016,-92.85335,-14.04479,-14.04479,288.31847,501.00000,518.00000,529.00000
84.30705,6.00146,91.99289,22.20225,43.81052,-3.90576,-3.90576,56.75851,-125.15052,310.52071,50.42765,-76.93987,-92.83572,-14.04635,-14.04635,310.52071,501.00000,518.00000,529.00000
84.14291,5.88648,92.03258,22.20535,43.85143,-3.96647,-3.96647,56.69822,-125.14505,332.72606,50.53037,-76.91994,-92.81841,-14.04790,-14.04790,332.72606,501.00000,518.00000,529.00000
83.97877,5.77150,92.07199,22.20839,43.89109,-4.02725,-4.02725,56.63872,-125.13968,354.93445,50.63190,-76.90034,-92.80141,-14.04946,-14.04946,354.93445,501.00000,518.00000,529.00000
83.81462,5.65652,92.11113,22.21137,43.92950,-4.08809,-4.08809,56.58001,-125.13443,377.14583,50.73223,-76.88109,-92.78474,-14.05099,-14.05099,377.14583,501.00000,518.00000,529.00000
83.65048,5.54154,92.15001,22.21429,43.96665,-4.14900,-4.14900,56.52210,-125.12929,399.36012,50.83135,-76.86220,-92.76838,-14.05252,-14.05252,399.36012,501.00000,518.00000,529.00000
83.48634,5.42656,92.18860,22.21716,44.00257,-4.20998,-4.20998,56.46498,-125.12426,421.57728,50.92927,-76.84365,-92.75236,-14.05405,-14.05405,421.57728,501.00000,518.00000,529.00000
83.32220,5.31158,92.22691,22.21996,44.03724,-4.27102,-4.27102,56.40866,-125.11934,443.79724,51.02599,-76.82546,-92.73665,-14.05556,-14.05556,443.79724,501.00000,518.00000,529.00000
83.15806,5.19660,92.26494,22.22270,44.07065,-4.33212,-4.33212,56.35312,-125.11453,466.01994,51.12150,-76.80763,-92.72126,-14.05706,-14.05706,466.01994,501.00000,518.00000,529.00000
82.99392,5.08162,92.30269,22.22539,44.10281,-4.39329,-4.39329,56.29838,-125.10983,488.24533,51.21580,-76.79015,-92.70621,-14.05855,-14.05855,488.24533,501.00000,518.00000,529.00000
82.82978,4.96664,92.34014,22.22801,44.13373,-4.45452,-4.45452,56.24443,-125.10523,510.47334,51.30890,-76.77303,-92.69148,-14.06003,-14.06003,510.47334,501.00000,518.00000,529.00000
82.66564,4.85166,92.37731,22.23057,44.16339,-4.51581,-4.51581,56.19127,-125.10075,532.70391,51.40079,-76.75628,-92.67707,-14.06150,-14.06150,532.70391,501.00000,518.00000,529.00000
82.50150,4.73669,92.41418,22.23308,44.19180,-4.57715,-4.57715,56.13890,-125.09638,554.93699,51.49147,-76.73989,-92.66300,-14.06295,-14.06295,554.93699,501.00000,518.00000,529.00000
82.33736,4.62171,92.45076,22.23552,44.21896,-4.63856,-4.63856,56.08733,-125.09211,577.17252,51.58093,-76.72386,-92.64925,-14.06438,-14.06438,577.17252,501.00000,518.00000,529.00000
82.16895,4.51363,92.48913,22.20279,51.60976,-3.54421,-3.54421,51.38711,-120.43753,599.37530,57.71834,-72.26916,-88.74356,-14.39788,-14.39788,599.37530,501.00000,518.00000,529.00000
81.99452,4.41528,92.53005,22.23301,54.55193,-3.12533,-3.12533,49.43600,-118.53067,621.60832,60.17202,-70.29323,-86.96421,-14.50967,-14.50967,621.60832,501.00000,518.00000,529.00000
81.81835,4.31976,92.57139,22.23520,54.57346,-3.18680,-3.18680,49.38965,-118.52775,643.84352,60.25577,-70.27592,-86.94852,-14.51058,-14.51058,643.84352,501.00000,518.00000,529.00000
81.64217,4.22424,92.61230,22.23734,54.59377,-3.24832,-3.24832,49.34404,-118.52490,666.08085,60.33835,-70.25896,-86.93317,-14.51148,-14.51148,666.08085,501.00000,518.00000,529.00000
81.46599,4.12872,92.65276,22.23943,54.61286,-3.30990,-3.30990,49.29915,-118.52212,688.32028,60.41976,-70.24235,-86.91815,-14.51238,-14.51238,688.32028,501.00000,518.00000,529.00000
81.28982,4.03320,92.69279,22.24147,54.63074,-3.37154,-3.37154,49.25501,-118.51941,710.56174,60.49998,-70.22610,-86.90347,-14.51328,-14.51328,710.56174,501.00000,518.00000,529.00000
81.11364,3.93767,92.73237,22.24346,54.64740,-3.43324,-3.43324,49.21160,-118.51676,732.80521,60.57903,-70.21021,-86.88913,-14.51417,-14.51417,732.80521,501.00000,518.00000,529.00000
80.93746,3.84215,92.77151,22.24541,54.66284,-3.49499,-3.49499,49.16892,-118.51418,755.05062,60.65690,-70.19468,-86.87514,-14.51506,-14.51506,755.05062,501.00000,518.00000,529.00000
80.76129,3.74663,92.81020,22.24731,54.67707,-3.55679,-3.55679,49.12697,-118.51167,777.29792,60.73360,-70.17951,-86.86147,-14.51594,-14.51594,777.29792,501.00000,518.00000,529.00000
80.58511,3.65111,92.84845,22.24916,54.69008,-3.61865,-3.61865,49.08576,-118.50923,799.54708,60.80911,-70.16471,-86.84815,-14.51682,-14.51682,799.54708,501.00000,518.00000,529.00000
80.40893,3.55559,92.88624,22.25096,54.70187,-3.68057,-3.68057,49.04528,-118.50685,821.79805,60.88343,-70.15028,-86.83518,-14.51768,-14.51768,821.79805,501.00000,518.00000,529.00000
80.23276,3.46007,92.92358,22.25272,54.71245,-3.74253,-3.74253,49.00553,-118.50454,844.05076,60.95658,-70.13621,-86.82254,-14.51853,-14.51853,844.05076,501.00000,518.00000,529.00000
80.05658,3.36455,92.96047,22.25443,54.72181,-3.80455,-3.80455,48.96651,-118.50230,866.30519,61.02855,-70.12250,-86.81024,-14.51938,-14.51938,866.30519,501.00000,518.00000,529.00000
79.87708,3.27588,92.99841,22.24218,61.17453,-2.75085,-2.75085,44.56611,-114.13712,888.54737,66.25590,-65.25994,-82.38274,-14.76982,-14.76982,888.54737,501.00000,518.00000,529.00000
79.69365,3.19530,93.03761,22.25490,62.30366,-2.61019,-2.61019,43.74519,-113.35009,910.80226,67.21241,-64.33108,-81.52340,-14.80713,-14.80713,910.80226,501.00000,518.00000,529.00000
79.50962,3.11596,93.07651,22.25633,62.30801,-2.67233,-2.67233,43.71055,-113.34862,933.05859,67.27941,-64.31732,-81.51065,-14.80767,-14.80767,933.05859,501.00000,518.00000,529.00000
79.32559,3.03662,93.11484,22.25772,62.31118,-2.73452,-2.73452,43.67659,-113.34720,955.31632,67.34525,-64.30389,-81.49823,-14.80821,-14.80821,955.31632,501.00000,518.00000,529.00000
79.14156,2.95727,93.15261,22.25908,62.31317,-2.79676,-2.79676,43.64328,-113.34581,977.57540,67.40995,-64.29080,-81.48612,-14.80874,-14.80874,977.57540,501.00000,518.00000,529.00000
78.95753,2.87793,93.18980,22.26041,62.31397,-2.85904,-2.85904,43.61064,-113.34447,999.83581,67.47349,-64.27804,-81.47433,-14.80928,-14.80928,999.83581,501.00000,518.00000,529.00000
78.77350,2.79859,93.22642,22.26170,62.31359,-2.92136,-2.92136,43.57867,-113.34317,1022.09750,67.53588,-64.26562,-81.46286,-14.80981,-14.80981,1022.09750,501.00000,518.00000,529.00000
78.58946,2.71925,93.26246,22.26295,62.31203,-2.98373,-2.98373,43.54736,-113.34190,1044.36045,67.59711,-64.25353,-81.45171,-14.81034,-14.81034,1044.36045,501.00000,518.00000,529.00000
78.40543,2.63990,93.29792,22.26417,62.30929,-3.04614,-3.04614,43.51671,-113.34068,1066.62462,67.65719,-64.24178,-81.44089,-14.81086,-14.81086,1066.62462,501.00000,518.00000,529.00000
78.22140,2.56056,93.33281,22.26535,62.30536,-3.10860,-3.10860,43.48672,-113.33949,1088.88996,67.71611,-64.23037,-81.43038,-14.81138,-14.81138,1088.88996,501.00000,518.00000,529.00000
78.03737,2.48122,93.36711,22.26649,62.30025,-3.17110,-3.17110,43.45740,-113.33835,1111.15645,67.77388,-64.21930,-81.42020,-14.81190,-14.81190,1111.15645,501.00000,518.00000,529.00000
77.85334,2.40187,93.40083,22.26760,62.29396,-3.23364,-3.23364,43.42873,-113.33725,1133.42405,67.83049,-64.20857,-81.41034,-14.81240,-14.81240,1133.42405,501.00000,518.00000,529.00000
77.66791,2.32684,93.43459,22.19785,65.90025,-2.62360,-2.62360,40.81197,-110.74693,1155.62191,70.71677,-61.06686,-78.50341,-14.94523,-14.94523,1155.62191,501.00000,518.00000,529.00000
77.47676,2.26937,93.47027,22.26748,76.17402,-0.58024,-0.58024,32.78710,-102.74601,1177.88939,78.57939,-50.61592,-68.55800,-15.16949,-15.16949,1177.88939,501.00000,518.00000,529.00000
77.28129,2.22518,93.50710,22.26812,76.16196,-0.64292,-0.64292,32.76453,-102.74572,1200.15751,78.63028,-50.60490,-68.54731,-15.16958,-15.16958,1200.15751,501.00000,518.00000,529.00000
77.08582,2.18098,93.54312,22.26875,76.14878,-0.70563,-0.70563,32.74246,-102.74543,1222.42626,78.68007,-50.59408,-68.53684,-15.16967,-15.16967,1222.42626,501.00000,518.00000,529.00000
76.89034,2.13679,93.57834,22.26937,76.13448,-0.76838,-0.76838,32.72087,-102.74514,1244.69562,78.72877,-50.58347,-68.52658,-15.16977,-15.16977,1244.69562,501.00000,518.00000,529.00000
76.69487,2.09259,93.61277,22.26997,76.11906,-0.83116,-0.83116,32.69977,-102.74487,1266.96559,78.77636,-50.57307,-68.51653,-15.16987,-15.16987,1266.96559,501.00000,518.00000,529.00000
76.49940,2.04840,93.64639,22.27056,76.10252,-0.89397,-0.89397,32.67916,-102.74460,1289.23615,78.82285,-50.56289,-68.50669,-15.16998,-15.16998,1289.23615,501.00000,518.00000,529.00000
76.30393,2.00420,93.67922,22.27114,76.08485,-0.95682,-0.95682,32.65903,-102.74434,1311.50729,78.86824,-50.55291,-68.49706,-15.17010,-15.17010,1311.50729,501.00000,518.00000,529.00000
76.10846,1.96000,93.71123,22.27170,76.06607,-1.01971,-1.01971,32.63940,-102.74408,1333.77899,78.91251,-50.54315,-68.48764,-15.17022,-15.17022,1333.77899,501.00000,518.00000,529.00000
75.91299,1.91581,93.74244,22.27226,76.04617,-1.08262,-1.08262,32.62025,-102.74384,1356.05125,78.95569,-50.53360,-68.47844,-15.17035,-15.17035,1356.05125,501.00000,518.00000,529.00000
75.71751,1.87161,93.77285,22.27280,76.02514,-1.14556,-1.14556,32.60159,-102.74360,1378.32405,78.99777,-50.52426,-68.46946,-15.17048,-15.17048,1378.32405,501.00000,518.00000,529.00000
75.52204,1.82742,93.80246,22.27332,76.00299,-1.20853,-1.20853,32.58341,-102.74337,1400.59737,79.03874,-50.51514,-68.46068,-15.17062,-15.17062,1400.59737,501.00000,518.00000,529.00000
75.32657,1.78322,93.83125,22.27384,75.97973,-1.27154,-1.27154,32.56571,-102.74314,1422.87121,79.07860,-50.50623,-68.45211,-15.17076,-15.17076,1422.87121,501.00000,518.00000,529.00000
75.13110,1.73903,93.85924,22.27434,75.95535,-1.33456,-1.33456,32.54850,-102.74292,1445.14555,79.11736,-50.49753,-68.44376,-15.17090,-15.17090,1445.14555,501.00000,518.00000,529.00000
74.93563,1.69483,93.88642,22.27483,75.92985,-1.39761,-1.39761,32.53178,-102.74271,1467.42039,79.15501,-50.48905,-68.43562,-15.17105,-15.17105,1467.42039,501.00000,518.00000,529.00000
74.74015,1.65063,93.91278,22.27531,75.90323,-1.46069,-1.46069,32.51553,-102.74251,1489.69570,79.19155,-50.48078,-68.42769,-15.17120,-15.17120,1489.69570,501.00000,518.00000,529.00000
74.54437,1.60809,93.93847,22.26664,77.01253,-1.26908,-1.26908,31.53876,-101.78117,1511.96234,80.06249,-49.13688,-67.13729,-15.19423,-15.19423,1511.96234,501.00000,518.00000,529.00000
74.34734,1.57196,93.96381,22.27593,80.14713,-0.59413,-0.59413,28.74560,-99.00249,1534.23826,82.38405,-45.18921,-63.31809,-15.23951,-15.23951,1534.23826,501.00000,518.00000,529.00000
74.14941,1.54061,93.98864,22.27625,80.11660,-0.65729,-0.65729,28.73179,-99.00241,1556.51451,82.41672,-45.18129,-63.31039,-15.23957,-15.23957,1556.51451,501.00000,518.00000,529.00000
73.95147,1.50925,94.01259,22.27657,80.08497,-0.72048,-0.72048,28.71839,-99.00234,1578.79108,82.44828,-45.17353,-63.30284,-15.23964,-15.23964,1578.79108,501.00000,518.00000,529.00000
73.75353,1.47789,94.03566,22.27688,80.05223,-0.78368,-0.78368,28.70541,-99.00226,1601.06795,82.47876,-45.16592,-63.29545,-15.23971,-15.23971,1601.06795,501.00000,518.00000,529.00000
73.55560,1.44654,94.05785,22.27718,80.01839,-0.84691,-0.84691,28.69283,-99.00219,1623.34513,82.50813,-45.15847,-63.28823,-15.23978,-15.23978,1623.34513,501.00000,518.00000,529.00000
73.35766,1.41518,94.07915,22.27748,79.98345,-0.91016,-0.91016,28.68067,-99.00213,1645.62261,82.53641,-45.15118,-63.28116,-15.23986,-15.23986,1645.62261,501.00000,518.00000,529.00000
73.15972,1.38382,94.09957,22.27777,79.94740,-0.97343,-0.97343,28.66891,-99.00206,1667.90038,82.56359,-45.14404,-63.27424,-15.23994,-15.23994,1667.90038,501.00000,518.00000,529.00000
72.96178,1.35246,94.11912,22.27805,79.91026,-1.03671,-1.03671,28.65757,-99.00200,1690.17843,82.58967,-45.13706,-63.26749,-15.24003,-15.24003,1690.17843,501.00000,518.00000,529.00000
72.76385,1.32111,94.13778,22.27833,79.87201,-1.10001,-1.10001,28.64663,-99.00194,1712.45676,82.61466,-45.13024,-63.26090,-15.24011,-15.24011,1712.45676,501.00000,518.00000,529.00000
72.56591,1.28975,94.15555,22.27860,79.83266,-1.16333,-1.16333,28.63611,-99.00189,1734.73536,82.63855,-45.12358,-63.25446,-15.24020,-15.24020,1734.73536,501.00000,518.00000,529.00000
72.36797,1.25839,94.17243,22.27886,79.79222,-1.22667,-1.22667,28.62599,-99.00183,1757.01422,82.66134,-45.11708,-63.24817,-15.24030,-15.24030,1757.01422,501.00000,518.00000,529.00000
72.16936,1.25252,94.18925,22.26204,93.13553,2.59938,2.59938,13.99045,-84.37465,1779.27626,91.39522,-22.77121,-41.04723,-15.06407,-15.06407,1779.27626,501.00000,518.00000,529.00000
71.97005,1.27273,94.20586,22.27867,93.33081,2.62452,2.62452,13.64674,-84.03778,1801.55493,91.54632,-22.22645,-40.49198,-15.04851,-15.04851,1801.55493,501.00000,518.00000,529.00000
71.77073,1.29354,94.22140,22.27849,93.28533,2.56112,2.56112,13.63993,-84.03770,1823.83342,91.56406,-22.21924,-40.48463,-15.04831,-15.04831,1823.83342,501.00000,518.00000,529.00000
71.57140,1.31434,94.23585,22.27831,93.23875,2.49771,2.49771,13.63322,-84.03762,1846.11173,91.58071,-22.21191,-40.47716,-15.04811,-15.04811,1846.11173,501.00000,518.00000,529.00000
71.37208,1.33515,94.24922,22.27812,93.19108,2.43429,2.43429,13.62659,-84.03753,1868.38985,91.59627,-22.20447,-40.46959,-15.04791,-15.04791,1868.38985,501.00000,518.00000,529.00000
71.17276,1.35595,94.26150,22.27793,93.14233,2.37086,2.37086,13.62005,-84.03744,1890.66778,91.61074,-22.19691,-40.46189,-15.04771,-15.04771,1890.66778,501.00000,518.00000,529.00000
70.97343,1.37675,94.27269,22.27774,93.09249,2.30742,2.30742,13.61360,-84.03736,1912.94553,91.62411,-22.18923,-40.45409,-15.04751,-15.04751,1912.94553,501.00000,518.00000,529.00000
70.77411,1.39756,94.28279,22.27755,93.04156,2.24397,2.24397,13.60723,-84.03727,1935.22308,91.63639,-22.18142,-40.44617,-15.04731,-15.04731,1890.66798,501.00000,518.00000,529.00000
70.57479,1.41836,94.29180,22.27735,92.98954,2.18052,2.18052,13.60096,-84.03718,1957.50043,91.64758,-22.17350,-40.43813,-15.04712,-15.04712,1868.39062,501.00000,518.00000,529.00000
70.37547,1.43917,94.29972,22.27715,92.93643,2.11706,2.11706,13.59477,-84.03709,1979.77758,91.65767,-22.16547,-40.42998,-15.04694,-15.04694,1846.11347,501.00000,518.00000,529.00000
70.17614,1.45997,94.30655,22.27695,92.88225,2.05358,2.05358,13.58867,-84.03700,2002.05454,91.66667,-22.15732,-40.42171,-15.04675,-15.04675,1823.83652,501.00000,518.00000,529.00000
69.97682,1.48077,94.31230,22.27675,92.82698,1.99011,1.99011,13.58266,-84.03691,2024.33128,91.67458,-22.14904,-40.41334,-15.04657,-15.04657,1801.55977,501.00000,518.00000,529.00000
69.77750,1.50158,94.31695,22.27654,92.77063,1.92663,1.92663,13.57673,-84.03681,2046.60782,91.68140,-22.14065,-40.40484,-15.04639,-15.04639,1779.28324,501.00000,518.00000,529.00000
69.57833,1.52356,94.32052,22.26952,93.18509,2.04121,2.04121,12.89235,-83.35817,2068.87734,91.94279,-21.04479,-39.29507,-15.02271,-15.02271,1757.01371,501.00000,518.00000,529.00000
69.38003,1.55184,94.32301,22.27616,95.03065,2.75070,2.75070,9.92703,-80.39845,2091.15350,92.91082,-16.26071,-34.42397,-14.89869,-14.89869,1734.73755,501.00000,518.00000,529.00000
69.18243,1.58524,94.32440,22.27582,94.97050,2.68720,2.68720,9.92133,-80.39824,2113.42932,92.91380,-16.25169,-34.41475,-14.89843,-14.89843,1712.46174,501.00000,518.00000,529.00000
68.98483,1.61865,94.32466,22.27546,94.90927,2.62371,2.62371,9.91562,-80.39803,2135.70478,92.91568,-16.24248,-34.40534,-14.89816,-14.89816,1690.18627,501.00000,518.00000,529.00000
68.78723,1.65205,94.32381,22.27510,94.84695,2.56022,2.56022,9.90992,-80.39782,2157.97988,92.91646,-16.23309,-34.39574,-14.89790,-14.89790,1667.91117,501.00000,518.00000,529.00000
68.58962,1.68546,94.32184,22.27473,94.78353,2.49673,2.49673,9.90421,-80.39760,2180.25462,92.91613,-16.22350,-34.38596,-14.89764,-14.89764,1645.63644,501.00000,518.00000,529.00000
68.39202,1.71887,94.31875,22.27436,94.71903,2.43324,2.43324,9.89851,-80.39738,2202.52898,92.91471,-16.21372,-34.37598,-14.89739,-14.89739,1623.36208,501.00000,518.00000,529.00000
68.19442,1.75227,94.31454,22.27398,94.65344,2.36975,2.36975,9.89280,-80.39716,2224.80295,92.91217,-16.20374,-34.36582,-14.89712,-14.89712,1601.08810,501.00000,518.00000,529.00000
67.99682,1.78568,94.30922,22.27359,94.58677,2.30627,2.30627,9.88710,-80.39693,2247.07654,92.90854,-16.19358,-34.35547,-14.89687,-14.89687,1578.81452,501.00000,518.00000,529.00000
67.79922,1.81908,94.30277,22.27319,94.51902,2.24279,2.24279,9.88139,-80.39670,2269.34973,92.90380,-16.18322,-34.34492,-14.89662,-14.89662,1556.54133,501.00000,518.00000,529.00000
67.60161,1.85249,94.29521,22.27278,94.45017,2.17931,2.17931,9.87568,-80.39646,2291.62251,92.89796,-16.17266,-34.33419,-14.89636,-14.89636,1534.26854,501.00000,518.00000,529.00000
67.40401,1.88589,94.28653,22.27237,94.38025,2.11584,2.11584,9.86997,-80.39623,2313.89488,92.89102,-16.16192,-34.32327,-14.89611,-14.89611,1511.99617,501.00000,518.00000,529.00000
67.20641,1.91930,94.27673,22.27195,94.30924,2.05237,2.05237,9.86427,-80.39599,2336.16684,92.88298,-16.15099,-34.31217,-14.89587,-14.89587,1489.72422,501.00000,518.00000,529.00000
67.00881,1.95271,94.26581,22.27153,94.23715,1.98891,1.98891,9.85856,-80.39574,2358.43836,92.87383,-16.13987,-34.30088,-14.89562,-14.89562,1467.45269,501.00000,518.00000,529.00000
66.81121,1.98611,94.25377,22.27109,94.16398,1.92546,1.92546,9.85285,-80.39550,2380.70946,92.86357,-16.12855,-34.28941,-14.89539,-14.89539,1445.18160,501.00000,518.00000,529.00000
66.61360,2.01952,94.24061,22.27065,94.08973,1.86202,1.86202,9.84714,-80.39525,2402.98011,92.85221,-16.11705,-34.27775,-14.89515,-14.89515,1422.91095,501.00000,518.00000,529.00000
66.41647,2.05461,94.22633,22.23364,94.59528,2.05700,2.05700,8.84642,-79.40006,2425.21374,93.10542,-14.49073,-32.62757,-14.86088,-14.86088,1400.67731,501.00000,518.00000,529.00000
66.22486,2.10959,94.21081,22.27102,98.96575,4.75268,4.75268,2.00209,-68.55805,2447.48476,94.15330,3.29135,-14.24702,-14.21423,-14.21423,1378.40629,501.00000,518.00000,529.00000
66.03830,2.18280,94.19406,22.27009,98.88571,4.68925,4.68925,2.01037,-68.55700,2469.75486,94.13608,3.30436,-14.23335,-14.21358,-14.21358,1356.13620,501.00000,518.00000,529.00000
65.85174,2.25600,94.17615,22.26914,98.80453,4.62584,4.62584,2.01894,-68.55591,2492.02400,94.11769,3.31782,-14.21921,-14.21291,-14.21291,1333.86706,501.00000,518.00000,529.00000
65.66519,2.32921,94.15708,22.26815,98.72221,4.56243,4.56243,2.02782,-68.55480,2514.29215,94.09812,3.33172,-14.20463,-14.21223,-14.21223,1311.59890,501.00000,518.00000,529.00000
65.47863,2.40242,94.13688,22.26713,98.63876,4.49904,4.49904,2.03698,-68.55365,2536.55928,94.07739,3.34605,-14.18960,-14.21154,-14.21154,1289.33177,501.00000,518.00000,529.00000
65.29208,2.47562,94.11552,22.26608,98.55416,4.43567,4.43567,2.04645,-68.55247,2558.82537,94.05550,3.36083,-14.17411,-14.21084,-14.21084,1267.06569,501.00000,518.00000,529.00000
65.10552,2.54883,94.09302,22.26500,98.46843,4.37232,4.37232,2.05621,-68.55126,2581.09037,94.03243,3.37604,-14.15817,-14.21013,-14.21013,1244.80068,501.00000,518.00000,529.00000
64.91896,2.62203,94.06937,22.26389,98.38157,4.30898,4.30898,2.06626,-68.55001,2603.35426,94.00821,3.39170,-14.14178,-14.20941,-14.20941,1222.53679,501.00000,518.00000,529.00000
64.73241,2.69524,94.04458,22.26275,98.29358,4.24565,4.24565,2.07662,-68.54874,2625.61701,93.98282,3.40779,-14.12494,-14.20868,-14.20868,1200.27405,501.00000,518.00000,529.00000
64.54585,2.76845,94.01864,22.26157,98.20445,4.18235,4.18235,2.08728,-68.54743,2647.87858,93.95626,3.42433,-14.10766,-14.20793,-14.20793,1178.01248,501.00000,518.00000,529.00000
64.35929,2.84165,93.99156,22.26036,98.11419,4.11906,4.11906,2.09823,-68.54609,2670.13894,93.92854,3.44130,-14.08993,-14.20718,-14.20718,1155.75211,501.00000,518.00000,529.00000
64.17274,2.91486,93.96333,22.25912,98.02281,4.05579,4.05579,2.10948,-68.54472,2692.39807,93.89965,3.45871,-14.07175,-14.20642,-14.20642,1133.49299,501.00000,518.00000,529.00000
63.98618,2.98806,93.93396,22.25785,97.93029,3.99255,3.99255,2.12104,-68.54331,2714.65592,93.86960,3.47655,-14.05313,-14.20566,-14.20566,1111.23514,501.00000,518.00000,529.00000
63.79962,3.06127,93.90344,22.25655,97.83665,3.92933,3.92933,2.13289,-68.54188,2736.91247,93.83838,3.49483,-14.03406,-14.20489,-14.20489,1088.97858,501.00000,518.00000,529.00000
63.61307,3.13448,93.87179,22.25522,97.74188,3.86613,3.86613,2.14504,-68.54041,2759.16769,93.80601,3.51355,-14.01455,-14.20411,-14.20411,1066.72336,501.00000,518.00000,529.00000
63.42651,3.20768,93.83899,22.25385,97.64598,3.80295,3.80295,2.15749,-68.53891,2781.42155,93.77247,3.53270,-13.99460,-14.20333,-14.20333,1044.46951,501.00000,518.00000,529.00000
63.23995,3.28089,93.80505,22.25246,97.54897,3.73980,3.73980,2.17025,-68.53738,2803.67400,93.73776,3.55229,-13.97421,-14.20254,-14.20254,1022.21705,501.00000,518.00000,529.00000
63.05340,3.35409,93.76997,22.25103,97.45083,3.67668,3.67668,2.18330,-68.53582,2825.92504,93.70189,3.57232,-13.95338,-14.20175,-14.20175,999.96602,501.00000,518.00000,529.00000
62.86684,3.42730,93.73375,22.24957,97.35157,3.61358,3.61358,2.19666,-68.53422,2848.17461,93.66487,3.59277,-13.93211,-14.20095,-14.20095,977.71645,501.00000,518.00000,529.00000
62.68028,3.50051,93.69639,22.24808,97.25120,3.55050,3.55050,2.21032,-68.53259,2870.42269,93.62668,3.61366,-13.91041,-14.20015,-14.20015,955.46837,501.00000,518.00000,529.00000
62.49373,3.57371,93.65789,22.24656,97.14970,3.48745,3.48745,2.22428,-68.53093,2892.66925,93.58733,3.63498,-13.88827,-14.19935,-14.19935,933.22181,501.00000,518.00000,529.00000
62.30717,3.64692,93.61826,22.24501,97.04708,3.42444,3.42444,2.23855,-68.52924,2914.91426,93.54682,3.65674,-13.86569,-14.19855,-14.19855,910.97680,501.00000,518.00000,529.00000
62.12061,3.72012,93.57749,22.24342,96.94335,3.36145,3.36145,2.25312,-68.52752,2937.15768,93.50515,3.67892,-13.84268,-14.19774,-14.19774,888.73338,501.00000,518.00000,529.00000
61.93557,3.79681,93.53564,22.22768,97.29325,3.83498,3.83498,4.44374,-66.35049,2959.38536,93.25446,7.24716,-10.13159,-14.06025,-14.06025,866.50569,501.00000,518.00000,529.00000
61.75351,3.88032,93.49279,22.24263,97.49043,4.28242,4.28242,6.55117,-64.25774,2981.62799,92.88231,10.66664,-6.55325,-13.91112,-13.91112,844.26307,501.00000,518.00000,529.00000
61.57291,3.96718,93.44887,22.24075,97.38155,4.21950,4.21950,6.56896,-64.25528,3003.86874,92.83537,10.69045,-6.52827,-13.91003,-13.91003,822.02232,501.00000,518.00000,529.00000
61.39230,4.05404,93.40384,22.23883,97.27151,4.15661,4.15661,6.58716,-64.25276,3026.10757,92.78724,10.71478,-6.50277,-13.90894,-13.90894,799.78349,501.00000,518.00000,529.00000
61.21170,4.14090,93.35769,22.23687,97.16034,4.09376,4.09376,6.60577,-64.25019,3048.34444,92.73791,10.73961,-6.47674,-13.90783,-13.90783,777.54661,501.00000,518.00000,529.00000
61.03110,4.22776,93.31043,22.23487,97.04802,4.03094,4.03094,6.62480,-64.24757,3070.57931,92.68738,10.76495,-6.45019,-13.90672,-13.90672,755.31174,501.00000,518.00000,529.00000
60.85049,4.31462,93.26205,22.23283,96.93456,3.96816,3.96816,6.64424,-64.24489,3092.81214,92.63567,10.79081,-6.42313,-13.90560,-13.90560,733.07891,501.00000,518.00000,529.00000
60.66989,4.40148,93.21255,22.23075,96.81996,3.90541,3.90541,6.66411,-64.24216,3115.04289,92.58276,10.81718,-6.39554,-13.90448,-13.90448,710.84817,501.00000,518.00000,529.00000
60.48928,4.48834,93.16194,22.22862,96.70422,3.84270,3.84270,6.68439,-64.23938,3137.27151,92.52866,10.84406,-6.36744,-13.90336,-13.90336,688.61955,501.00000,518.00000,529.00000
60.30868,4.57520,93.11022,22.22645,96.58734,3.78003,3.78003,6.70509,-64.23655,3159.49796,92.47337,10.87145,-6.33883,-13.90223,-13.90223,666.39309,501.00000,518.00000,529.00000
60.12808,4.66206,93.05739,22.22425,96.46933,3.71740,3.71740,6.72620,-64.23367,3181.72221,92.41689,10.89934,-6.30970,-13.90110,-13.90110,644.16885,501.00000,518.00000,529.00000
59.94883,4.75162,93.00355,22.22109,96.49590,4.07304,4.07304,8.47943,-62.49955,3203.94330,91.98692,13.71378,-3.36459,-13.78220,-13.78220,621.94775,501.00000,518.00000,529.00000
59.77131,4.84459,92.94877,22.22192,96.39833,4.12079,4.12079,8.96188,-62.03702,3226.16522,91.81407,14.47930,-2.56120,-13.74808,-13.74808,599.72584,501.00000,518.00000,529.00000
59.59415,4.93828,92.89291,22.21949,96.27573,4.05825,4.05825,8.98574,-62.03356,3248.38471,91.75286,14.50882,-2.53022,-13.74676,-13.74676,577.50635,501.00000,518.00000,529.00000
59.41699,5.03196,92.83597,22.21702,96.15197,3.99576,3.99576,9.01008,-62.03003,3270.60173,91.69045,14.53888,-2.49868,-13.74544,-13.74544,555.28933,501.00000,518.00000,529.00000
59.23983,5.12565,92.77793,22.21450,96.02707,3.93330,3.93330,9.03490,-62.02644,3292.81622,91.62683,14.56948,-2.46660,-13.74411,-13.74411,533.07483,501.00000,518.00000,529.00000
59.06267,5.21933,92.71881,22.21193,95.90102,3.87090,3.87090,9.06020,-62.02278,3315.02816,91.56200,14.60063,-2.43396,-13.74279,-13.74279,510.86290,501.00000,518.00000,529.00000
58.88551,5.31302,92.65860,22.20932,95.77382,3.80854,3.80854,9.08599,-62.01906,3337.23748,91.49596,14.63233,-2.40078,-13.74146,-13.74146,488.65357,501.00000,518.00000,529.00000
58.70836,5.40670,92.59730,22.20667,95.64548,3.74622,3.74622,9.11225,-62.01527,3359.44415,91.42872,14.66455,-2.36705,-13.74012,-13.74012,466.44691,501.00000,518.00000,529.00000
58.53120,5.50039,92.53491,22.20396,95.51599,3.68395,3.68395,9.13899,-62.01142,3381.64811,91.36027,14.69732,-2.33278,-13.73879,-13.73879,444.24294,501.00000,518.00000,529.00000
58.35404,5.59407,92.47144,22.20121,95.38536,3.62172,3.62172,9.16622,-62.00751,3403.84933,91.29062,14.73063,-2.29798,-13.73746,-13.73746,422.04173,501.00000,518.00000,529.00000
58.17569,5.68530,92.40679,22.18315,95.15623,3.18293,3.18293,7.62774,-63.56918,3426.03248,91.58912,12.26573,-4.86615,-13.82918,-13.82918,399.85858,501.00000,518.00000,529.00000
57.99428,5.77022,92.34076,22.18971,94.73018,2.52565,2.52565,5.19888,-66.02042,3448.22219,91.96088,8.36728,-8.89917,-13.95042,-13.95042,377.66886,501.00000,518.00000,529.00000
57.81100,5.85130,92.27345,22.18704,94.59867,2.46361,2.46361,5.22431,-66.01723,3470.40924,91.89014,8.40197,-8.86345,-13.94948,-13.94948,355.48182,501.00000,518.00000,529.00000
57.62773,5.93237,92.20506,22.18434,94.46608,2.40162,2.40162,5.25012,-66.01399,3492.59358,91.81823,8.43711,-8.82729,-13.94855,-13.94855,333.29748,501.00000,518.00000,529.00000
57.44445,6.01344,92.13556,22.18160,94.33239,2.33968,2.33968,5.27632,-66.01072,3514.77517,91.74516,8.47270,-8.79068,-13.94763,-13.94763,311.11588,501.00000,518.00000,529.00000
57.26118,6.09452,92.06497,22.17882,94.19760,2.27780,2.27780,5.30291,-66.00739,3536.95399,91.67093,8.50875,-8.75362,-13.94672,-13.94672,288.93706,501.00000,518.00000,529.00000
57.07790,6.17559,91.99329,22.17600,94.06171,2.21597,2.21597,5.32989,-66.00403,3559.13000,91.59554,8.54526,-8.71613,-13.94583,-13.94583,266.76106,501.00000,518.00000,529.00000
56.89463,6.25666,91.92050,22.17315,93.92474,2.15420,2.15420,5.35725,-66.00062,3581.30315,91.51899,8.58221,-8.67819,-13.94494,-13.94494,244.58791,501.00000,518.00000,529.00000
56.71135,6.33774,91.84663,22.17026,93.78668,2.09248,2.09248,5.38501,-65.99717,3603.47341,91.44127,8.61961,-8.63982,-13.94408,-13.94408,222.41765,501.00000,518.00000,529.00000
56.52808,6.41881,91.77168,22.16733,93.64753,2.03081,2.03081,5.41316,-65.99367,3625.64074,91.36240,8.65746,-8.60101,-13.94323,-13.94323,200.25031,501.00000,518.00000,529.00000
56.34480,6.49988,91.69563,22.16437,93.50730,1.96921,1.96921,5.44170,-65.99013,3647.80511,91.28238,8.69576,-8.56176,-13.94239,-13.94239,178.08594,501.00000,518.00000,529.00000
56.16153,6.58095,91.61850,22.16137,93.36598,1.90766,1.90766,5.47064,-65.98655,3669.96649,91.20120,8.73451,-8.52208,-13.94156,-13.94156,155.92457,501.00000,518.00000,529.00000
55.97825,6.66203,91.54028,22.15833,93.22358,1.84618,1.84618,5.49997,-65.98292,3692.12482,91.11885,8.77370,-8.48198,-13.94075,-13.94075,133.76624,501.00000,518.00000,529.00000
55.79498,6.74310,91.46099,22.15526,93.08009,1.78475,1.78475,5.52969,-65.97925,3714.28008,91.03536,8.81333,-8.44145,-13.93996,-13.93996,111.61098,501.00000,518.00000,529.00000
55.61170,6.82417,91.38061,22.15215,92.93553,1.72338,1.72338,5.55982,-65.97554,3736.43222,90.95072,8.85340,-8.40048,-13.93920,-13.93920,89.45883,501.00000,518.00000,529.00000
55.42843,6.90525,91.29915,22.14900,92.78990,1.66207,1.66207,5.59034,-65.97178,3758.58122,90.86492,8.89391,-8.35910,-13.93844,-13.93844,67.30983,501.00000,518.00000,529.00000
55.24516,6.98632,91.21662,22.14581,92.64318,1.60083,1.60083,5.62126,-65.96798,3780.72704,90.77797,8.93486,-8.31729,-13.93770,-13.93770,45.16402,501.00000,518.00000,529.00000
55.06188,7.06739,91.13301,22.14259,92.49540,1.53965,1.53965,5.65258,-65.96414,3802.86963,90.68986,8.97625,-8.27506,-13.93698,-13.93698,23.02143,501.00000,518.00000,529.00000
54.87861,7.14847,91.04832,22.13933,92.34655,1.47853,1.47853,5.68431,-65.96025,3825.00896,90.60061,9.01808,-8.23242,-13.93629,-13.93629,0.88210,501.00000,518.00000,529.00000
54.69533,7.22954,90.96257,22.13604,92.19662,1.41748,1.41748,5.71643,-65.95632,3847.14500,90.51021,9.06034,-8.18936,-13.93561,-13.93561,-21.25394,501.00000,518.00000,529.00000
96.96906,5.47353,46.26709,22.31084,43.99731,-7.05983,-7.05983,21.44107,-48.37572,22.31084,43.06513,16.91266,16.13113,-2.34566,-2.34566,22.31084,787.00000,7250.00000,301.00000
96.81837,5.60679,46.66058,22.30802,44.47473,-6.98622,-6.98622,21.27230,-48.36913,44.61886,43.48144,16.92849,16.14732,-2.34823,-2.34823,44.61886,787.00000,7250.00000,301.00000
96.66768,5.74005,47.05397,22.30514,44.95140,-6.91252,-6.91252,21.10729,-48.36238,66.92400,43.89702,16.94486,16.16407,-2.35083,-2.35083,66.92400,787.00000,7250.00000,301.00000
96.51699,5.87331,47.44725,22.30220,45.42730,-6.83871,-6.83871,20.94595,-48.35547,89.22620,44.31184,16.96178,16.18140,-2.35347,-2.35347,89.22620,787.00000,7250.00000,301.00000
96.36630,6.00657,47.84038,22.29918,45.90244,-6.76482,-6.76482,20.78820,-48.34841,111.52538,44.72592,16.97925,16.19932,-2.35614,-2.35614,111.52538,787.00000,7250.00000,301.00000
96.21561,6.13983,48.23336,22.29610,46.37679,-6.69082,-6.69082,20.63397,-48.34120,133.82148,45.13922,16.99727,16.21783,-2.35884,-2.35884,133.82148,787.00000,7250.00000,301.00000
96.06492,6.27309,48.62615,22.29295,46.85037,-6.61673,-6.61673,20.48317,-48.33383,156.11444,45.55176,17.01586,16.23694,-2.36156,-2.36156,156.11444,787.00000,7250.00000,301.00000
95.93361,6.42168,48.99296,22.02850,41.90574,-5.76368,-5.76368,34.45875,-34.15127,178.14294,40.39635,27.72084,27.29170,-3.90347,-3.90347,178.14294,787.00000,7250.00000,301.00000
95.83010,6.59228,49.32328,22.33506,39.23249,-5.24196,-5.24196,40.28483,-28.04344,200.47800,37.62575,31.89183,31.62926,-4.49187,-4.49187,200.47800,787.00000,7250.00000,301.00000
95.73502,6.76956,49.64340,22.33327,39.70114,-5.16695,-5.16695,39.99195,-28.03468,222.81126,38.03353,31.90482,31.64281,-4.49366,-4.49366,222.81126,787.00000,7250.00000,301.00000
95.63994,6.94683,49.96451,22.33143,40.16896,-5.09185,-5.09185,39.70385,-28.02569,245.14269,38.44053,31.91830,31.65689,-4.49547,-4.49547,245.14269,787.00000,7250.00000,301.00000
95.54175,7.12222,50.29100,22.29822,41.75021,-5.17541,-5.17541,37.36315,-30.08068,267.44092,39.97154,30.51984,30.19588,-4.31235,-4.31235,267.44092,787.00000,7250.00000,301.00000
95.43489,7.29239,50.63055,22.31167,44.06888,-5.36656,-5.36656,33.43054,-33.75190,289.75258,42.25395,27.89367,27.45493,-3.97565,-3.97565,289.75258,787.00000,7250.00000,301.00000
95.32248,7.45921,50.97849,22.30907,44.53416,-5.29122,-5.29122,33.19705,-33.74176,312.06166,42.65842,27.91175,27.47380,-3.97793,-3.97793,312.06166,787.00000,7250.00000,301.00000
95.21006,7.62603,51.32687,22.30642,44.99855,-5.21579,-5.21579,32.96780,-33.73140,334.36807,43.06204,27.93042,27.49330,-3.98022,-3.98022,334.36807,787.00000,7250.00000,301.00000
95.09765,7.79285,51.67566,22.30371,45.46206,-5.14026,-5.14026,32.74272,-33.72080,356.67178,43.46480,27.94969,27.51344,-3.98252,-3.98252,356.67178,787.00000,7250.00000,301.00000
94.98524,7.95967,52.02483,22.30094,45.92468,-5.06465,-5.06465,32.52172,-33.70999,378.97272,43.86670,27.96955,27.53422,-3.98485,-3.98485,378.97272,787.00000,7250.00000,301.00000
94.87283,8.12649,52.37436,22.29811,46.38641,-4.98894,-4.98894,32.30473,-33.69894,401.27083,44.26773,27.99002,27.55566,-3.98718,-3.98718,401.27083,787.00000,7250.00000,301.00000
94.76041,8.29331,52.72421,22.29523,46.84723,-4.91313,-4.91313,32.09170,-33.68767,423.56606,44.66789,28.01110,27.57776,-3.98952,-3.98952,423.56606,787.00000,7250.00000,301.00000
94.64800,8.46013,53.07437,22.29229,47.30714,-4.83724,-4.83724,31.88255,-33.67617,445.85835,45.06717,28.03280,27.60053,-3.99188,-3.99188,445.85835,787.00000,7250.00000,301.00000
94.53559,8.62695,53.42479,22.28929,47.76613,-4.76127,-4.76127,31.67721,-33.66444,468.14764,45.46557,28.05513,27.62398,-3.99425,-3.99425,468.14764,787.00000,7250.00000,301.00000
94.42318,8.79377,53.77546,22.28623,48.22420,-4.68520,-4.68520,31.47563,-33.65249,490.43387,45.86306,28.07810,27.64812,-3.99662,-3.99662,490.43387,787.00000,7250.00000,301.00000
94.31076,8.96059,54.12635,22.28312,48.68133,-4.60904,-4.60904,31.27774,-33.64031,512.71700,46.25966,28.10171,27.67296,-3.99901,-3.99901,512.71700,787.00000,7250.00000,301.00000
94.19835,9.12741,54.47745,22.27995,49.13752,-4.53280,-4.53280,31.08347,-33.62790,534.99695,46.65536,28.12596,27.69849,-4.00139,-4.00139,534.99695,787.00000,7250.00000,301.00000
94.08594,9.29423,54.82871,22.27673,49.59276,-4.45648,-4.45648,30.89278,-33.61526,557.27367,47.05014,28.15088,27.72474,-4.00378,-4.00378,557.27367,787.00000,7250.00000,301.00000
93.97353,9.46105,55.18012,22.27344,50.04705,-4.38007,-4.38007,30.70560,-33.60240,579.54712,47.44400,28.17646,27.75171,-4.00617,-4.00617,579.54712,787.00000,7250.00000,301.00000
93.86111,9.62787,55.53165,22.27010,50.50037,-4.30358,-4.30358,30.52187,-33.58931,601.81722,47.83693,28.20270,27.77941,-4.00857,-4.00857,601.81722,787.00000,7250.00000,301.00000
93.74870,9.79469,55.88329,22.26671,50.95273,-4.22701,-4.22701,30.34154,-33.57599,624.08393,48.22893,28.22963,27.80785,-4.01096,-4.01096,624.08393,787.00000,7250.00000,301.00000
93.63629,9.96151,56.23500,22.26325,51.40410,-4.15036,-4.15036,30.16454,-33.56244,646.34718,48.61999,28.25724,27.83704,-4.01335,-4.01335,646.34718,787.00000,7250.00000,301.00000
93.52388,10.12833,56.58678,22.25974,51.85449,-4.07362,-4.07362,29.99083,-33.54867,668.60692,49.01012,28.28554,27.86697,-4.01573,-4.01573,624.08744,787.00000,7250.00000,301.00000
93.41146,10.29515,56.93859,22.25618,52.30389,-3.99681,-3.99681,29.82035,-33.53467,690.86310,49.39929,28.31455,27.89766,-4.01811,-4.01811,601.83126,787.00000,7250.00000,301.00000
93.29905,10.46197,57.29042,22.25256,52.75228,-3.91993,-3.91993,29.65306,-33.52043,713.11566,49.78750,28.34426,27.92913,-4.02048,-4.02048,579.57870,787.00000,7250.00000,301.00000
93.18664,10.62879,57.64223,22.24888,53.19967,-3.84296,-3.84296,29.48890,-33.50598,735.36453,50.17474,28.37468,27.96137,-4.02284,-4.02284,557.32983,787.00000,7250.00000,301.00000
93.07579,10.79660,57.99219,22.24388,53.12699,-3.69194,-3.69194,30.36892,-32.44705,757.60842,50.03497,29.31887,28.96320,-4.09383,-4.09383,535.08594,787.00000,7250.00000,301.00000
92.96978,10.96747,58.33645,22.26220,52.42166,-3.45512,-3.45512,32.39407,-30.23552,779.87062,49.25833,31.25313,31.01932,-4.23306,-4.23306,512.82374,787.00000,7250.00000,301.00000
92.86706,11.14043,58.67695,22.25887,52.86569,-3.37789,-3.37789,32.21761,-30.22066,802.12949,49.64242,31.28282,31.05093,-4.23511,-4.23511,490.56487,787.00000,7250.00000,301.00000
92.76434,11.31338,59.01755,22.25549,53.30870,-3.30060,-3.30060,32.04428,-30.20558,824.38499,50.02554,31.31320,31.08329,-4.23715,-4.23715,468.30937,787.00000,7250.00000,301.00000
92.66161,11.48634,59.35821,22.25206,53.75068,-3.22324,-3.22324,31.87401,-30.19026,846.63705,50.40766,31.34429,31.11642,-4.23917,-4.23917,446.05731,787.00000,7250.00000,301.00000
92.55889,11.65930,59.69892,22.24859,54.19162,-3.14581,-3.14581,31.70676,-30.17472,868.88564,50.78880,31.37608,31.15034,-4.24117,-4.24117,423.80872,787.00000,7250.00000,301.00000
92.45617,11.83225,60.03966,22.24506,54.63151,-3.06831,-3.06831,31.54249,-30.15894,891.13070,51.16895,31.40859,31.18504,-4.24315,-4.24315,401.56366,787.00000,7250.00000,301.00000
92.35345,12.00521,60.38041,22.24148,55.07036,-2.99075,-2.99075,31.38116,-30.14293,913.37218,51.54809,31.44183,31.22053,-4.24511,-4.24511,379.32218,787.00000,7250.00000,301.00000
92.25073,12.17816,60.72115,22.23785,55.50814,-2.91311,-2.91311,31.22272,-30.12669,935.61003,51.92622,31.47579,31.25683,-4.24705,-4.24705,357.08433,787.00000,7250.00000,301.00000
92.14801,12.35112,61.06185,22.23418,55.94485,-2.83542,-2.83542,31.06713,-30.11021,957.84420,52.30334,31.51048,31.29392,-4.24896,-4.24896,334.85016,787.00000,7250.00000,301.00000
92.04528,12.52407,61.40251,22.23045,56.38048,-2.75766,-2.75766,30.91435,-30.09350,980.07466,52.67944,31.54591,31.33183,-4.25085,-4.25085,312.61970,787.00000,7250.00000,301.00000
91.94256,12.69703,61.74309,22.22668,56.81504,-2.67984,-2.67984,30.76434,-30.07657,1002.30133,53.05451,31.58209,31.37057,-4.25271,-4.25271,290.39303,787.00000,7250.00000,301.00000
91.83984,12.86999,62.08359,22.22285,57.24850,-2.60196,-2.60196,30.61706,-30.05939,1024.52418,53.42854,31.61903,31.41014,-4.25454,-4.25454,268.17018,787.00000,7250.00000,301.00000
91.73712,13.04294,62.42399,22.21898,57.68087,-2.52402,-2.52402,30.47248,-30.04199,1046.74316,53.80154,31.65673,31.45054,-4.25635,-4.25635,245.95120,787.00000,7250.00000,301.00000
91.63440,13.21590,62.76426,22.21506,58.11214,-2.44602,-2.44602,30.33055,-30.02436,1068.95822,54.17349,31.69519,31.49178,-4.25812,-4.25812,223.73614,787.00000,7250.00000,301.00000
91.53168,13.38885,63.10439,22.21109,58.54229,-2.36797,-2.36797,30.19123,-30.00649,1091.16931,54.54439,31.73442,31.53388,-4.25985,-4.25985,201.52505,787.00000,7250.00000,301.00000
91.42895,13.56181,63.44436,22.20707,58.97133,-2.28985,-2.28985,30.05450,-29.98839,1113.37638,54.91423,31.77443,31.57683,-4.26156,-4.26156,179.31798,787.00000,7250.00000,301.00000
91.32623,13.73477,63.78417,22.20300,59.39925,-2.21168,-2.21168,29.92031,-29.97006,1135.57938,55.28301,31.81522,31.62066,-4.26322,-4.26322,157.11498,787.00000,7250.00000,301.00000
91.22351,13.90772,64.12377,22.19889,59.82603,-2.13346,-2.13346,29.78864,-29.95149,1157.77827,55.65071,31.85681,31.66535,-4.26485,-4.26485,134.91609,787.00000,7250.00000,301.00000
91.12079,14.08068,64.46317,22.19472,60.25167,-2.05519,-2.05519,29.65943,-29.93269,1179.97299,56.01734,31.89919,31.71092,-4.26644,-4.26644,112.72137,787.00000,7250.00000,301.00000
91.01807,14.25363,64.80235,22.19051,60.67617,-1.97686,-1.97686,29.53268,-29.91366,1202.16351,56.38289,31.94237,31.75737,-4.26799,-4.26799,90.53085,787.00000,7250.00000,301.00000
90.90632,14.41782,65.14722,21.62762,64.54022,-2.40931,-2.40931,22.37171,-36.95161,1223.79112,60.24385,24.79594,24.08458,-3.99930,-3.99930,68.90324,787.00000,7250.00000,301.00000
90.76092,14.54926,65.51360,21.85788,69.30904,-3.55285,-3.55285,2.44937,-56.83359,1245.64900,65.45375,2.79983,0.66203,-2.95587,-2.95587,47.04536,787.00000,7250.00000,301.00000
90.59088,14.65674,65.89523,21.85039,69.74811,-3.47598,-3.47598,2.49071,-56.82061,1267.49940,65.83298,2.86363,0.72961,-2.95929,-2.95929,25.19496,787.00000,7250.00000,301.00000
90.42084,14.76422,66.27594,21.84285,70.18612,-3.39907,-3.39907,2.53233,-56.80754,1289.34225,66.21121,2.92828,0.79812,-2.96266,-2.96266,3.35211,787.00000,7250.00000,301.00000
107.75048,-4.19715,20.65472,22.25113,-1.17232,-9.21003,-9.21003,22.49512,-18.01283,22.25113,19.08315,7.90260,18.06120,-8.07710,-8.07710,22.25113,787.00000,673.00000,301.00000
107.68844,-4.00684,21.06717,22.25164,-0.66423,-9.14711,-9.14711,22.02302,-18.01674,44.50277,19.52997,7.89975,18.06134,-8.07574,-8.07574,44.50277,787.00000,673.00000,301.00000
107.61830,-3.81966,21.48688,22.23181,1.40805,-9.74861,-9.74861,16.65376,-22.98498,66.73457,20.58559,6.15787,18.02903,-7.25527,-7.25527,66.73457,787.00000,673.00000,301.00000
107.53837,-3.63625,21.91465,22.24941,2.24202,-9.81510,-9.81510,15.28472,-24.02560,88.98398,21.13948,5.77705,17.99572,-7.07671,-7.07671,88.98398,787.00000,673.00000,301.00000
107.45675,-3.45348,22.34411,22.25014,2.75027,-9.75179,-9.75179,14.97484,-24.02968,111.23412,21.58529,5.77360,17.99532,-7.07513,-7.07513,111.23412,787.00000,673.00000,301.00000
107.37512,-3.27072,22.77394,22.25083,3.25835,-9.68829,-9.68829,14.67710,-24.03354,133.48496,22.03080,5.77026,17.99486,-7.07364,-7.07364,133.48496,787.00000,673.00000,301.00000
107.29350,-3.08796,23.20409,22.25149,3.76627,-9.62462,-9.62462,14.39085,-24.03719,155.73644,22.47601,5.76703,17.99435,-7.07225,-7.07225,155.73644,787.00000,673.00000,301.00000
107.21188,-2.90520,23.63453,22.25210,4.27400,-9.56077,-9.56077,14.11551,-24.04062,177.98854,22.92091,5.76393,17.99380,-7.07093,-7.07093,177.98854,787.00000,673.00000,301.00000
107.13025,-2.72244,24.06522,22.25268,4.78155,-9.49674,-9.49674,13.85051,-24.04383,200.24122,23.36549,5.76096,17.99322,-7.06971,-7.06971,200.24122,787.00000,673.00000,301.00000
107.04863,-2.53967,24.49613,22.25322,5.28890,-9.43253,-9.43253,13.59534,-24.04683,222.49445,23.80975,5.75814,17.99261,-7.06858,-7.06858,222.49445,787.00000,673.00000,301.00000
106.96701,-2.35691,24.92722,22.25373,5.79604,-9.36815,-9.36815,13.34950,-24.04960,244.74817,24.25369,5.75546,17.99199,-7.06753,-7.06753,244.74817,787.00000,673.00000,301.00000
106.88539,-2.17415,25.35847,22.25419,6.30298,-9.30360,-9.30360,13.11251,-24.05216,267.00236,24.69729,5.75293,17.99137,-7.06657,-7.06657,267.00236,787.00000,673.00000,301.00000
106.80138,-1.99290,25.79034,22.17205,7.31012,-9.43327,-9.43327,11.29268,-25.65964,289.17442,25.29103,5.05029,17.80002,-6.80320,-6.80320,289.17442,787.00000,673.00000,301.00000
106.69288,-1.82719,26.22716,22.25204,12.17932,-10.81267,-10.81267,3.82976,-40.71652,311.42645,26.16860,-1.75177,15.22393,-4.12699,-4.12699,311.42645,787.00000,673.00000,301.00000
106.56228,-1.67551,26.66824,22.25280,12.68572,-10.74749,-10.74749,3.77255,-40.71864,333.67926,26.61045,-1.75466,15.22257,-4.12581,-4.12581,333.67926,787.00000,673.00000,301.00000
106.43168,-1.52383,27.10903,22.25350,13.19183,-10.68212,-10.68212,3.71682,-40.72056,355.93276,27.05201,-1.75735,15.22128,-4.12473,-4.12473,355.93276,787.00000,673.00000,301.00000
106.30108,-1.37214,27.54954,22.25414,13.69766,-10.61659,-10.61659,3.66246,-40.72228,378.18690,27.49327,-1.75982,15.22005,-4.12377,-4.12377,378.18690,787.00000,673.00000,301.00000
106.17048,-1.22046,27.98974,22.25471,14.20318,-10.55088,-10.55088,3.60940,-40.72381,400.44161,27.93422,-1.76207,15.21892,-4.12291,-4.12291,400.44161,787.00000,673.00000,301.00000
106.03988,-1.06878,28.42965,22.25521,14.70840,-10.48501,-10.48501,3.55756,-40.72513,422.69681,28.37486,-1.76409,15.21788,-4.12216,-4.12216,422.69681,787.00000,673.00000,301.00000
105.90928,-0.91709,28.86924,22.25564,15.21331,-10.41897,-10.41897,3.50685,-40.72626,444.95245,28.81518,-1.76587,15.21696,-4.12151,-4.12151,444.95245,787.00000,673.00000,301.00000
105.77868,-0.76541,29.30852,22.25601,15.71790,-10.35276,-10.35276,3.45721,-40.72719,467.20846,29.25518,-1.76740,15.21614,-4.12096,-4.12096,467.20846,787.00000,673.00000,301.00000
105.64808,-0.61373,29.74746,22.25631,16.22216,-10.28638,-10.28638,3.40859,-40.72792,489.46478,29.69484,-1.76867,15.21545,-4.12051,-4.12051,489.46478,787.00000,673.00000,301.00000
105.51748,-0.46204,30.18607,22.25655,16.72608,-10.21984,-10.21984,3.36092,-40.72845,511.72132,30.13415,-1.76967,15.21490,-4.12017,-4.12017,511.72132,787.00000,673.00000,301.00000
105.38688,-0.31036,30.62434,22.25672,17.22965,-10.15313,-10.15313,3.31416,-40.72878,533.97804,30.57312,-1.77041,15.21449,-4.11992,-4.11992,533.97804,787.00000,673.00000,301.00000
105.25627,-0.15868,31.06226,22.25682,17.73287,-10.08627,-10.08627,3.26822,-40.72892,556.23486,31.01174,-1.77087,15.21423,-4.11977,-4.11977,556.23486,787.00000,673.00000,301.00000
105.12567,-0.00699,31.49982,22.25685,18.23574,-10.01923,-10.01923,3.22307,-40.72885,578.49171,31.44999,-1.77103,15.21413,-4.11972,-4.11972,578.49171,787.00000,673.00000,301.00000
104.99252,0.14184,31.93548,22.16248,19.30275,-10.10173,-10.10173,5.34481,-42.90948,600.65419,31.79663,-2.97476,14.49968,-3.73678,-3.73678,600.65419,787.00000,673.00000,301.00000
104.84205,0.27131,32.36042,22.25669,22.51915,-10.61061,-10.61061,17.92255,-55.64366,622.91087,30.79008,-9.95831,9.83316,-1.42561,-1.42561,622.91087,787.00000,673.00000,301.00000
104.67681,0.38426,32.77660,22.25651,23.02099,-10.54315,-10.54315,17.68617,-55.64320,645.16739,31.22741,-9.95763,9.83366,-1.42584,-1.42584,645.16739,787.00000,673.00000,301.00000
104.51157,0.49722,33.19296,22.25628,23.52247,-10.47555,-10.47555,17.45548,-55.64263,667.42367,31.66443,-9.95671,9.83434,-1.42614,-1.42614,667.42367,787.00000,673.00000,301.00000
104.34632,0.61018,33.60946,22.25600,24.02357,-10.40782,-10.40782,17.23026,-55.64196,689.67966,32.10113,-9.95554,9.83521,-1.42652,-1.42652,689.67966,787.00000,673.00000,301.00000
104.18108,0.72313,34.02608,22.25565,24.52431,-10.33995,-10.33995,17.01029,-55.64119,711.93531,32.53751,-9.95411,9.83628,-1.42699,-1.42699,711.93531,787.00000,673.00000,301.00000
104.01584,0.83609,34.44280,22.25524,25.02466,-10.27194,-10.27194,16.79540,-55.64031,734.19055,32.97356,-9.95241,9.83757,-1.42752,-1.42752,734.19055,787.00000,673.00000,301.00000
103.85060,0.94905,34.85959,22.25477,25.52463,-10.20380,-10.20380,16.58537,-55.63932,756.44533,33.40928,-9.95045,9.83906,-1.42813,-1.42813,756.44533,787.00000,673.00000,301.00000
103.68535,1.06200,35.27644,22.25425,26.02419,-10.13552,-10.13552,16.38003,-55.63824,778.69958,33.84465,-9.94821,9.84078,-1.42880,-1.42880,778.69958,787.00000,673.00000,301.00000
103.52011,1.17496,35.69331,22.25367,26.52336,-10.06712,-10.06712,16.17921,-55.63705,800.95324,34.27967,-9.94568,9.84273,-1.42955,-1.42955,800.95324,787.00000,673.00000,301.00000
103.35487,1.28792,36.11019,22.25302,27.02211,-9.99858,-9.99858,15.98273,-55.63575,823.20627,34.71434,-9.94286,9.84492,-1.43037,-1.43037,823.20627,787.00000,673.00000,301.00000
103.18963,1.40087,36.52706,22.25232,27.52044,-9.92991,-9.92991,15.79045,-55.63436,845.45859,35.14865,-9.93974,9.84735,-1.43127,-1.43127,800.95394,787.00000,673.00000,301.00000
103.02438,1.51383,36.94388,22.25156,28.01835,-9.86111,-9.86111,15.60222,-55.63285,867.71015,35.58258,-9.93632,9.85004,-1.43223,-1.43223,778.70238,787.00000,673.00000,301.00000
102.85914,1.62679,37.36066,22.25074,28.51583,-9.79218,-9.79218,15.41788,-55.63125,889.96089,36.01614,-9.93259,9.85299,-1.43325,-1.43325,756.45164,787.00000,673.00000,301.00000
102.69390,1.73974,37.77736,22.24986,29.01286,-9.72312,-9.72312,15.23729,-55.62954,912.21075,36.44932,-9.92854,9.85620,-1.43434,-1.43434,734.20178,787.00000,673.00000,301.00000
102.52866,1.85270,38.19397,22.24893,29.50945,-9.65394,-9.65394,15.06033,-55.62773,934.45968,36.88211,-9.92417,9.85969,-1.43549,-1.43549,711.95285,787.00000,673.00000,301.00000
102.36341,1.96566,38.61047,22.24793,30.00558,-9.58463,-9.58463,14.88687,-55.62581,956.70761,37.31451,-9.91947,9.86346,-1.43671,-1.43671,689.70492,787.00000,673.00000,301.00000
102.19817,2.07861,39.02684,22.24688,30.50125,-9.51520,-9.51520,14.71679,-55.62379,978.95449,37.74650,-9.91443,9.86752,-1.43799,-1.43799,667.45805,787.00000,673.00000,301.00000
102.03524,2.19473,39.44493,22.23555,30.58571,-9.38194,-9.38194,12.31529,-53.37504,1001.19003,38.53725,-8.41325,11.06964,-1.80987,-1.80987,645.22250,787.00000,673.00000,301.00000
101.87610,2.31602,39.86582,22.24557,30.79666,-9.26454,-9.26454,10.76458,-51.95464,1023.43560,39.16430,-7.44590,11.83383,-2.04201,-2.04201,622.97693,787.00000,673.00000,301.00000
101.71841,2.43931,40.28756,22.24434,31.29061,-9.19464,-9.19464,10.64159,-51.95199,1045.67994,39.59468,-7.43969,11.83872,-2.04346,-2.04346,600.73259,787.00000,673.00000,301.00000
101.56072,2.56259,40.70897,22.24304,31.78405,-9.12462,-9.12462,10.52072,-51.94920,1067.92299,40.02461,-7.43309,11.84395,-2.04498,-2.04498,578.48954,787.00000,673.00000,301.00000
101.40303,2.68588,41.13004,22.24168,32.27698,-9.05447,-9.05447,10.40190,-51.94629,1090.16467,40.45409,-7.42610,11.84952,-2.04656,-2.04656,556.24786,787.00000,673.00000,301.00000
101.24535,2.80916,41.55076,22.24026,32.76938,-8.98420,-8.98420,10.28504,-51.94325,1112.40493,40.88311,-7.41869,11.85544,-2.04820,-2.04820,534.00760,787.00000,673.00000,301.00000
101.08766,2.93245,41.97111,22.23877,33.26126,-8.91381,-8.91381,10.17009,-51.94008,1134.64370,41.31166,-7.41088,11.86172,-2.04991,-2.04991,511.76883,787.00000,673.00000,301.00000
100.92997,3.05573,42.39109,22.23722,33.75260,-8.84329,-8.84329,10.05697,-51.93678,1156.88092,41.73974,-7.40264,11.86836,-2.05167,-2.05167,489.53161,787.00000,673.00000,301.00000
100.77229,3.17902,42.81069,22.23560,34.24339,-8.77266,-8.77266,9.94561,-51.93335,1179.11653,42.16734,-7.39398,11.87539,-2.05348,-2.05348,467.29600,787.00000,673.00000,301.00000
100.61460,3.30230,43.22989,22.23393,34.73363,-8.70191,-8.70191,9.83596,-51.92979,1201.35045,42.59445,-7.38487,11.88279,-2.05536,-2.05536,445.06208,787.00000,673.00000,301.00000
100.45266,3.41937,43.64496,22.18517,36.01895,-8.76144,-8.76144,14.02656,-56.24514,1223.53562,42.34362,-10.57830,9.22269,-1.39880,-1.39880,422.87691,787.00000,673.00000,301.00000
100.28349,3.52584,44.05341,22.22570,36.94566,-8.75258,-8.75258,16.89815,-59.27427,1245.76132,42.15131,-12.80506,7.29981,-0.93723,-0.93723,400.65121,787.00000,673.00000,301.00000
100.11133,3.62795,44.45908,22.22387,37.43519,-8.68175,-8.68175,16.72591,-59.27131,1267.98519,42.57813,-12.79504,7.30860,-0.93929,-0.93929,378.42734,787.00000,673.00000,301.00000
99.93918,3.73006,44.86459,22.22199,37.92419,-8.61082,-8.61082,16.55649,-59.26828,1290.20717,43.00447,-12.78464,7.31776,-0.94139,-0.94139,356.20536,787.00000,673.00000,301.00000
99.76702,3.83217,45.26992,22.22005,38.41262,-8.53979,-8.53979,16.38980,-59.26516,1312.42723,43.43034,-12.77384,7.32730,-0.94353,-0.94353,333.98530,787.00000,673.00000,301.00000
99.59486,3.93428,45.67504,22.21807,38.90048,-8.46866,-8.46866,16.22575,-59.26196,1334.64529,43.85572,-12.76264,7.33722,-0.94572,-0.94572,311.76724,787.00000,673.00000,301.00000
99.42271,4.03639,46.07996,22.21603,39.38778,-8.39742,-8.39742,16.06427,-59.25868,1356.86132,44.28062,-12.75103,7.34753,-0.94794,-0.94794,289.55121,787.00000,673.00000,301.00000
99.25055,4.13850,46.48464,22.21394,39.87451,-8.32608,-8.32608,15.90528,-59.25533,1379.07526,44.70503,-12.73902,7.35823,-0.95020,-0.95020,267.33727,787.00000,673.00000,301.00000
99.07839,4.24061,46.88909,22.21180,40.36065,-8.25463,-8.25463,15.74871,-59.25189,1401.28706,45.12893,-12.72658,7.36934,-0.95250,-0.95250,245.12547,787.00000,673.00000,301.00000
98.90624,4.34272,47.29327,22.20960,40.84620,-8.18309,-8.18309,15.59450,-59.24837,1423.49666,45.55233,-12.71372,7.38085,-0.95483,-0.95483,222.91587,787.00000,673.00000,301.00000
98.73408,4.44482,47.69718,22.20736,41.33115,-8.11144,-8.11144,15.44256,-59.24477,1445.70402,45.97521,-12.70043,7.39278,-0.95719,-0.95719,200.70852,787.00000,673.00000,301.00000
98.56192,4.54693,48.10080,22.20506,41.81549,-8.03970,-8.03970,15.29285,-59.24109,1467.90907,46.39757,-12.68671,7.40514,-0.95959,-0.95959,178.50346,787.00000,673.00000,301.00000
98.38976,4.64904,48.50413,22.20271,42.29923,-7.96786,-7.96786,15.14528,-59.23733,1490.11178,46.81941,-12.67255,7.41791,-0.96202,-0.96202,156.30075,787.00000,673.00000,301.00000
98.21761,4.75115,48.90714,22.20031,42.78234,-7.89593,-7.89593,14.99981,-59.23348,1512.31209,47.24071,-12.65794,7.43113,-0.96449,-0.96449,134.10045,787.00000,673.00000,301.00000
98.04545,4.85326,49.30983,22.19785,43.26482,-7.82390,-7.82390,14.85637,-59.22956,1534.50994,47.66148,-12.64288,7.44478,-0.96698,-0.96698,111.90259,787.00000,673.00000,301.00000
97.87329,4.95537,49.71217,22.19534,43.74668,-7.75177,-7.75177,14.71490,-59.22556,1556.70528,48.08170,-12.62736,7.45888,-0.96950,-0.96950,89.70725,787.00000,673.00000,301.00000
97.70030,5.05598,50.11318,22.18561,44.34980,-7.69514,-7.69514,15.55655,-60.20659,1578.89090,48.27734,-13.43982,6.71609,-0.83926,-0.83926,67.52163,787.00000,673.00000,301.00000
97.52494,5.15238,50.51107,22.18666,45.01848,-7.64539,-7.64539,17.18860,-61.98708,1601.07755,48.25511,-14.92693,5.33934,-0.60294,-0.60294,45.33498,787.00000,673.00000,301.00000
97.34806,5.24607,50.90690,22.18409,45.49906,-7.57313,-7.57313,17.03137,-61.98340,1623.26164,48.67436,-14.91039,5.35480,-0.60554,-0.60554,23.15089,787.00000,673.00000,301.00000
97.17118,5.33976,51.30246,22.18147,45.97900,-7.50078,-7.50078,16.87626,-61.97966,1645.44311,49.09306,-14.89340,5.37070,-0.60816,-0.60816,0.96943,787.00000,673.00000,301.00000
107.09356,-4.93131,81.36588,22.22055,90.32698,7.90613,7.90613,22.31198,-47.66821,22.22055,75.27404,-30.89053,19.28950,18.75090,18.75090,22.22055,501.00000,787.00000,787.00000
106.94530,-4.79672,81.04143,22.22298,90.48889,8.41576,8.41576,22.42447,-47.67374,44.44354,74.91334,-30.91448,19.26067,18.74830,18.74830,44.44354,501.00000,787.00000,787.00000
106.79704,-4.66213,80.71637,22.22534,90.64954,8.92517,8.92517,22.53753,-47.67911,66.66888,74.55195,-30.93765,19.23258,18.74561,18.74561,66.66888,501.00000,787.00000,787.00000
106.64877,-4.52754,80.39069,22.22764,90.80893,9.43437,9.43437,22.65119,-47.68432,88.89651,74.18988,-30.96006,19.20524,18.74284,18.74284,88.89651,501.00000,787.00000,787.00000
106.50051,-4.39295,80.06443,22.22986,90.96705,9.94333,9.94333,22.76545,-47.68937,111.12638,73.82714,-30.98170,19.17866,18.74001,18.74001,111.12638,501.00000,787.00000,787.00000
106.35225,-4.25836,79.73757,22.23202,91.12389,10.45205,10.45205,22.88034,-47.69427,133.35840,73.46373,-31.00259,19.15284,18.73712,18.73712,133.35840,501.00000,787.00000,787.00000
106.20399,-4.12377,79.41014,22.23412,91.27947,10.96053,10.96053,22.99586,-47.69900,155.59252,73.09966,-31.02273,19.12778,18.73417,18.73417,155.59252,501.00000,787.00000,787.00000
106.05018,-3.99632,79.08963,22.16666,92.78534,13.11356,13.11356,28.30319,-52.88442,177.75917,69.63454,-37.49933,10.77575,17.64177,17.64177,177.75917,501.00000,787.00000,787.00000
105.88690,-3.88110,78.78155,22.23010,93.43521,14.72711,14.72711,32.13581,-56.57566,199.98927,66.71140,-41.90611,4.75703,16.74197,16.74197,199.98927,501.00000,787.00000,787.00000
105.71967,-3.77096,78.47861,22.23209,93.58334,15.23417,15.23417,32.28944,-56.57889,222.22136,66.34270,-41.92300,4.73329,16.73817,16.73817,222.22136,501.00000,787.00000,787.00000
105.55244,-3.66082,78.17547,22.23402,93.73031,15.74097,15.74097,32.44411,-56.58202,244.45538,65.97346,-41.93931,4.71020,16.73435,16.73435,244.45538,501.00000,787.00000,787.00000
105.38521,-3.55068,77.87215,22.23590,93.87611,16.24749,16.24749,32.59984,-56.58505,266.69128,65.60369,-41.95505,4.68775,16.73052,16.73052,266.69128,501.00000,787.00000,787.00000
105.21799,-3.44054,77.56865,22.23772,94.02073,16.75374,16.75374,32.75664,-56.58798,288.92900,65.23340,-41.97023,4.66596,16.72669,16.72669,288.92900,501.00000,787.00000,787.00000
105.05076,-3.33040,77.26500,22.23948,94.16418,17.25970,17.25970,32.91454,-56.59081,311.16848,64.86258,-41.98484,4.64483,16.72287,16.72287,311.16848,501.00000,787.00000,787.00000
104.88353,-3.22026,76.96121,22.24118,94.30646,17.76537,17.76537,33.07354,-56.59355,333.40967,64.49124,-41.99889,4.62435,16.71907,16.71907,333.40967,501.00000,787.00000,787.00000
104.71630,-3.11012,76.65729,22.24283,94.44756,18.27073,18.27073,33.23367,-56.59619,355.65250,64.11940,-42.01240,4.60452,16.71528,16.71528,355.65250,501.00000,787.00000,787.00000
104.54907,-2.99998,76.35325,22.24442,94.58748,18.77579,18.77579,33.39494,-56.59873,377.89692,63.74706,-42.02536,4.58537,16.71153,16.71153,377.89692,501.00000,787.00000,787.00000
104.38184,-2.88984,76.04910,22.24596,94.72622,19.28053,19.28053,33.55736,-56.60117,400.14288,63.37421,-42.03778,4.56687,16.70781,16.70781,400.14288,501.00000,787.00000,787.00000
104.21461,-2.77970,75.74486,22.24743,94.86378,19.78495,19.78495,33.72096,-56.60352,422.39031,63.00087,-42.04966,4.54904,16.70413,16.70413,422.39031,501.00000,787.00000,787.00000
104.04739,-2.66956,75.44055,22.24885,95.00015,20.28903,20.28903,33.88574,-56.60577,444.63916,62.62705,-42.06102,4.53188,16.70051,16.70051,444.63916,501.00000,787.00000,787.00000
103.88016,-2.55942,75.13617,22.25021,95.13534,20.79277,20.79277,34.05174,-56.60792,466.88937,62.25274,-42.07184,4.51539,16.69695,16.69695,466.88937,501.00000,787.00000,787.00000
103.71293,-2.44928,74.83175,22.25152,95.26934,21.29617,21.29617,34.21896,-56.60997,489.14088,61.87796,-42.08216,4.49957,16.69345,16.69345,489.14088,501.00000,787.00000,787.00000
103.54570,-2.33914,74.52729,22.25276,95.40215,21.79922,21.79922,34.38742,-56.61193,511.39365,61.50271,-42.09196,4.48443,16.69003,16.69003,511.39365,501.00000,787.00000,787.00000
103.37053,-2.24390,74.24281,22.22024,94.92618,24.79317,24.79317,44.25482,-66.29302,533.61389,53.17591,-51.81040,-11.64498,12.74152,12.74152,533.61389,501.00000,787.00000,787.00000
103.18665,-2.16501,73.98065,22.25218,94.84817,25.50190,25.50190,45.41309,-67.24262,555.86607,51.93370,-52.68802,-13.22952,12.32158,12.32158,555.86607,501.00000,787.00000,787.00000
103.00198,-2.08758,73.72098,22.25313,94.97497,26.00312,26.00312,45.62612,-67.24352,578.11921,51.55585,-52.69513,-13.24257,12.31804,12.31804,578.11921,501.00000,787.00000,787.00000
102.81732,-2.01016,73.46185,22.25405,95.10068,26.50398,26.50398,45.84069,-67.24438,600.37326,51.17762,-52.70194,-13.25516,12.31456,12.31456,600.37326,501.00000,787.00000,787.00000
102.63265,-1.93274,73.20327,22.25493,95.22531,27.00448,27.00448,46.05683,-67.24521,622.62819,50.79902,-52.70844,-13.26729,12.31115,12.31115,622.62819,501.00000,787.00000,787.00000
102.44798,-1.85531,72.94528,22.25577,95.34884,27.50461,27.50461,46.27454,-67.24600,644.88396,50.42004,-52.71464,-13.27896,12.30781,12.30781,644.88396,501.00000,787.00000,787.00000
102.26332,-1.77789,72.68787,22.25659,95.47128,28.00435,28.00435,46.49384,-67.24675,667.14055,50.04069,-52.72054,-13.29016,12.30455,12.30455,667.14055,501.00000,787.00000,787.00000
102.07865,-1.70047,72.43107,22.25736,95.59261,28.50371,28.50371,46.71475,-67.24746,689.39791,49.66099,-52.72614,-13.30091,12.30137,12.30137,689.39791,501.00000,787.00000,787.00000
101.89398,-1.62304,72.17490,22.25810,95.71286,29.00267,29.00267,46.93727,-67.24814,711.65601,49.28093,-52.73146,-13.31119,12.29828,12.29828,711.65601,501.00000,787.00000,787.00000
101.70932,-1.54562,71.91938,22.25881,95.83201,29.50124,29.50124,47.16142,-67.24878,733.91482,48.90052,-52.73648,-13.32100,12.29529,12.29529,733.91482,501.00000,787.00000,787.00000
101.52465,-1.46820,71.66453,22.25948,95.95005,29.99940,29.99940,47.38722,-67.24938,756.17431,48.51976,-52.74123,-13.33034,12.29239,12.29239,756.17431,501.00000,787.00000,787.00000
101.33998,-1.39077,71.41036,22.26012,96.06700,30.49715,30.49715,47.61468,-67.24994,778.43443,48.13867,-52.74570,-13.33922,12.28960,12.28960,778.43443,501.00000,787.00000,787.00000
101.15532,-1.31335,71.15690,22.26073,96.18284,30.99447,30.99447,47.84381,-67.25047,800.69516,47.75723,-52.74989,-13.34762,12.28691,12.28691,800.69516,501.00000,787.00000,787.00000
100.97065,-1.23593,70.90416,22.26130,96.29757,31.49137,31.49137,48.07463,-67.25096,822.95645,47.37547,-52.75381,-13.35555,12.28433,12.28433,822.95645,501.00000,787.00000,787.00000
100.78598,-1.15851,70.65217,22.26183,96.41120,31.98784,31.98784,48.30714,-67.25141,845.21828,46.99339,-52.75746,-13.36301,12.28187,12.28187,845.21828,501.00000,787.00000,787.00000
100.60132,-1.08108,70.40094,22.26233,96.52372,32.48386,32.48386,48.54137,-67.25183,867.48061,46.61099,-52.76085,-13.36999,12.27954,12.27954,867.48061,501.00000,787.00000,787.00000
100.41665,-1.00366,70.15048,22.26280,96.63513,32.97944,32.97944,48.77733,-67.25220,889.74341,46.22827,-52.76398,-13.37650,12.27734,12.27734,889.74341,501.00000,787.00000,787.00000
100.23198,-0.92624,69.90084,22.26323,96.74543,33.47456,33.47456,49.01502,-67.25254,912.00664,45.84525,-52.76685,-13.38254,12.27526,12.27526,912.00664,501.00000,787.00000,787.00000
100.04732,-0.84881,69.65202,22.26362,96.85462,33.96922,33.96922,49.25447,-67.25285,934.27026,45.46192,-52.76948,-13.38810,12.27333,12.27333,934.27026,501.00000,787.00000,787.00000
99.86265,-0.77139,69.40404,22.26399,96.96269,34.46341,34.46341,49.49568,-67.25311,956.53425,45.07830,-52.77185,-13.39317,12.27153,12.27153,956.53425,501.00000,787.00000,787.00000
99.67798,-0.69397,69.15692,22.26431,97.06965,34.95713,34.95713,49.73867,-67.25334,978.79856,44.69438,-52.77397,-13.39777,12.26989,12.26989,978.79856,501.00000,787.00000,787.00000
99.49332,-0.61654,68.91069,22.26460,97.17549,35.45037,35.45037,49.98346,-67.25353,1001.06316,44.31018,-52.77586,-13.40188,12.26840,12.26840,1001.06316,501.00000,787.00000,787.00000
99.30865,-0.53912,68.66536,22.26486,97.28021,35.94312,35.94312,50.23005,-67.25369,1023.32803,43.92569,-52.77751,-13.40551,12.26707,12.26707,1023.32803,501.00000,787.00000,787.00000
99.12398,-0.46170,68.42096,22.26509,97.38381,36.43537,36.43537,50.47845,-67.25380,1045.59311,43.54093,-52.77892,-13.40866,12.26590,12.26590,1045.59311,501.00000,787.00000,787.00000
98.93932,-0.38427,68.17750,22.26528,97.48629,36.92713,36.92713,50.72869,-67.25388,1067.85839,43.15590,-52.78011,-13.41133,12.26489,12.26489,1067.85839,501.00000,787.00000,787.00000
98.75465,-0.30685,67.93500,22.26543,97.58765,37.41837,37.41837,50.98077,-67.25392,1090.12382,42.77060,-52.78106,-13.41351,12.26406,12.26406,1090.12382,501.00000,787.00000,787.00000
98.57119,-0.22684,67.68937,22.24833,98.03074,37.54382,37.54382,49.59731,-65.61958,1112.37215,43.87325,-51.54599,-10.62503,13.33263,13.33263,1112.37215,501.00000,787.00000,787.00000
98.39126,-0.13933,67.43264,22.26565,98.56174,37.25533,37.25533,46.73282,-62.51117,1134.63780,46.21842,-49.10213,-5.29219,15.36165,15.36165,1134.63780,501.00000,787.00000,787.00000
98.21362,-0.04690,67.16884,22.26569,98.65978,37.74503,37.74503,46.97278,-62.51109,1156.90349,45.83237,-49.10241,-5.29279,15.36142,15.36142,1156.90349,501.00000,787.00000,787.00000
98.03599,0.04552,66.90584,22.26570,98.75664,38.23417,38.23417,47.21462,-62.51095,1179.16919,45.44606,-49.10241,-5.29280,15.36142,15.36142,1179.16919,501.00000,787.00000,787.00000
97.85836,0.13795,66.64366,22.26565,98.85233,38.72276,38.72276,47.45837,-62.51075,1201.43484,45.05950,-49.10214,-5.29221,15.36165,15.36165,1201.43484,501.00000,787.00000,787.00000
97.68072,0.23038,66.38234,22.26556,98.94684,39.21077,39.21077,47.70404,-62.51048,1223.70040,44.67268,-49.10160,-5.29101,15.36212,15.36212,1223.70040,501.00000,787.00000,787.00000
97.50309,0.32280,66.12188,22.26542,99.04018,39.69821,39.69821,47.95166,-62.51016,1245.96582,44.28562,-49.10079,-5.28921,15.36284,15.36284,1245.96582,501.00000,787.00000,787.00000
97.32546,0.41523,65.86231,22.26524,99.13233,40.18508,40.18508,48.20124,-62.50977,1268.23106,43.89831,-49.09972,-5.28681,15.36380,15.36380,1268.23106,501.00000,787.00000,787.00000
97.14783,0.50766,65.60366,22.26501,99.22330,40.67136,40.67136,48.45279,-62.50932,1290.49607,43.51077,-49.09840,-5.28381,15.36503,15.36503,1290.49607,501.00000,787.00000,787.00000
96.97019,0.60008,65.34593,22.26474,99.31310,41.15703,41.15703,48.70633,-62.50881,1312.76081,43.12301,-49.09682,-5.28020,15.36652,15.36652,1312.76081,501.00000,787.00000,787.00000
96.79256,0.69251,65.08917,22.26442,99.40171,41.64210,41.64210,48.96187,-62.50824,1335.02523,42.73502,-49.09499,-5.27598,15.36827,15.36827,1335.02523,501.00000,787.00000,787.00000
96.61493,0.78494,64.83339,22.26406,99.48915,42.12657,42.12657,49.21945,-62.50761,1357.28929,42.34681,-49.09293,-5.27116,15.37030,15.37030,1312.76118,501.00000,787.00000,787.00000
96.43729,0.87736,64.57860,22.26365,99.57539,42.61042,42.61042,49.47907,-62.50692,1379.55294,41.95838,-49.09063,-5.26573,15.37262,15.37262,1290.49753,501.00000,787.00000,787.00000
96.25966,0.96979,64.32485,22.26319,99.66045,43.09365,43.09365,49.74075,-62.50616,1401.81613,41.56975,-49.08811,-5.25970,15.37522,15.37522,1268.23434,501.00000,787.00000,787.00000
96.08203,1.06222,64.07214,22.26269,99.74432,43.57625,43.57625,50.00450,-62.50535,1424.07882,41.18092,-49.08535,-5.25304,15.37810,15.37810,1245.97165,501.00000,787.00000,787.00000
95.90440,1.15464,63.82051,22.26214,99.82701,44.05821,44.05821,50.27034,-62.50447,1446.34096,40.79190,-49.08236,-5.24578,15.38129,15.38129,1223.70951,501.00000,787.00000,787.00000
95.72676,1.24707,63.56997,22.26155,99.90850,44.53952,44.53952,50.53829,-62.50354,1468.60251,40.40268,-49.07916,-5.23791,15.38478,15.38478,1201.44796,501.00000,787.00000,787.00000
95.54913,1.33950,63.32055,22.26091,99.98880,45.02018,45.02018,50.80836,-62.50254,1490.86342,40.01328,-49.07575,-5.22943,15.38858,15.38858,1179.18704,501.00000,787.00000,787.00000
95.37150,1.43192,63.07227,22.26023,100.06791,45.50019,45.50019,51.08057,-62.50148,1513.12365,39.62370,-49.07213,-5.22033,15.39270,15.39270,1156.92681,501.00000,787.00000,787.00000
95.19386,1.52435,62.82516,22.25950,100.14583,45.97954,45.97954,51.35494,-62.50036,1535.38315,39.23394,-49.06830,-5.21062,15.39714,15.39714,1134.66731,501.00000,787.00000,787.00000
95.01623,1.61678,62.57924,22.25873,100.22255,46.45821,46.45821,51.63147,-62.49918,1557.64188,38.84401,-49.06428,-5.20029,15.40191,15.40191,1112.40859,501.00000,787.00000,787.00000
94.83860,1.70920,62.33453,22.25791,100.29808,46.93620,46.93620,51.91018,-62.49794,1579.89978,38.45393,-49.06006,-5.18935,15.40700,15.40700,1090.15068,501.00000,787.00000,787.00000
94.66097,1.80163,62.09107,22.25704,100.37241,47.41351,47.41351,52.19109,-62.49663,1602.15682,38.06368,-49.05565,-5.17779,15.41243,15.41243,1067.89364,501.00000,787.00000,787.00000
94.48333,1.89406,61.84887,22.25613,100.44554,47.89013,47.89013,52.47421,-62.49527,1624.41295,37.67329,-49.05105,-5.16561,15.41821,15.41821,1045.63751,501.00000,787.00000,787.00000
94.30570,1.98648,61.60796,22.25517,100.51748,48.36604,48.36604,52.75956,-62.49384,1646.66812,37.28275,-49.04628,-5.15281,15.42434,15.42434,1023.38234,501.00000,787.00000,787.00000
94.12807,2.07891,61.36837,22.25417,100.58821,48.84125,48.84125,53.04715,-62.49236,1668.92229,36.89206,-49.04134,-5.13940,15.43083,15.43083,1001.12817,501.00000,787.00000,787.00000
93.95043,2.17134,61.13012,22.25312,100.65774,49.31575,49.31575,53.33699,-62.49081,1691.17541,36.50125,-49.03622,-5.12536,15.43767,15.43767,978.87505,501.00000,787.00000,787.00000
93.77280,2.26376,60.89323,22.25203,100.72608,49.78953,49.78953,53.62910,-62.48920,1713.42744,36.11030,-49.03093,-5.11070,15.44489,15.44489,956.62302,501.00000,787.00000,787.00000
93.59521,2.35626,60.65761,22.25088,100.79736,50.24987,50.24987,53.87631,-62.44044,1735.67833,35.75951,-48.99595,-5.01261,15.49358,15.49358,934.37214,501.00000,787.00000,787.00000
93.41773,2.44900,60.42298,22.24974,100.87217,50.69396,50.69396,54.06857,-62.33467,1757.92807,35.45720,-48.92569,-4.81363,15.59318,15.59318,912.12240,501.00000,787.00000,787.00000
93.24034,2.54189,60.18948,22.24851,100.93684,51.16552,51.16552,54.36697,-62.33287,1780.17658,35.06589,-48.91991,-4.79710,15.60152,15.60152,889.87389,501.00000,787.00000,787.00000
93.06296,2.63479,59.95745,22.24723,101.00031,51.63633,51.63633,54.66769,-62.33100,1802.42381,34.67446,-48.91398,-4.77994,15.61026,15.61026,867.62666,501.00000,787.00000,787.00000
92.88557,2.72768,59.72691,22.24591,101.06257,52.10639,52.10639,54.97073,-62.32906,1824.66971,34.28294,-48.90791,-4.76215,15.61939,15.61939,845.38075,501.00000,787.00000,787.00000
92.70818,2.82058,59.49789,22.24453,101.12361,52.57568,52.57568,55.27611,-62.32707,1846.91425,33.89132,-48.90171,-4.74374,15.62892,15.62892,823.13622,501.00000,787.00000,787.00000
92.53079,2.91347,59.27040,22.24312,101.18345,53.04421,53.04421,55.58384,-62.32501,1869.15737,33.49961,-48.89536,-4.72470,15.63887,15.63887,800.89310,501.00000,787.00000,787.00000
92.35340,3.00636,59.04448,22.24166,101.24207,53.51197,53.51197,55.89394,-62.32289,1891.39902,33.10781,-48.88889,-4.70502,15.64922,15.64922,778.65144,501.00000,787.00000,787.00000
92.17601,3.09926,58.82016,22.24015,101.29948,53.97895,53.97895,56.20640,-62.32071,1913.63917,32.71593,-48.88229,-4.68472,15.65999,15.65999,756.41130,501.00000,787.00000,787.00000
91.99862,3.19215,58.59745,22.23859,101.35567,54.44513,54.44513,56.52125,-62.31847,1935.87776,32.32398,-48.87557,-4.66380,15.67119,15.67119,734.17270,501.00000,787.00000,787.00000
91.82123,3.28505,58.37640,22.23699,101.41065,54.91052,54.91052,56.83848,-62.31616,1958.11476,31.93196,-48.86874,-4.64224,15.68282,15.68282,711.93571,501.00000,787.00000,787.00000
91.64385,3.37794,58.15702,22.23535,101.46442,55.37512,55.37512,57.15810,-62.31379,1980.35010,31.53988,-48.86180,-4.62005,15.69488,15.69488,689.70036,501.00000,787.00000,787.00000
91.46646,3.47084,57.93935,22.23366,101.51697,55.83890,55.83890,57.48013,-62.31136,2002.58376,31.14774,-48.85475,-4.59723,15.70739,15.70739,667.46671,501.00000,787.00000,787.00000
91.28907,3.56373,57.72341,22.23192,101.56831,56.30186,56.30186,57.80457,-62.30887,2024.81568,30.75554,-48.84760,-4.57378,15.72033,15.72033,645.23479,501.00000,787.00000,787.00000
91.11168,3.65663,57.50923,22.23014,101.61842,56.76401,56.76401,58.13142,-62.30632,2047.04581,30.36330,-48.84036,-4.54970,15.73373,15.73373,623.00465,501.00000,787.00000,787.00000
90.93498,3.75075,57.29444,22.22309,101.72091,56.99806,56.99806,57.65296,-61.49751,2069.26890,30.65517,-48.40365,-3.09439,16.54793,16.54793,600.78157,501.00000,787.00000,787.00000
90.76075,3.84933,57.07276,22.22846,101.81221,56.80899,56.80899,55.86529,-59.38246,2091.49736,32.02584,-47.24030,0.68316,18.66018,18.66018,578.55310,501.00000,787.00000,787.00000
90.58831,3.95112,56.84651,22.22647,101.85734,57.26790,57.26790,56.18827,-59.37927,2113.72383,31.63314,-47.23209,0.70941,18.67488,18.67488,556.32664,501.00000,787.00000,787.00000
90.41588,4.05292,56.62197,22.22442,101.90121,57.72594,57.72594,56.51379,-59.37600,2135.94825,31.24040,-47.22377,0.73636,18.69009,18.69009,534.10221,501.00000,787.00000,787.00000
90.24344,4.15471,56.39917,22.22232,101.94383,58.18311,58.18311,56.84185,-59.37264,2158.17058,30.84763,-47.21536,0.76401,18.70581,18.70581,511.87989,501.00000,787.00000,787.00000
90.07101,4.25651,56.17813,22.22017,101.98520,58.63939,58.63939,57.17247,-59.36921,2180.39075,30.45484,-47.20684,0.79235,18.72205,18.72205,489.65972,501.00000,787.00000,787.00000
89.89857,4.35830,55.95889,22.21797,102.02530,59.09479,59.09479,57.50566,-59.36569,2202.60872,30.06203,-47.19822,0.82139,18.73880,18.73880,467.44174,501.00000,787.00000,787.00000
89.72614,4.46010,55.74148,22.21572,102.06415,59.54929,59.54929,57.84141,-59.36210,2224.82444,29.66922,-47.18952,0.85113,18.75610,18.75610,445.22602,501.00000,787.00000,787.00000
89.55370,4.56189,55.52593,22.21341,102.10173,60.00289,60.00289,58.17973,-59.35843,2247.03786,29.27640,-47.18073,0.88157,18.77392,18.77392,423.01261,501.00000,787.00000,787.00000
89.38127,4.66369,55.31226,22.21106,102.13806,60.45557,60.45557,58.52064,-59.35467,2269.24891,28.88358,-47.17186,0.91270,18.79228,18.79228,400.80155,501.00000,787.00000,787.00000
89.20883,4.76549,55.10050,22.20865,102.17312,60.90734,60.90734,58.86413,-59.35084,2291.45756,28.49078,-47.16292,0.94453,18.81119,18.81119,378.59291,501.00000,787.00000,787.00000
89.03640,4.86728,54.89069,22.20619,102.20692,61.35820,61.35820,59.21021,-59.34692,2313.66375,28.09798,-47.15391,0.97707,18.83065,18.83065,356.38672,501.00000,787.00000,787.00000
88.86396,4.96908,54.68286,22.20367,102.23946,61.80811,61.80811,59.55889,-59.34293,2335.86742,27.70520,-47.14485,1.01030,18.85067,18.85067,334.18304,501.00000,787.00000,787.00000
88.69153,5.07087,54.47702,22.20111,102.27073,62.25709,62.25709,59.91017,-59.33886,2358.06853,27.31245,-47.13572,1.04422,18.87125,18.87125,311.98193,501.00000,787.00000,787.00000
88.51909,5.17267,54.27322,22.19849,102.30075,62.70513,62.70513,60.26404,-59.33470,2380.26703,26.91972,-47.12654,1.07885,18.89240,18.89240,289.78344,501.00000,787.00000,787.00000
88.34666,5.27446,54.07148,22.19583,102.32950,63.15222,63.15222,60.62050,-59.33047,2402.46285,26.52703,-47.11731,1.11418,18.91413,18.91413,267.58762,501.00000,787.00000,787.00000
88.17422,5.37626,53.87183,22.19311,102.35698,63.59836,63.59836,60.97956,-59.32615,2424.65596,26.13439,-47.10805,1.15020,18.93644,18.93644,245.39451,501.00000,787.00000,787.00000
88.00179,5.47805,53.67431,22.19033,102.38319,64.04353,64.04353,61.34121,-59.32176,2446.84629,25.74179,-47.09874,1.18692,18.95933,18.95933,223.20417,501.00000,787.00000,787.00000
87.82935,5.57985,53.47893,22.18751,102.40814,64.48773,64.48773,61.70546,-59.31728,2469.03380,25.34924,-47.08941,1.22433,18.98281,18.98281,201.01666,501.00000,787.00000,787.00000
87.66003,5.68657,53.27534,22.18837,102.18447,63.71423,63.71423,58.72724,-55.97398,2491.22217,27.65591,-45.53474,7.22515,22.74305,22.74305,178.82829,501.00000,787.00000,787.00000
87.49397,5.79845,53.06288,22.18756,102.18298,64.08840,64.08840,58.91656,-55.80141,2513.40973,27.39562,-45.44392,7.56229,22.95388,22.95388,156.64073,501.00000,787.00000,787.00000
87.32807,5.91058,52.85195,22.18452,102.20170,64.52822,64.52822,59.27553,-55.79590,2535.59425,27.00260,-45.43335,7.60201,22.97887,22.97887,134.45622,501.00000,787.00000,787.00000
87.16217,6.02270,52.64311,22.18141,102.21910,64.96701,64.96701,59.63728,-55.79029,2557.77566,26.60964,-45.42273,7.64249,23.00452,23.00452,112.27480,501.00000,787.00000,787.00000
86.99627,6.13483,52.43638,22.17825,102.23519,65.40477,65.40477,60.00181,-55.78458,2579.95391,26.21675,-45.41207,7.68374,23.03082,23.03082,90.09655,501.00000,787.00000,787.00000
86.83037,6.24696,52.23180,22.17503,102.24996,65.84149,65.84149,60.36913,-55.77876,2602.12895,25.82394,-45.40138,7.72576,23.05779,23.05779,67.92152,501.00000,787.00000,787.00000
86.66447,6.35909,52.02940,22.17175,102.26342,66.27716,66.27716,60.73921,-55.77284,2624.30070,25.43121,-45.39065,7.76855,23.08543,23.08543,45.74977,501.00000,787.00000,787.00000
86.49857,6.47122,51.82920,22.16842,102.27556,66.71179,66.71179,61.11208,-55.76682,2646.46912,25.03858,-45.37991,7.81210,23.11375,23.11375,23.58135,501.00000,787.00000,787.00000
86.33266,6.58335,51.63124,22.16502,102.28639,67.14535,67.14535,61.48773,-55.76069,2668.63414,24.64602,-45.36914,7.85641,23.14274,23.14274,1.41632,501.00000,787.00000,787.00000
86.44204,7.49453,91.45321,22.15634,43.29109,-3.10414,-3.10414,57.53697,-125.15412,22.15634,49.08799,-77.16255,-93.03079,-14.03084,-14.03084,22.15634,501.00000,518.00000,529.00000
86.27775,7.37977,91.49621,22.16021,43.34815,-3.16388,-3.16388,57.46638,-125.14723,44.31655,49.20616,-77.13826,-93.00938,-14.03238,-14.03238,44.31655,501.00000,518.00000,529.00000
86.11345,7.26501,91.53898,22.16403,43.40398,-3.22371,-3.22371,57.39658,-125.14046,66.48058,49.32314,-77.11429,-92.98827,-14.03394,-14.03394,66.48058,501.00000,518.00000,529.00000
85.94916,7.15025,91.58152,22.16778,43.45856,-3.28361,-3.28361,57.32757,-125.13379,88.64836,49.43894,-77.09063,-92.96746,-14.03550,-14.03550,88.64836,501.00000,518.00000,529.00000
85.78486,7.03550,91.62381,22.17147,43.51190,-3.34359,-3.34359,57.25936,-125.12723,110.81983,49.55355,-77.06730,-92.94696,-14.03706,-14.03706,110.81983,501.00000,518.00000,529.00000
85.62056,6.92074,91.66587,22.17511,43.56400,-3.40365,-3.40365,57.19195,-125.12078,132.99494,49.66698,-77.04429,-92.92677,-14.03862,-14.03862,132.99494,501.00000,518.00000,529.00000
85.45627,6.80598,91.70769,22.17869,43.61485,-3.46378,-3.46378,57.12533,-125.11445,155.17363,49.77922,-77.02161,-92.90690,-14.04019,-14.04019,155.17363,501.00000,518.00000,529.00000
85.29197,6.69122,91.74926,22.18220,43.66446,-3.52399,-3.52399,57.05951,-125.10822,177.35583,49.89028,-76.99926,-92.88732,-14.04175,-14.04175,177.35583,501.00000,518.00000,529.00000
85.12775,6.57636,91.79054,22.18584,43.59235,-3.60248,-3.60248,57.06877,-125.17641,199.54168,49.90028,-77.04197,-92.92467,-14.03871,-14.03871,199.54168,501.00000,518.00000,529.00000
84.96361,6.46138,91.83152,22.18925,43.63442,-3.66361,-3.66361,57.00763,-125.17351,221.73092,50.00478,-77.02306,-92.90815,-14.04008,-14.04008,221.73092,501.00000,518.00000,529.00000
84.79947,6.34640,91.87226,22.19259,43.68031,-3.72404,-3.72404,56.94416,-125.16760,243.92351,50.11229,-77.00175,-92.88957,-14.04165,-14.04165,243.92351,501.00000,518.00000,529.00000
84.63533,6.23142,91.91273,22.19587,43.72496,-3.78454,-3.78454,56.88148,-125.16179,266.11938,50.21861,-76.98079,-92.87131,-14.04322,-14.04322,266.11938,501.00000,518.00000,529.00000
84.47119,6.11644,91.95294,22.19909,43.76837,-3.84511,-3.84511,56.81960,-125.15610,288.31847,50.32372,-76.96016,-92.85335,-14.04479,-14.04479,288.31847,501.00000,518.00000,529.00000
84.30705,6.00146,91.99289,22.20225,43.81052,-3.90576,-3.90576,56.75851,-125.15052,310.52071,50.42765,-76.93987,-92.83572,-14.04635,-14.04635,310.52071,501.00000,518.00000,529.00000
84.14291,5.88648,92.03258,22.20535,43.85143,-3.96647,-3.96647,56.69822,-125.14505,332.72606,50.53037,-76.91994,-92.81841,-14.04790,-14.04790,332.72606,501.00000,518.00000,529.00000
83.97877,5.77150,92.07199,22.20839,43.89109,-4.02725,-4.02725,56.63872,-125.13968,354.93445,50.63190,-76.90034,-92.80141,-14.04946,-14.04946,354.93445,501.00000,518.00000,529.00000
83.81462,5.65652,92.11113,22.21137,43.92950,-4.08809,-4.08809,56.58001,-125.13443,377.14583,50.73223,-76.88109,-92.78474,-14.05099,-14.05099,377.14583,501.00000,518.00000,529.00000
83.65048,5.54154,92.15001,22.21429,43.96665,-4.14900,-4.14900,56.52210,-125.12929,399.36012,50.83135,-76.86220,-92.76838,-14.05252,-14.05252,399.36012,501.00000,518.00000,529.00000
83.48634,5.42656,92.18860,22.21716,44.00257,-4.20998,-4.20998,56.46498,-125.12426,421.57728,50.92927,-76.84365,-92.75236,-14.05405,-14.05405,421.57728,501.00000,518.00000,529.00000
83.32220,5.31158,92.22691,22.21996,44.03724,-4.27102,-4.27102,56.40866,-125.11934,443.79724,51.02599,-76.82546,-92.73665,-14.05556,-14.05556,443.79724,501.00000,518.00000,529.00000
83.15806,5.19660,92.26494,22.22270,44.07065,-4.33212,-4.33212,56.35312,-125.11453,466.01994,51.12150,-76.80763,-92.72126,-14.05706,-14.05706,466.01994,501.00000,518.00000,529.00000
82.99392,5.08162,92.30269,22.22539,44.10281,-4.39329,-4.39329,56.29838,-125.10983,488.24533,51.21580,-76.79015,-92.70621,-14.05855,-14.05855,488.24533,501.00000,518.00000,529.00000
82.82978,4.96664,92.34014,22.22801,44.13373,-4.45452,-4.45452,56.24443,-125.10523,510.47334,51.30890,-76.77303,-92.69148,-14.06003,-14.06003,510.47334,501.00000,518.00000,529.00000
82.66564,4.85166,92.37731,22.23057,44.16339,-4.51581,-4.51581,56.19127,-125.10075,532.70391,51.40079,-76.75628,-92.67707,-14.06150,-14.06150,532.70391,501.00000,518.00000,529.00000
82.50150,4.73669,92.41418,22.23308,44.19180,-4.57715,-4.57715,56.13890,-125.09638,554.93699,51.49147,-76.73989,-92.66300,-14.06295,-14.06295,554.93699,501.00000,518.00000,529.00000
82.33736,4.62171,92.45076,22.23552,44.21896,-4.63856,-4.63856,56.08733,-125.09211,577.17252,51.58093,-76.72386,-92.64925,-14.06438,-14.06438,577.17252,501.00000,518.00000,529.00000
82.16895,4.51363,92.48913,22.20279,51.60976,-3.54421,-3.54421,51.38711,-120.43753,599.37530,57.71834,-72.26916,-88.74356,-14.39788,-14.39788,599.37530,501.00000,518.00000,529.00000
81.99452,4.41528,92.53005,22.23301,54.55193,-3.12533,-3.12533,49.43600,-118.53067,621.60832,60.17202,-70.29323,-86.96421,-14.50967,-14.50967,621.60832,501.00000,518.00000,529.00000
81.81835,4.31976,92.57139,22.23520,54.57346,-3.18680,-3.18680,49.38965,-118.52775,643.84352,60.25577,-70.27592,-86.94852,-14.51058,-14.51058,643.84352,501.00000,518.00000,529.00000
81.64217,4.22424,92.61230,22.23734,54.59377,-3.24832,-3.24832,49.34404,-118.52490,666.08085,60.33835,-70.25896,-86.93317,-14.51148,-14.51148,666.08085,501.00000,518.00000,529.00000
81.46599,4.12872,92.65276,22.23943,54.61286,-3.30990,-3.30990,49.29915,-118.52212,688.32028,60.41976,-70.24235,-86.91815,-14.51238,-14.51238,688.32028,501.00000,518.00000,529.00000
81.28982,4.03320,92.69279,22.24147,54.63074,-3.37154,-3.37154,49.25501,-118.51941,710.56174,60.49998,-70.22610,-86.90347,-14.51328,-14.51328,710.56174,501.00000,518.00000,529.00000
81.11364,3.93767,92.73237,22.24346,54.64740,-3.43324,-3.43324,49.21160,-118.51676,732.80521,60.57903,-70.21021,-86.88913,-14.51417,-14.51417,732.80521,501.00000,518.00000,529.00000
80.93746,3.84215,92.77151,22.24541,54.66284,-3.49499,-3.49499,49.16892,-118.51418,755.05062,60.65690,-70.19468,-86.87514,-14.51506,-14.51506,755.05062,501.00000,518.00000,529.00000
80.76129,3.74663,92.81020,22.24731,54.67707,-3.55679,-3.55679,49.12697,-118.51167,777.29792,60.73360,-70.17951,-86.86147,-14.51594,-14.51594,777.29792,501.00000,518.00000,529.00000
80.58511,3.65111,92.84845,22.24916,54.69008,-3.61865,-3.61865,49.08576,-118.50923,799.54708,60.80911,-70.16471,-86.84815,-14.51682,-14.51682,799.54708,501.00000,518.00000,529.00000
80.40893,3.55559,92.88624,22.25096,54.70187,-3.68057,-3.68057,49.04528,-118.50685,821.79805,60.88343,-70.15028,-86.83518,-14.51768,-14.51768,821.79805,501.00000,518.00000,529.00000
80.23276,3.46007,92.92358,22.25272,54.71245,-3.74253,-3.74253,49.00553,-118.50454,844.05076,60.95658,-70.13621,-86.82254,-14.51853,-14.51853,844.05076,501.00000,518.00000,529.00000
80.05658,3.36455,92.96047,22.25443,54.72181,-3.80455,-3.80455,48.96651,-118.50230,866.30519,61.02855,-70.12250,-86.81024,-14.51938,-14.51938,866.30519,501.00000,518.00000,529.00000
79.87708,3.27588,92.99841,22.24218,61.17453,-2.75085,-2.75085,44.56611,-114.13712,888.54737,66.25590,-65.25994,-82.38274,-14.76982,-14.76982,888.54737,501.00000,518.00000,529.00000
79.69365,3.19530,93.03761,22.25490,62.30366,-2.61019,-2.61019,43.74519,-113.35009,910.80226,67.21241,-64.33108,-81.52340,-14.80713,-14.80713,910.80226,501.00000,518.00000,529.00000
79.50962,3.11596,93.07651,22.25633,62.30801,-2.67233,-2.67233,43.71055,-113.34862,933.05859,67.27941,-64.31732,-81.51065,-14.80767,-14.80767,933.05859,501.00000,518.00000,529.00000
79.32559,3.03662,93.11484,22.25772,62.31118,-2.73452,-2.73452,43.67659,-113.34720,955.31632,67.34525,-64.30389,-81.49823,-14.80821,-14.80821,955.31632,501.00000,518.00000,529.00000
79.14156,2.95727,93.15261,22.25908,62.31317,-2.79676,-2.79676,43.64328,-113.34581,977.57540,67.40995,-64.29080,-81.48612,-14.80874,-14.80874,977.57540,501.00000,518.00000,529.00000
78.95753,2.87793,93.18980,22.26041,62.31397,-2.85904,-2.85904,43.61064,-113.34447,999.83581,67.47349,-64.27804,-81.47433,-14.80928,-14.80928,999.83581,501.00000,518.00000,529.00000
78.77350,2.79859,93.22642,22.26170,62.31359,-2.92136,-2.92136,43.57867,-113.34317,1022.09750,67.53588,-64.26562,-81.46286,-14.80981,-14.80981,1022.09750,501.00000,518.00000,529.00000
78.58946,2.71925,93.26246,22.26295,62.31203,-2.98373,-2.98373,43.54736,-113.34190,1044.36045,67.59711,-64.25353,-81.45171,-14.81034,-14.81034,1044.36045,501.00000,518.00000,529.00000
78.40543,2.63990,93.29792,22.26417,62.30929,-3.04614,-3.04614,43.51671,-113.34068,1066.62462,67.65719,-64.24178,-81.44089,-14.81086,-14.81086,1066.62462,501.00000,518.00000,529.00000
78.22140,2.56056,93.33281,22.26535,62.30536,-3.10860,-3.10860,43.48672,-113.33949,1088.88996,67.71611,-64.23037,-81.43038,-14.81138,-14.81138,1088.88996,501.00000,518.00000,529.00000
78.03737,2.48122,93.36711,22.26649,62.30025,-3.17110,-3.17110,43.45740,-113.33835,1111.15645,67.77388,-64.21930,-81.42020,-14.81190,-14.81190,1111.15645,501.00000,518.00000,529.00000
77.85334,2.40187,93.40083,22.26760,62.29396,-3.23364,-3.23364,43.42873,-113.33725,1133.42405,67.83049,-64.20857,-81.41034,-14.81240,-14.81240,1133.42405,501.00000,518.00000,529.00000
77.66791,2.32684,93.43459,22.19785,65.90025,-2.62360,-2.62360,40.81197,-110.74693,1155.62191,70.71677,-61.06686,-78.50341,-14.94523,-14.94523,1155.62191,501.00000,518.00000,529.00000
77.47676,2.26937,93.47027,22.26748,76.17402,-0.58024,-0.58024,32.78710,-102.74601,1177.88939,78.57939,-50.61592,-68.55800,-15.16949,-15.16949,1177.88939,501.00000,518.00000,529.00000
77.28129,2.22518,93.50710,22.26812,76.16196,-0.64292,-0.64292,32.76453,-102.74572,1200.15751,78.63028,-50.60490,-68.54731,-15.16958,-15.16958,1200.15751,501.00000,518.00000,529.00000
77.08582,2.18098,93.54312,22.26875,76.14878,-0.70563,-0.70563,32.74246,-102.74543,1222.42626,78.68007,-50.59408,-68.53684,-15.16967,-15.16967,1222.42626,501.00000,518.00000,529.00000
76.89034,2.13679,93.57834,22.26937,76.13448,-0.76838,-0.76838,32.72087,-102.74514,1244.69562,78.72877,-50.58347,-68.52658,-15.16977,-15.16977,1244.69562,501.00000,518.00000,529.00000
76.69487,2.09259,93.61277,22.26997,76.11906,-0.83116,-0.83116,32.69977,-102.74487,1266.96559,78.77636,-50.57307,-68.51653,-15.16987,-15.16987,1266.96559,501.00000,518.00000,529.00000
76.49940,2.04840,93.64639,22.27056,76.10252,-0.89397,-0.89397,32.67916,-102.74460,1289.23615,78.82285,-50.56289,-68.50669,-15.16998,-15.16998,1289.23615,501.00000,518.00000,529.00000
76.30393,2.00420,93.67922,22.27114,76.08485,-0.95682,-0.95682,32.65903,-102.74434,1311.50729,78.86824,-50.55291,-68.49706,-15.17010,-15.17010,1311.50729,501.00000,518.00000,529.00000
76.10846,1.96000,93.71123,22.27170,76.06607,-1.01971,-1.01971,32.63940,-102.74408,1333.77899,78.91251,-50.54315,-68.48764,-15.17022,-15.17022,1333.77899,501.00000,518.00000,529.00000
75.91299,1.91581,93.74244,22.27226,76.04617,-1.08262,-1.08262,32.62025,-102.74384,1356.05125,78.95569,-50.53360,-68.47844,-15.17035,-15.17035,1356.05125,501.00000,518.00000,529.00000
75.71751,1.87161,93.77285,22.27280,76.02514,-1.14556,-1.14556,32.60159,-102.74360,1378.32405,78.99777,-50.52426,-68.46946,-15.17048,-15.17048,1378.32405,501.00000,518.00000,529.00000
75.52204,1.82742,93.80246,22.27332,76.00299,-1.20853,-1.20853,32.58341,-102.74337,1400.59737,79.03874,-50.51514,-68.46068,-15.17062,-15.17062,1400.59737,501.00000,518.00000,529.00000
75.32657,1.78322,93.83125,22.27384,75.97973,-1.27154,-1.27154,32.56571,-102.74314,1422.87121,79.07860,-50.50623,-68.45211,-15.17076,-15.17076,1422.87121,501.00000,518.00000,529.00000
75.13110,1.73903,93.85924,22.27434,75.95535,-1.33456,-1.33456,32.54850,-102.74292,1445.14555,79.11736,-50.49753,-68.44376,-15.17090,-15.17090,1445.14555,501.00000,518.00000,529.00000
74.93563,1.69483,93.88642,22.27483,75.92985,-1.39761,-1.39761,32.53178,-102.74271,1467.42039,79.15501,-50.48905,-68.43562,-15.17105,-15.17105,1467.42039,501.00000,518.00000,529.00000
74.74015,1.65063,93.91278,22.27531,75.90323,-1.46069,-1.46069,32.51553,-102.74251,1489.69570,79.19155,-50.48078,-68.42769,-15.17120,-15.17120,1489.69570,501.00000,518.00000,529.00000
74.54437,1.60809,93.93847,22.26664,77.01253,-1.26908,-1.26908,31.53876,-101.78117,1511.96234,80.06249,-49.13688,-67.13729,-15.19423,-15.19423,1511.96234,501.00000,518.00000,529.00000
74.34734,1.57196,93.96381,22.27593,80.14713,-0.59413,-0.59413,28.74560,-99.00249,1534.23826,82.38405,-45.18921,-63.31809,-15.23951,-15.23951,1534.23826,501.00000,518.00000,529.00000
74.14941,1.54061,93.98864,22.27625,80.11660,-0.65729,-0.65729,28.73179,-99.00241,1556.51451,82.41672,-45.18129,-63.31039,-15.23957,-15.23957,1556.51451,501.00000,518.00000,529.00000
73.95147,1.50925,94.01259,22.27657,80.08497,-0.72048,-0.72048,28.71839,-99.00234,1578.79108,82.44828,-45.17353,-63.30284,-15.23964,-15.23964,1578.79108,501.00000,518.00000,529.00000
73.75353,1.47789,94.03566,22.27688,80.05223,-0.78368,-0.78368,28.70541,-99.00226,1601.06795,82.47876,-45.16592,-63.29545,-15.23971,-15.23971,1601.06795,501.00000,518.00000,529.00000
73.55560,1.44654,94.05785,22.27718,80.01839,-0.84691,-0.84691,28.69283,-99.00219,1623.34513,82.50813,-45.15847,-63.28823,-15.23978,-15.23978,1623.34513,501.00000,518.00000,529.00000
73.35766,1.41518,94.07915,22.27748,79.98345,-0.91016,-0.91016,28.68067,-99.00213,1645.62261,82.53641,-45.15118,-63.28116,-15.23986,-15.23986,1645.62261,501.00000,518.00000,529.00000
73.15972,1.38382,94.09957,22.27777,79.94740,-0.97343,-0.97343,28.66891,-99.00206,1667.90038,82.56359,-45.14404,-63.27424,-15.23994,-15.23994,1667.90038,501.00000,518.00000,529.00000
72.96178,1.35246,94.11912,22.27805,79.91026,-1.03671,-1.03671,28.65757,-99.00200,1690.17843,82.58967,-45.13706,-63.26749,-15.24003,-15.24003,1690.17843,501.00000,518.00000,529.00000
72.76385,1.32111,94.13778,22.27833,79.87201,-1.10001,-1.10001,28.64663,-99.00194,1712.45676,82.61466,-45.13024,-63.26090,-15.24011,-15.24011,1712.45676,501.00000,518.00000,529.00000
72.56591,1.28975,94.15555,22.27860,79.83266,-1.16333,-1.16333,28.63611,-99.00189,1734.73536,82.63855,-45.12358,-63.25446,-15.24020,-15.24020,1734.73536,501.00000,518.00000,529.00000
72.36797,1.25839,94.17243,22.27886,79.79222,-1.22667,-1.22667,28.62599,-99.00183,1757.01422,82.66134,-45.11708,-63.24817,-15.24030,-15.24030,1757.01422,501.00000,518.00000,529.00000
72.16936,1.25252,94.18925,22.26204,93.13553,2.59938,2.59938,13.99045,-84.37465,1779.27626,91.39522,-22.77121,-41.04723,-15.06407,-15.06407,1779.27626,501.00000,518.00000,529.00000
71.97005,1.27273,94.20586,22.27867,93.33081,2.62452,2.62452,13.64674,-84.03778,1801.55493,91.54632,-22.22645,-40.49198,-15.04851,-15.04851,1801.55493,501.00000,518.00000,529.00000
71.77073,1.29354,94.22140,22.27849,93.28533,2.56112,2.56112,13.63993,-84.03770,1823.83342,91.56406,-22.21924,-40.48463,-15.04831,-15.04831,1823.83342,501.00000,518.00000,529.00000
71.57140,1.31434,94.23585,22.27831,93.23875,2.49771,2.49771,13.63322,-84.03762,1846.11173,91.58071,-22.21191,-40.47716,-15.04811,-15.04811,1846.11173,501.00000,518.00000,529.00000
71.37208,1.33515,94.24922,22.27812,93.19108,2.43429,2.43429,13.62659,-84.03753,1868.38985,91.59627,-22.20447,-40.46959,-15.04791,-15.04791,1868.38985,501.00000,518.00000,529.00000
71.17276,1.35595,94.26150,22.27793,93.14233,2.37086,2.37086,13.62005,-84.03744,1890.66778,91.61074,-22.19691,-40.46189,-15.04771,-15.04771,1890.66778,501.00000,518.00000,529.00000
70.97343,1.37675,94.27269,22.27774,93.09249,2.30742,2.30742,13.61360,-84.03736,1912.94553,91.62411,-22.18923,-40.45409,-15.04751,-15.04751,1912.94553,501.00000,518.00000,529.00000
70.77411,1.39756,94.28279,22.27755,93.04156,2.24397,2.24397,13.60723,-84.03727,1935.22308,91.63639,-22.18142,-40.44617,-15.04731,-15.04731,1890.66798,501.00000,518.00000,529.00000
70.57479,1.41836,94.29180,22.27735,92.98954,2.18052,2.18052,13.60096,-84.03718,1957.50043,91.64758,-22.17350,-40.43813,-15.04712,-15.04712,1868.39062,501.00000,518.00000,529.00000
70.37547,1.43917,94.29972,22.27715,92.93643,2.11706,2.11706,13.59477,-84.03709,1979.77758,91.65767,-22.16547,-40.42998,-15.04694,-15.04694,1846.11347,501.00000,518.00000,529.00000
70.17614,1.45997,94.30655,22.27695,92.88225,2.05358,2.05358,13.58867,-84.03700,2002.05454,91.66667,-22.15732,-40.42171,-15.04675,-15.04675,1823.83652,501.00000,518.00000,529.00000
69.97682,1.48077,94.31230,22.27675,92.82698,1.99011,1.99011,13.58266,-84.03691,2024.33128,91.67458,-22.14904,-40.41334,-15.04657,-15.04657,1801.55977,501.00000,518.00000,529.00000
69.77750,1.50158,94.31695,22.27654,92.77063,1.92663,1.92663,13.57673,-84.03681,2046.60782,91.68140,-22.14065,-40.40484,-15.04639,-15.04639,1779.28324,501.00000,518.00000,529.00000
69.57833,1.52356,94.32052,22.26952,93.18509,2.04121,2.04121,12.89235,-83.35817,2068.87734,91.94279,-21.04479,-39.29507,-15.02271,-15.02271,1757.01371,501.00000,518.00000,529.00000
69.38003,1.55184,94.32301,22.27616,95.03065,2.75070,2.75070,9.92703,-80.39845,2091.15350,92.91082,-16.26071,-34.42397,-14.89869,-14.89869,1734.73755,501.00000,518.00000,529.00000
69.18243,1.58524,94.32440,22.27582,94.97050,2.68720,2.68720,9.92133,-80.39824,2113.42932,92.91380,-16.25169,-34.41475,-14.89843,-14.89843,1712.46174,501.00000,518.00000,529.00000
68.98483,1.61865,94.32466,22.27546,94.90927,2.62371,2.62371,9.91562,-80.39803,2135.70478,92.91568,-16.24248,-34.40534,-14.89816,-14.89816,1690.18627,501.00000,518.00000,529.00000
68.78723,1.65205,94.32381,22.27510,94.84695,2.56022,2.56022,9.90992,-80.39782,2157.97988,92.91646,-16.23309,-34.39574,-14.89790,-14.89790,1667.91117,501.00000,518.00000,529.00000
68.58962,1.68546,94.32184,22.27473,94.78353,2.49673,2.49673,9.90421,-80.39760,2180.25462,92.91613,-16.22350,-34.38596,-14.89764,-14.89764,1645.63644,501.00000,518.00000,529.00000
68.39202,1.71887,94.31875,22.27436,94.71903,2.43324,2.43324,9.89851,-80.39738,2202.52898,92.91471,-16.21372,-34.37598,-14.89739,-14.89739,1623.36208,501.00000,518.00000,529.00000
68.19442,1.75227,94.31454,22.27398,94.65344,2.36975,2.36975,9.89280,-80.39716,2224.80295,92.91217,-16.20374,-34.36582,-14.89712,-14.89712,1601.08810,501.00000,518.00000,529.00000
67.99682,1.78568,94.30922,22.27359,94.58677,2.30627,2.30627,9.88710,-80.39693,2247.07654,92.90854,-16.19358,-34.35547,-14.89687,-14.89687,1578.81452,501.00000,518.00000,529.00000
67.79922,1.81908,94.30277,22.27319,94.51902,2.24279,2.24279,9.88139,-80.39670,2269.34973,92.90380,-16.18322,-34.34492,-14.89662,-14.89662,1556.54133,501.00000,518.00000,529.00000
67.60161,1.85249,94.29521,22.27278,94.45017,2.17931,2.17931,9.87568,-80.39646,2291.62251,92.89796,-16.17266,-34.33419,-14.89636,-14.89636,1534.26854,501.00000,518.00000,529.00000
67.40401,1.88589,94.28653,22.27237,94.38025,2.11584,2.11584,9.86997,-80.39623,2313.89488,92.89102,-16.16192,-34.32327,-14.89611,-14.89611,1511.99617,501.00000,518.00000,529.00000
67.20641,1.91930,94.27673,22.27195,94.30924,2.05237,2.05237,9.86427,-80.39599,2336.16684,92.88298,-16.15099,-34.31217,-14.89587,-14.89587,1489.72422,501.00000,518.00000,529.00000
67.00881,1.95271,94.26581,22.27153,94.23715,1.98891,1.98891,9.85856,-80.39574,2358.43836,92.87383,-16.13987,-34.30088,-14.89562,-14.89562,1467.45269,501.00000,518.00000,529.00000
66.81121,1.98611,94.25377,22.27109,94.16398,1.92546,1.92546,9.85285,-80.39550,2380.70946,92.86357,-16.12855,-34.28941,-14.89539,-14.89539,1445.18160,501.00000,518.00000,529.00000
66.61360,2.01952,94.24061,22.27065,94.08973,1.86202,1.86202,9.84714,-80.39525,2402.98011,92.85221,-16.11705,-34.27775,-14.89515,-14.89515,1422.91095,501.00000,518.00000,529.00000
66.41647,2.05461,94.22633,22.23364,94.59528,2.05700,2.05700,8.84642,-79.40006,2425.21374,93.10542,-14.49073,-32.62757,-14.86088,-14.86088,1400.67731,501.00000,518.00000,529.00000
66.22486,2.10959,94.21081,22.27102,98.96575,4.75268,4.75268,2.00209,-68.55805,2447.48476,94.15330,3.29135,-14.24702,-14.21423,-14.21423,1378.40629,501.00000,518.00000,529.00000
66.03830,2.18280,94.19406,22.27009,98.88571,4.68925,4.68925,2.01037,-68.55700,2469.75486,94.13608,3.30436,-14.23335,-14.21358,-14.21358,1356.13620,501.00000,518.00000,529.00000
65.85174,2.25600,94.17615,22.26914,98.80453,4.62584,4.62584,2.01894,-68.55591,2492.02400,94.11769,3.31782,-14.21921,-14.21291,-14.21291,1333.86706,501.00000,518.00000,529.00000
65.66519,2.32921,94.15708,22.26815,98.72221,4.56243,4.56243,2.02782,-68.55480,2514.29215,94.09812,3.33172,-14.20463,-14.21223,-14.21223,1311.59890,501.00000,518.00000,529.00000
65.47863,2.40242,94.13688,22.26713,98.63876,4.49904,4.49904,2.03698,-68.55365,2536.55928,94.07739,3.34605,-14.18960,-14.21154,-14.21154,1289.33177,501.00000,518.00000,529.00000
65.29208,2.47562,94.11552,22.26608,98.55416,4.43567,4.43567,2.04645,-68.55247,2558.82537,94.05550,3.36083,-14.17411,-14.21084,-14.21084,1267.06569,501.00000,518.00000,529.00000
65.10552,2.54883,94.09302,22.26500,98.46843,4.37232,4.37232,2.05621,-68.55126,2581.09037,94.03243,3.37604,-14.15817,-14.21013,-14.21013,1244.80068,501.00000,518.00000,529.00000
64.91896,2.62203,94.06937,22.26389,98.38157,4.30898,4.30898,2.06626,-68.55001,2603.35426,94.00821,3.39170,-14.14178,-14.20941,-14.20941,1222.53679,501.00000,518.00000,529.00000
64.73241,2.69524,94.04458,22.26275,98.29358,4.24565,4.24565,2.07662,-68.54874,2625.61701,93.98282,3.40779,-14.12494,-14.20868,-14.20868,1200.27405,501.00000,518.00000,529.00000
64.54585,2.76845,94.01864,22.26157,98.20445,4.18235,4.18235,2.08728,-68.54743,2647.87858,93.95626,3.42433,-14.10766,-14.20793,-14.20793,1178.01248,501.00000,518.00000,529.00000
64.35929,2.84165,93.99156,22.26036,98.11419,4.11906,4.11906,2.09823,-68.54609,2670.13894,93.92854,3.44130,-14.08993,-14.20718,-14.20718,1155.75211,501.00000,518.00000,529.00000
64.17274,2.91486,93.96333,22.25912,98.02281,4.05579,4.05579,2.10948,-68.54472,2692.39807,93.89965,3.45871,-14.07175,-14.20642,-14.20642,1133.49299,501.00000,518.00000,529.00000
63.98618,2.98806,93.93396,22.25785,97.93029,3.99255,3.99255,2.12104,-68.54331,2714.65592,93.86960,3.47655,-14.05313,-14.20566,-14.20566,1111.23514,501.00000,518.00000,529.00000
63.79962,3.06127,93.90344,22.25655,97.83665,3.92933,3.92933,2.13289,-68.54188,2736.91247,93.83838,3.49483,-14.03406,-14.20489,-14.20489,1088.97858,501.00000,518.00000,529.00000
63.61307,3.13448,93.87179,22.25522,97.74188,3.86613,3.86613,2.14504,-68.54041,2759.16769,93.80601,3.51355,-14.01455,-14.20411,-14.20411,1066.72336,501.00000,518.00000,529.00000
63.42651,3.20768,93.83899,22.25385,97.64598,3.80295,3.80295,2.15749,-68.53891,2781.42155,93.77247,3.53270,-13.99460,-14.20333,-14.20333,1044.46951,501.00000,518.00000,529.00000
63.23995,3.28089,93.80505,22.25246,97.54897,3.73980,3.73980,2.17025,-68.53738,2803.67400,93.73776,3.55229,-13.97421,-14.20254,-14.20254,1022.21705,501.00000,518.00000,529.00000
63.05340,3.35409,93.76997,22.25103,97.45083,3.67668,3.67668,2.18330,-68.53582,2825.92504,93.70189,3.57232,-13.95338,-14.20175,-14.20175,999.96602,501.00000,518.00000,529.00000
62.86684,3.42730,93.73375,22.24957,97.35157,3.61358,3.61358,2.19666,-68.53422,2848.17461,93.66487,3.59277,-13.93211,-14.20095,-14.20095,977.71645,501.00000,518.00000,529.00000
62.68028,3.50051,93.69639,22.24808,97.25120,3.55050,3.55050,2.21032,-68.53259,2870.42269,93.62668,3.61366,-13.91041,-14.20015,-14.20015,955.46837,501.00000,518.00000,529.00000
62.49373,3.57371,93.65789,22.24656,97.14970,3.48745,3.48745,2.22428,-68.53093,2892.66925,93.58733,3.63498,-13.88827,-14.19935,-14.19935,933.22181,501.00000,518.00000,529.00000
62.30717,3.64692,93.61826,22.24501,97.04708,3.42444,3.42444,2.23855,-68.52924,2914.91426,93.54682,3.65674,-13.86569,-14.19855,-14.19855,910.97680,501.00000,518.00000,529.00000
62.12061,3.72012,93.57749,22.24342,96.94335,3.36145,3.36145,2.25312,-68.52752,2937.15768,93.50515,3.67892,-13.84268,-14.19774,-14.19774,888.73338,501.00000,518.00000,529.00000
61.93557,3.79681,93.53564,22.22768,97.29325,3.83498,3.83498,4.44374,-66.35049,2959.38536,93.25446,7.24716,-10.13159,-14.06025,-14.06025,866.50569,501.00000,518.00000,529.00000
61.75351,3.88032,93.49279,22.24263,97.49043,4.28242,4.28242,6.55117,-64.25774,2981.62799,92.88231,10.66664,-6.55325,-13.91112,-13.91112,844.26307,501.00000,518.00000,529.00000
61.57291,3.96718,93.44887,22.24075,97.38155,4.21950,4.21950,6.56896,-64.25528,3003.86874,92.83537,10.69045,-6.52827,-13.91003,-13.91003,822.02232,501.00000,518.00000,529.00000
61.39230,4.05404,93.40384,22.23883,97.27151,4.15661,4.15661,6.58716,-64.25276,3026.10757,92.78724,10.71478,-6.50277,-13.90894,-13.90894,799.78349,501.00000,518.00000,529.00000
61.21170,4.14090,93.35769,22.23687,97.16034,4.09376,4.09376,6.60577,-64.25019,3048.34444,92.73791,10.73961,-6.47674,-13.90783,-13.90783,777.54661,501.00000,518.00000,529.00000
61.03110,4.22776,93.31043,22.23487,97.04802,4.03094,4.03094,6.62480,-64.24757,3070.57931,92.68738,10.76495,-6.45019,-13.90672,-13.90672,755.31174,501.00000,518.00000,529.00000
60.85049,4.31462,93.26205,22.23283,96.93456,3.96816,3.96816,6.64424,-64.24489,3092.81214,92.63567,10.79081,-6.42313,-13.90560,-13.90560,733.07891,501.00000,518.00000,529.00000
60.66989,4.40148,93.21255,22.23075,96.81996,3.90541,3.90541,6.66411,-64.24216,3115.04289,92.58276,10.81718,-6.39554,-13.90448,-13.90448,710.84817,501.00000,518.00000,529.00000
60.48928,4.48834,93.16194,22.22862,96.70422,3.84270,3.84270,6.68439,-64.23938,3137.27151,92.52866,10.84406,-6.36744,-13.90336,-13.90336,688.61955,501.00000,518.00000,529.00000
60.30868,4.57520,93.11022,22.22645,96.58734,3.78003,3.78003,6.70509,-64.23655,3159.49796,92.47337,10.87145,-6.33883,-13.90223,-13.90223,666.39309,501.00000,518.00000,529.00000
60.12808,4.66206,93.05739,22.22425,96.46933,3.71740,3.71740,6.72620,-64.23367,3181.72221,92.41689,10.89934,-6.30970,-13.90110,-13.90110,644.16885,501.00000,518.00000,529.00000
59.94883,4.75162,93.00355,22.22109,96.49590,4.07304,4.07304,8.47943,-62.49955,3203.94330,91.98692,13.71378,-3.36459,-13.78220,-13.78220,621.94775,501.00000,518.00000,529.00000
59.77131,4.84459,92.94877,22.22192,96.39833,4.12079,4.12079,8.96188,-62.03702,3226.16522,91.81407,14.47930,-2.56120,-13.74808,-13.74808,599.72584,501.00000,518.00000,529.00000
59.59415,4.93828,92.89291,22.21949,96.27573,4.05825,4.05825,8.98574,-62.03356,3248.38471,91.75286,14.50882,-2.53022,-13.74676,-13.74676,577.50635,501.00000,518.00000,529.00000
59.41699,5.03196,92.83597,22.21702,96.15197,3.99576,3.99576,9.01008,-62.03003,3270.60173,91.69045,14.53888,-2.49868,-13.74544,-13.74544,555.28933,501.00000,518.00000,529.00000
59.23983,5.12565,92.77793,22.21450,96.02707,3.93330,3.93330,9.03490,-62.02644,3292.81622,91.62683,14.56948,-2.46660,-13.74411,-13.74411,533.07483,501.00000,518.00000,529.00000
59.06267,5.21933,92.71881,22.21193,95.90102,3.87090,3.87090,9.06020,-62.02278,3315.02816,91.56200,14.60063,-2.43396,-13.74279,-13.74279,510.86290,501.00000,518.00000,529.00000
58.88551,5.31302,92.65860,22.20932,95.77382,3.80854,3.80854,9.08599,-62.01906,3337.23748,91.49596,14.63233,-2.40078,-13.74146,-13.74146,488.65357,501.00000,518.00000,529.00000
58.70836,5.40670,92.59730,22.20667,95.64548,3.74622,3.74622,9.11225,-62.01527,3359.44415,91.42872,14.66455,-2.36705,-13.74012,-13.74012,466.44691,501.00000,518.00000,529.00000
58.53120,5.50039,92.53491,22.20396,95.51599,3.68395,3.68395,9.13899,-62.01142,3381.64811,91.36027,14.69732,-2.33278,-13.73879,-13.73879,444.24294,501.00000,518.00000,529.00000
58.35404,5.59407,92.47144,22.20121,95.38536,3.62172,3.62172,9.16622,-62.00751,3403.84933,91.29062,14.73063,-2.29798,-13.73746,-13.73746,422.04173,501.00000,518.00000,529.00000
58.17569,5.68530,92.40679,22.18315,95.15623,3.18293,3.18293,7.62774,-63.56918,3426.03248,91.58912,12.26573,-4.86615,-13.82918,-13.82918,399.85858,501.00000,518.00000,529.00000
57.99428,5.77022,92.34076,22.18971,94.73018,2.52565,2.52565,5.19888,-66.02042,3448.22219,91.96088,8.36728,-8.89917,-13.95042,-13.95042,377.66886,501.00000,518.00000,529.00000
57.81100,5.85130,92.27345,22.18704,94.59867,2.46361,2.46361,5.22431,-66.01723,3470.40924,91.89014,8.40197,-8.86345,-13.94948,-13.94948,355.48182,501.00000,518.00000,529.00000
57.62773,5.93237,92.20506,22.18434,94.46608,2.40162,2.40162,5.25012,-66.01399,3492.59358,91.81823,8.43711,-8.82729,-13.94855,-13.94855,333.29748,501.00000,518.00000,529.00000
57.44445,6.01344,92.13556,22.18160,94.33239,2.33968,2.33968,5.27632,-66.01072,3514.77517,91.74516,8.47270,-8.79068,-13.94763,-13.94763,311.11588,501.00000,518.00000,529.00000
57.26118,6.09452,92.06497,22.17882,94.19760,2.27780,2.27780,5.30291,-66.00739,3536.95399,91.67093,8.50875,-8.75362,-13.94672,-13.94672,288.93706,501.00000,518.00000,529.00000
57.07790,6.17559,91.99329,22.17600,94.06171,2.21597,2.21597,5.32989,-66.00403,3559.13000,91.59554,8.54526,-8.71613,-13.94583,-13.94583,266.76106,501.00000,518.00000,529.00000
56.89463,6.25666,91.92050,22.17315,93.92474,2.15420,2.15420,5.35725,-66.00062,3581.30315,91.51899,8.58221,-8.67819,-13.94494,-13.94494,244.58791,501.00000,518.00000,529.00000
56.71135,6.33774,91.84663,22.17026,93.78668,2.09248,2.09248,5.38501,-65.99717,3603.47341,91.44127,8.61961,-8.63982,-13.94408,-13.94408,222.41765,501.00000,518.00000,529.00000
56.52808,6.41881,91.77168,22.16733,93.64753,2.03081,2.03081,5.41316,-65.99367,3625.64074,91.36240,8.65746,-8.60101,-13.94323,-13.94323,200.25031,501.00000,518.00000,529.00000
56.34480,6.49988,91.69563,22.16437,93.50730,1.96921,1.96921,5.44170,-65.99013,3647.80511,91.28238,8.69576,-8.56176,-13.94239,-13.94239,178.08594,501.00000,518.00000,529.00000
56.16153,6.58095,91.61850,22.16137,93.36598,1.90766,1.90766,5.47064,-65.98655,3669.96649,91.20120,8.73451,-8.52208,-13.94156,-13.94156,155.92457,501.00000,518.00000,529.00000
55.97825,6.66203,91.54028,22.15833,93.22358,1.84618,1.84618,5.49997,-65.98292,3692.12482,91.11885,8.77370,-8.48198,-13.94075,-13.94075,133.76624,501.00000,518.00000,529.00000
55.79498,6.74310,91.46099,22.15526,93.08009,1.78475,1.78475,5.52969,-65.97925,3714.28008,91.03536,8.81333,-8.44145,-13.93996,-13.93996,111.61098,501.00000,518.00000,529.00000
55.61170,6.82417,91.38061,22.15215,92.93553,1.72338,1.72338,5.55982,-65.97554,3736.43222,90.95072,8.85340,-8.40048,-13.93920,-13.93920,89.45883,501.00000,518.00000,529.00000
55.42843,6.90525,91.29915,22.14900,92.78990,1.66207,1.66207,5.59034,-65.97178,3758.58122,90.86492,8.89391,-8.35910,-13.93844,-13.93844,67.30983,501.00000,518.00000,529.00000
55.24516,6.98632,91.21662,22.14581,92.64318,1.60083,1.60083,5.62126,-65.96798,3780.72704,90.77797,8.93486,-8.31729,-13.93770,-13.93770,45.16402,501.00000,518.00000,529.00000
55.06188,7.06739,91.13301,22.14259,92.49540,1.53965,1.53965,5.65258,-65.96414,3802.86963,90.68986,8.97625,-8.27506,-13.93698,-13.93698,23.02143,501.00000,518.00000,529.00000
54.87861,7.14847,91.04832,22.13933,92.34655,1.47853,1.47853,5.68431,-65.96025,3825.00896,90.60061,9.01808,-8.23242,-13.93629,-13.93629,0.88210,501.00000,518.00000,529.00000
54.69533,7.22954,90.96257,22.13604,92.19662,1.41748,1.41748,5.71643,-65.95632,3847.14500,90.51021,9.06034,-8.18936,-13.93561,-13.93561,-21.25394,501.00000,518.00000,529.00000
113.58781,-10.27962,94.12255,22.13559,69.50222,-11.38740,4.52557,66.87076,-96.59846,22.13559,36.97194,-86.55709,-48.92116,9.32747,21.79107,22.13559,501.00000,787.00000,301.00000
113.38683,-10.30244,94.00204,22.13401,69.67078,-11.32434,5.04012,67.07987,-96.59897,44.26959,36.60887,-86.58045,-48.96533,9.33468,21.78804,44.26959,501.00000,787.00000,301.00000
113.18584,-10.32525,93.88241,22.13242,69.83839,-11.26114,5.55461,67.28977,-96.59948,66.40201,36.24525,-86.60363,-49.00972,9.34187,21.78467,66.40201,501.00000,787.00000,301.00000
112.98486,-10.34806,93.76365,22.13084,70.00505,-11.19778,6.06902,67.50048,-96.60000,88.53285,35.88107,-86.62662,-49.05430,9.34903,21.78096,88.53285,501.00000,787.00000,301.00000
112.78387,-10.37088,93.64580,22.12925,70.17075,-11.13427,6.58335,67.71199,-96.60051,110.66210,35.51634,-86.64944,-49.09910,9.35616,21.77692,110.66210,501.00000,787.00000,301.00000
112.58289,-10.39369,93.52885,22.12765,70.33549,-11.07062,7.09759,67.92430,-96.60103,132.78975,35.15107,-86.67207,-49.14409,9.36327,21.77254,132.78975,501.00000,787.00000,301.00000
112.38190,-10.41650,93.41281,22.12606,70.49928,-11.00682,7.61174,68.13739,-96.60154,154.91581,34.78527,-86.69451,-49.18929,9.37036,21.76781,154.91581,501.00000,787.00000,301.00000
112.18092,-10.43932,93.29771,22.12446,70.66210,-10.94288,8.12579,68.35127,-96.60206,177.04027,34.41894,-86.71677,-49.23469,9.37742,21.76275,177.04027,501.00000,787.00000,301.00000
111.97993,-10.46213,93.18353,22.12285,70.82396,-10.87879,8.63972,68.56594,-96.60258,199.16312,34.05208,-86.73884,-49.28030,9.38445,21.75734,199.16312,501.00000,787.00000,301.00000
111.77895,-10.48494,93.07030,22.12125,70.98485,-10.81455,9.15355,68.78139,-96.60310,221.28437,33.68469,-86.76072,-49.32611,9.39146,21.75160,221.28437,501.00000,787.00000,301.00000
111.59625,-10.44762,92.88752,20.98873,86.50099,-14.24818,-5.59863,31.28268,-58.93100,242.27310,79.38315,-48.23284,4.34268,0.85124,22.96739,242.27310,501.00000,787.00000,301.00000
111.43696,-10.33343,92.61442,22.28073,84.72326,-14.13156,-8.89695,21.68215,-49.21717,264.55383,86.06174,-34.21707,18.84677,-1.55298,21.73821,264.55383,501.00000,787.00000,301.00000
111.28277,-10.20251,92.32091,22.28601,84.92740,-14.07355,-8.37859,21.79388,-49.22872,286.83984,85.72231,-34.27586,18.78872,-1.54333,21.74412,242.26781,501.00000,787.00000,301.00000
111.12858,-10.07159,92.02658,22.29123,85.13033,-14.01534,-7.86020,21.90596,-49.24013,309.13107,85.38202,-34.33367,18.73127,-1.53384,21.74961,219.97658,501.00000,787.00000,301.00000
110.97439,-9.94067,91.73144,22.29639,85.33207,-13.95693,-7.34178,22.01839,-49.25138,331.42746,85.04087,-34.39050,18.67442,-1.52451,21.75469,197.68019,501.00000,787.00000,301.00000
110.82020,-9.80975,91.43550,22.30148,85.53260,-13.89831,-6.82334,22.13119,-49.26247,353.72894,84.69887,-34.44637,18.61818,-1.51535,21.75935,175.37871,501.00000,787.00000,301.00000
110.66601,-9.67883,91.13877,22.30650,85.73193,-13.83950,-6.30489,22.24436,-49.27342,376.03544,84.35602,-34.50127,18.56256,-1.50634,21.76361,153.07221,501.00000,787.00000,301.00000
110.51181,-9.54790,90.84127,22.31146,85.93006,-13.78047,-5.78644,22.35792,-49.28421,398.34690,84.01234,-34.55522,18.50756,-1.49749,21.76748,130.76075,501.00000,787.00000,301.00000
110.35762,-9.41698,90.54298,22.31635,86.12697,-13.72124,-5.26799,22.47186,-49.29485,420.66325,83.66782,-34.60821,18.45318,-1.48880,21.77098,108.44440,501.00000,787.00000,301.00000
110.20343,-9.28606,90.24393,22.32118,86.32267,-13.66182,-4.74955,22.58620,-49.30533,442.98443,83.32247,-34.66026,18.39944,-1.48027,21.77410,86.12322,501.00000,787.00000,301.00000
110.04924,-9.15514,89.94412,22.32594,86.51716,-13.60220,-4.23113,22.70095,-49.31567,465.31037,82.97630,-34.71136,18.34632,-1.47189,21.77686,63.79728,501.00000,787.00000,301.00000
109.89505,-9.02422,89.64355,22.33063,86.71043,-13.54237,-3.71275,22.81612,-49.32585,487.64100,82.62931,-34.76153,18.29384,-1.46366,21.77927,41.46665,501.00000,787.00000,301.00000
109.74086,-8.89330,89.34225,22.33526,86.90249,-13.48235,-3.19441,22.93172,-49.33588,509.97625,82.28152,-34.81077,18.24201,-1.45559,21.78133,19.13140,501.00000,787.00000,301.00000
109.58667,-8.76238,89.04021,22.33982,87.09332,-13.42214,-2.67611,23.04775,-49.34575,532.31607,81.93292,-34.85908,18.19082,-1.44768,21.78305,-3.20842,501.00000,787.00000,301.00000
109.43247,-8.63146,88.73743,22.34431,87.28293,-13.36173,-2.15786,23.16423,-49.35548,554.66038,81.58352,-34.90647,18.14028,-1.43992,21.78445,-25.55273,501.00000,787.00000,301.00000
107.09356,-4.93131,81.36588,22.22055,90.32698,7.90613,7.90613,22.31198,-47.66821,22.22055,75.27404,-30.89053,19.28950,18.75090,18.75090,22.22055,501.00000,787.00000,787.00000
106.94530,-4.79672,81.04143,22.22298,90.48889,8.41576,8.41576,22.42447,-47.67374,44.44354,74.91334,-30.91448,19.26067,18.74830,18.74830,44.44354,501.00000,787.00000,787.00000
106.79704,-4.66213,80.71637,22.22534,90.64954,8.92517,8.92517,22.53753,-47.67911,66.66888,74.55195,-30.93765,19.23258,18.74561,18.74561,66.66888,501.00000,787.00000,787.00000
106.64877,-4.52754,80.39069,22.22764,90.80893,9.43437,9.43437,22.65119,-47.68432,88.89651,74.18988,-30.96006,19.20524,18.74284,18.74284,88.89651,501.00000,787.00000,787.00000
106.50051,-4.39295,80.06443,22.22986,90.96705,9.94333,9.94333,22.76545,-47.68937,111.12638,73.82714,-30.98170,19.17866,18.74001,18.74001,111.12638,501.00000,787.00000,787.00000
106.35225,-4.25836,79.73757,22.23202,91.12389,10.45205,10.45205,22.88034,-47.69427,133.35840,73.46373,-31.00259,19.15284,18.73712,18.73712,133.35840,501.00000,787.00000,787.00000
106.20399,-4.12377,79.41014,22.23412,91.27947,10.96053,10.96053,22.99586,-47.69900,155.59252,73.09966,-31.02273,19.12778,18.73417,18.73417,155.59252,501.00000,787.00000,787.00000
106.05018,-3.99632,79.08963,22.16666,92.78534,13.11356,13.11356,28.30319,-52.88442,177.75917,69.63454,-37.49933,10.77575,17.64177,17.64177,177.75917,501.00000,787.00000,787.00000
105.88690,-3.88110,78.78155,22.23010,93.43521,14.72711,14.72711,32.13581,-56.57566,199.98927,66.71140,-41.90611,4.75703,16.74197,16.74197,199.98927,501.00000,787.00000,787.00000
105.71967,-3.77096,78.47861,22.23209,93.58334,15.23417,15.23417,32.28944,-56.57889,222.22136,66.34270,-41.92300,4.73329,16.73817,16.73817,222.22136,501.00000,787.00000,787.00000
105.55244,-3.66082,78.17547,22.23402,93.73031,15.74097,15.74097,32.44411,-56.58202,244.45538,65.97346,-41.93931,4.71020,16.73435,16.73435,244.45538,501.00000,787.00000,787.00000
105.38521,-3.55068,77.87215,22.23590,93.87611,16.24749,16.24749,32.59984,-56.58505,266.69128,65.60369,-41.95505,4.68775,16.73052,16.73052,266.69128,501.00000,787.00000,787.00000
105.21799,-3.44054,77.56865,22.23772,94.02073,16.75374,16.75374,32.75664,-56.58798,288.92900,65.23340,-41.97023,4.66596,16.72669,16.72669,288.92900,501.00000,787.00000,787.00000
105.05076,-3.33040,77.26500,22.23948,94.16418,17.25970,17.25970,32.91454,-56.59081,311.16848,64.86258,-41.98484,4.64483,16.72287,16.72287,311.16848,501.00000,787.00000,787.00000
104.88353,-3.22026,76.96121,22.24118,94.30646,17.76537,17.76537,33.07354,-56.59355,333.40967,64.49124,-41.99889,4.62435,16.71907,16.71907,333.40967,501.00000,787.00000,787.00000
104.71630,-3.11012,76.65729,22.24283,94.44756,18.27073,18.27073,33.23367,-56.59619,355.65250,64.11940,-42.01240,4.60452,16.71528,16.71528,355.65250,501.00000,787.00000,787.00000
104.54907,-2.99998,76.35325,22.24442,94.58748,18.77579,18.77579,33.39494,-56.59873,377.89692,63.74706,-42.02536,4.58537,16.71153,16.71153,377.89692,501.00000,787.00000,787.00000
104.38184,-2.88984,76.04910,22.24596,94.72622,19.28053,19.28053,33.55736,-56.60117,400.14288,63.37421,-42.03778,4.56687,16.70781,16.70781,400.14288,501.00000,787.00000,787.00000
104.21461,-2.77970,75.74486,22.24743,94.86378,19.78495,19.78495,33.72096,-56.60352,422.39031,63.00087,-42.04966,4.54904,16.70413,16.70413,422.39031,501.00000,787.00000,787.00000
104.04739,-2.66956,75.44055,22.24885,95.00015,20.28903,20.28903,33.88574,-56.60577,444.63916,62.62705,-42.06102,4.53188,16.70051,16.70051,444.63916,501.00000,787.00000,787.00000
103.88016,-2.55942,75.13617,22.25021,95.13534,20.79277,20.79277,34.05174,-56.60792,466.88937,62.25274,-42.07184,4.51539,16.69695,16.69695,466.88937,501.00000,787.00000,787.00000
103.71293,-2.44928,74.83175,22.25152,95.26934,21.29617,21.29617,34.21896,-56.60997,489.14088,61.87796,-42.08216,4.49957,16.69345,16.69345,489.14088,501.00000,787.00000,787.00000
103.54570,-2.33914,74.52729,22.25276,95.40215,21.79922,21.79922,34.38742,-56.61193,511.39365,61.50271,-42.09196,4.48443,16.69003,16.69003,511.39365,501.00000,787.00000,787.00000
103.37053,-2.24390,74.24281,22.22024,94.92618,24.79317,24.79317,44.25482,-66.29302,533.61389,53.17591,-51.81040,-11.64498,12.74152,12.74152,533.61389,501.00000,787.00000,787.00000
103.18665,-2.16501,73.98065,22.25218,94.84817,25.50190,25.50190,45.41309,-67.24262,555.86607,51.93370,-52.68802,-13.22952,12.32158,12.32158,555.86607,501.00000,787.00000,787.00000
103.00198,-2.08758,73.72098,22.25313,94.97497,26.00312,26.00312,45.62612,-67.24352,578.11921,51.55585,-52.69513,-13.24257,12.31804,12.31804,578.11921,501.00000,787.00000,787.00000
102.81732,-2.01016,73.46185,22.25405,95.10068,26.50398,26.50398,45.84069,-67.24438,600.37326,51.17762,-52.70194,-13.25516,12.31456,12.31456,600.37326,501.00000,787.00000,787.00000
102.63265,-1.93274,73.20327,22.25493,95.22531,27.00448,27.00448,46.05683,-67.24521,622.62819,50.79902,-52.70844,-13.26729,12.31115,12.31115,622.62819,501.00000,787.00000,787.00000
102.44798,-1.85531,72.94528,22.25577,95.34884,27.50461,27.50461,46.27454,-67.24600,644.88396,50.42004,-52.71464,-13.27896,12.30781,12.30781,644.88396,501.00000,787.00000,787.00000
102.26332,-1.77789,72.68787,22.25659,95.47128,28.00435,28.00435,46.49384,-67.24675,667.14055,50.04069,-52.72054,-13.29016,12.30455,12.30455,667.14055,501.00000,787.00000,787.00000
102.07865,-1.70047,72.43107,22.25736,95.59261,28.50371,28.50371,46.71475,-67.24746,689.39791,49.66099,-52.72614,-13.30091,12.30137,12.30137,689.39791,501.00000,787.00000,787.00000
101.89398,-1.62304,72.17490,22.25810,95.71286,29.00267,29.00267,46.93727,-67.24814,711.65601,49.28093,-52.73146,-13.31119,12.29828,12.29828,711.65601,501.00000,787.00000,787.00000
101.70932,-1.54562,71.91938,22.25881,95.83201,29.50124,29.50124,47.16142,-67.24878,733.91482,48.90052,-52.73648,-13.32100,12.29529,12.29529,733.91482,501.00000,787.00000,787.00000
101.52465,-1.46820,71.66453,22.25948,95.95005,29.99940,29.99940,47.38722,-67.24938,756.17431,48.51976,-52.74123,-13.33034,12.29239,12.29239,756.17431,501.00000,787.00000,787.00000
101.33998,-1.39077,71.41036,22.26012,96.06700,30.49715,30.49715,47.61468,-67.24994,778.43443,48.13867,-52.74570,-13.33922,12.28960,12.28960,778.43443,501.00000,787.00000,787.00000
101.15532,-1.31335,71.15690,22.26073,96.18284,30.99447,30.99447,47.84381,-67.25047,800.69516,47.75723,-52.74989,-13.34762,12.28691,12.28691,800.69516,501.00000,787.00000,787.00000
100.97065,-1.23593,70.90416,22.26130,96.29757,31.49137,31.49137,48.07463,-67.25096,822.95645,47.37547,-52.75381,-13.35555,12.28433,12.28433,822.95645,501.00000,787.00000,787.00000
100.78598,-1.15851,70.65217,22.26183,96.41120,31.98784,31.98784,48.30714,-67.25141,845.21828,46.99339,-52.75746,-13.36301,12.28187,12.28187,845.21828,501.00000,787.00000,787.00000
100.60132,-1.08108,70.40094,22.26233,96.52372,32.48386,32.48386,48.54137,-67.25183,867.48061,46.61099,-52.76085,-13.36999,12.27954,12.27954,867.48061,501.00000,787.00000,787.00000
100.41665,-1.00366,70.15048,22.26280,96.63513,32.97944,32.97944,48.77733,-67.25220,889.74341,46.22827,-52.76398,-13.37650,12.27734,12.27734,889.74341,501.00000,787.00000,787.00000
100.23198,-0.92624,69.90084,22.26323,96.74543,33.47456,33.47456,49.01502,-67.25254,912.00664,45.84525,-52.76685,-13.38254,12.27526,12.27526,912.00664,501.00000,787.00000,787.00000
100.04732,-0.84881,69.65202,22.26362,96.85462,33.96922,33.96922,49.25447,-67.25285,934.27026,45.46192,-52.76948,-13.38810,12.27333,12.27333,934.27026,501.00000,787.00000,787.00000
99.86265,-0.77139,69.40404,22.26399,96.96269,34.46341,34.46341,49.49568,-67.25311,956.53425,45.07830,-52.77185,-13.39317,12.27153,12.27153,956.53425,501.00000,787.00000,787.00000
99.67798,-0.69397,69.15692,22.26431,97.06965,34.95713,34.95713,49.73867,-67.25334,978.79856,44.69438,-52.77397,-13.39777,12.26989,12.26989,978.79856,501.00000,787.00000,787.00000
99.49332,-0.61654,68.91069,22.26460,97.17549,35.45037,35.45037,49.98346,-67.25353,1001.06316,44.31018,-52.77586,-13.40188,12.26840,12.26840,1001.06316,501.00000,787.00000,787.00000
99.30865,-0.53912,68.66536,22.26486,97.28021,35.94312,35.94312,50.23005,-67.25369,1023.32803,43.92569,-52.77751,-13.40551,12.26707,12.26707,1023.32803,501.00000,787.00000,787.00000
99.12398,-0.46170,68.42096,22.26509,97.38381,36.43537,36.43537,50.47845,-67.25380,1045.59311,43.54093,-52.77892,-13.40866,12.26590,12.26590,1045.59311,501.00000,787.00000,787.00000
98.93932,-0.38427,68.17750,22.26528,97.48629,36.92713,36.92713,50.72869,-67.25388,1067.85839,43.15590,-52.78011,-13.41133,12.26489,12.26489,1067.85839,501.00000,787.00000,787.00000
98.75465,-0.30685,67.93500,22.26543,97.58765,37.41837,37.41837,50.98077,-67.25392,1090.12382,42.77060,-52.78106,-13.41351,12.26406,12.26406,1090.12382,501.00000,787.00000,787.00000
98.57119,-0.22684,67.68937,22.24833,98.03074,37.54382,37.54382,49.59731,-65.61958,1112.37215,43.87325,-51.54599,-10.62503,13.33263,13.33263,1112.37215,501.00000,787.00000,787.00000
98.39126,-0.13933,67.43264,22.26565,98.56174,37.25533,37.25533,46.73282,-62.51117,1134.63780,46.21842,-49.10213,-5.29219,15.36165,15.36165,1134.63780,501.00000,787.00000,787.00000
98.21362,-0.04690,67.16884,22.26569,98.65978,37.74503,37.74503,46.97278,-62.51109,1156.90349,45.83237,-49.10241,-5.29279,15.36142,15.36142,1156.90349,501.00000,787.00000,787.00000
98.03599,0.04552,66.90584,22.26570,98.75664,38.23417,38.23417,47.21462,-62.51095,1179.16919,45.44606,-49.10241,-5.29280,15.36142,15.36142,1179.16919,501.00000,787.00000,787.00000
97.85836,0.13795,66.64366,22.26565,98.85233,38.72276,38.72276,47.45837,-62.51075,1201.43484,45.05950,-49.10214,-5.29221,15.36165,15.36165,1201.43484,501.00000,787.00000,787.00000
97.68072,0.23038,66.38234,22.26556,98.94684,39.21077,39.21077,47.70404,-62.51048,1223.70040,44.67268,-49.10160,-5.29101,15.36212,15.36212,1223.70040,501.00000,787.00000,787.00000
97.50309,0.32280,66.12188,22.26542,99.04018,39.69821,39.69821,47.95166,-62.51016,1245.96582,44.28562,-49.10079,-5.28921,15.36284,15.36284,1245.96582,501.00000,787.00000,787.00000
97.32546,0.41523,65.86231,22.26524,99.13233,40.18508,40.18508,48.20124,-62.50977,1268.23106,43.89831,-49.09972,-5.28681,15.36380,15.36380,1268.23106,501.00000,787.00000,787.00000
97.14783,0.50766,65.60366,22.26501,99.22330,40.67136,40.67136,48.45279,-62.50932,1290.49607,43.51077,-49.09840,-5.28381,15.36503,15.36503,1290.49607,501.00000,787.00000,787.00000
96.97019,0.60008,65.34593,22.26474,99.31310,41.15703,41.15703,48.70633,-62.50881,1312.76081,43.12301,-49.09682,-5.28020,15.36652,15.36652,1312.76081,501.00000,787.00000,787.00000
96.79256,0.69251,65.08917,22.26442,99.40171,41.64210,41.64210,48.96187,-62.50824,1335.02523,42.73502,-49.09499,-5.27598,15.36827,15.36827,1335.02523,501.00000,787.00000,787.00000
96.61493,0.78494,64.83339,22.26406,99.48915,42.12657,42.12657,49.21945,-62.50761,1357.28929,42.34681,-49.09293,-5.27116,15.37030,15.37030,1312.76118,501.00000,787.00000,787.00000
96.43729,0.87736,64.57860,22.26365,99.57539,42.61042,42.61042,49.47907,-62.50692,1379.55294,41.95838,-49.09063,-5.26573,15.37262,15.37262,1290.49753,501.00000,787.00000,787.00000
96.25966,0.96979,64.32485,22.26319,99.66045,43.09365,43.09365,49.74075,-62.50616,1401.81613,41.56975,-49.08811,-5.25970,15.37522,15.37522,1268.23434,501.00000,787.00000,787.00000
96.08203,1.06222,64.07214,22.26269,99.74432,43.57625,43.57625,50.00450,-62.50535,1424.07882,41.18092,-49.08535,-5.25304,15.37810,15.37810,1245.97165,501.00000,787.00000,787.00000
95.90440,1.15464,63.82051,22.26214,99.82701,44.05821,44.05821,50.27034,-62.50447,1446.34096,40.79190,-49.08236,-5.24578,15.38129,15.38129,1223.70951,501.00000,787.00000,787.00000
95.72676,1.24707,63.56997,22.26155,99.90850,44.53952,44.53952,50.53829,-62.50354,1468.60251,40.40268,-49.07916,-5.23791,15.38478,15.38478,1201.44796,501.00000,787.00000,787.00000
95.54913,1.33950,63.32055,22.26091,99.98880,45.02018,45.02018,50.80836,-62.50254,1490.86342,40.01328,-49.07575,-5.22943,15.38858,15.38858,1179.18704,501.00000,787.00000,787.00000
95.37150,1.43192,63.07227,22.26023,100.06791,45.50019,45.50019,51.08057,-62.50148,1513.12365,39.62370,-49.07213,-5.22033,15.39270,15.39270,1156.92681,501.00000,787.00000,787.00000
95.19386,1.52435,62.82516,22.25950,100.14583,45.97954,45.97954,51.35494,-62.50036,1535.38315,39.23394,-49.06830,-5.21062,15.39714,15.39714,1134.66731,501.00000,787.00000,787.00000
95.01623,1.61678,62.57924,22.25873,100.22255,46.45821,46.45821,51.63147,-62.49918,1557.64188,38.84401,-49.06428,-5.20029,15.40191,15.40191,1112.40859,501.00000,787.00000,787.00000
94.83860,1.70920,62.33453,22.25791,100.29808,46.93620,46.93620,51.91018,-62.49794,1579.89978,38.45393,-49.06006,-5.18935,15.40700,15.40700,1090.15068,501.00000,787.00000,787.00000
94.66097,1.80163,62.09107,22.25704,100.37241,47.41351,47.41351,52.19109,-62.49663,1602.15682,38.06368,-49.05565,-5.17779,15.41243,15.41243,1067.89364,501.00000,787.00000,787.00000
94.48333,1.89406,61.84887,22.25613,100.44554,47.89013,47.89013,52.47421,-62.49527,1624.41295,37.67329,-49.05105,-5.16561,15.41821,15.41821,1045.63751,501.00000,787.00000,787.00000
94.30570,1.98648,61.60796,22.25517,100.51748,48.36604,48.36604,52.75956,-62.49384,1646.66812,37.28275,-49.04628,-5.15281,15.42434,15.42434,1023.38234,501.00000,787.00000,787.00000
94.12807,2.07891,61.36837,22.25417,100.58821,48.84125,48.84125,53.04715,-62.49236,1668.92229,36.89206,-49.04134,-5.13940,15.43083,15.43083,1001.12817,501.00000,787.00000,787.00000
93.95043,2.17134,61.13012,22.25312,100.65774,49.31575,49.31575,53.33699,-62.49081,1691.17541,36.50125,-49.03622,-5.12536,15.43767,15.43767,978.87505,501.00000,787.00000,787.00000
93.77280,2.26376,60.89323,22.25203,100.72608,49.78953,49.78953,53.62910,-62.48920,1713.42744,36.11030,-49.03093,-5.11070,15.44489,15.44489,956.62302,501.00000,787.00000,787.00000
93.59521,2.35626,60.65761,22.25088,100.79736,50.24987,50.24987,53.87631,-62.44044,1735.67833,35.75951,-48.99595,-5.01261,15.49358,15.49358,934.37214,501.00000,787.00000,787.00000
93.41773,2.44900,60.42298,22.24974,100.87217,50.69396,50.69396,54.06857,-62.33467,1757.92807,35.45720,-48.92569,-4.81363,15.59318,15.59318,912.12240,501.00000,787.00000,787.00000
93.24034,2.54189,60.18948,22.24851,100.93684,51.16552,51.16552,54.36697,-62.33287,1780.17658,35.06589,-48.91991,-4.79710,15.60152,15.60152,889.87389,501.00000,787.00000,787.00000
93.06296,2.63479,59.95745,22.24723,101.00031,51.63633,51.63633,54.66769,-62.33100,1802.42381,34.67446,-48.91398,-4.77994,15.61026,15.61026,867.62666,501.00000,787.00000,787.00000
92.88557,2.72768,59.72691,22.24591,101.06257,52.10639,52.10639,54.97073,-62.32906,1824.66971,34.28294,-48.90791,-4.76215,15.61939,15.61939,845.38075,501.00000,787.00000,787.00000
92.70818,2.82058,59.49789,22.24453,101.12361,52.57568,52.57568,55.27611,-62.32707,1846.91425,33.89132,-48.90171,-4.74374,15.62892,15.62892,823.13622,501.00000,787.00000,787.00000
92.53079,2.91347,59.27040,22.24312,101.18345,53.04421,53.04421,55.58384,-62.32501,1869.15737,33.49961,-48.89536,-4.72470,15.63887,15.63887,800.89310,501.00000,787.00000,787.00000
92.35340,3.00636,59.04448,22.24166,101.24207,53.51197,53.51197,55.89394,-62.32289,1891.39902,33.10781,-48.88889,-4.70502,15.64922,15.64922,778.65144,501.00000,787.00000,787.00000
92.17601,3.09926,58.82016,22.24015,101.29948,53.97895,53.97895,56.20640,-62.32071,1913.63917,32.71593,-48.88229,-4.68472,15.65999,15.65999,756.41130,501.00000,787.00000,787.00000
91.99862,3.19215,58.59745,22.23859,101.35567,54.44513,54.44513,56.52125,-62.31847,1935.87776,32.32398,-48.87557,-4.66380,15.67119,15.67119,734.17270,501.00000,787.00000,787.00000
91.82123,3.28505,58.37640,22.23699,101.41065,54.91052,54.91052,56.83848,-62.31616,1958.11476,31.93196,-48.86874,-4.64224,15.68282,15.68282,711.93571,501.00000,787.00000,787.00000
91.64385,3.37794,58.15702,22.23535,101.46442,55.37512,55.37512,57.15810,-62.31379,1980.35010,31.53988,-48.86180,-4.62005,15.69488,15.69488,689.70036,501.00000,787.00000,787.00000
91.46646,3.47084,57.93935,22.23366,101.51697,55.83890,55.83890,57.48013,-62.31136,2002.58376,31.14774,-48.85475,-4.59723,15.70739,15.70739,667.46671,501.00000,787.00000,787.00000
91.28907,3.56373,57.72341,22.23192,101.56831,56.30186,56.30186,57.80457,-62.30887,2024.81568,30.75554,-48.84760,-4.57378,15.72033,15.72033,645.23479,501.00000,787.00000,787.00000
91.11168,3.65663,57.50923,22.23014,101.61842,56.76401,56.76401,58.13142,-62.30632,2047.04581,30.36330,-48.84036,-4.54970,15.73373,15.73373,623.00465,501.00000,787.00000,787.00000
90.93498,3.75075,57.29444,22.22309,101.72091,56.99806,56.99806,57.65296,-61.49751,2069.26890,30.65517,-48.40365,-3.09439,16.54793,16.54793,600.78157,501.00000,787.00000,787.00000
90.76075,3.84933,57.07276,22.22846,101.81221,56.80899,56.80899,55.86529,-59.38246,2091.49736,32.02584,-47.24030,0.68316,18.66018,18.66018,578.55310,501.00000,787.00000,787.00000
90.58831,3.95112,56.84651,22.22647,101.85734,57.26790,57.26790,56.18827,-59.37927,2113.72383,31.63314,-47.23209,0.70941,18.67488,18.67488,556.32664,501.00000,787.00000,787.00000
90.41588,4.05292,56.62197,22.22442,101.90121,57.72594,57.72594,56.51379,-59.37600,2135.94825,31.24040,-47.22377,0.73636,18.69009,18.69009,534.10221,501.00000,787.00000,787.00000
90.24344,4.15471,56.39917,22.22232,101.94383,58.18311,58.18311,56.84185,-59.37264,2158.17058,30.84763,-47.21536,0.76401,18.70581,18.70581,511.87989,501.00000,787.00000,787.00000
90.07101,4.25651,56.17813,22.22017,101.98520,58.63939,58.63939,57.17247,-59.36921,2180.39075,30.45484,-47.20684,0.79235,18.72205,18.72205,489.65972,501.00000,787.00000,787.00000
89.89857,4.35830,55.95889,22.21797,102.02530,59.09479,59.09479,57.50566,-59.36569,2202.60872,30.06203,-47.19822,0.82139,18.73880,18.73880,467.44174,501.00000,787.00000,787.00000
89.72614,4.46010,55.74148,22.21572,102.06415,59.54929,59.54929,57.84141,-59.36210,2224.82444,29.66922,-47.18952,0.85113,18.75610,18.75610,445.22602,501.00000,787.00000,787.00000
89.55370,4.56189,55.52593,22.21341,102.10173,60.00289,60.00289,58.17973,-59.35843,2247.03786,29.27640,-47.18073,0.88157,18.77392,18.77392,423.01261,501.00000,787.00000,787.00000
89.38127,4.66369,55.31226,22.21106,102.13806,60.45557,60.45557,58.52064,-59.35467,2269.24891,28.88358,-47.17186,0.91270,18.79228,18.79228,400.80155,501.00000,787.00000,787.00000
89.20883,4.76549,55.10050,22.20865,102.17312,60.90734,60.90734,58.86413,-59.35084,2291.45756,28.49078,-47.16292,0.94453,18.81119,18.81119,378.59291,501.00000,787.00000,787.00000
89.03640,4.86728,54.89069,22.20619,102.20692,61.35820,61.35820,59.21021,-59.34692,2313.66375,28.09798,-47.15391,0.97707,18.83065,18.83065,356.38672,501.00000,787.00000,787.00000
88.86396,4.96908,54.68286,22.20367,102.23946,61.80811,61.80811,59.55889,-59.34293,2335.86742,27.70520,-47.14485,1.01030,18.85067,18.85067,334.18304,501.00000,787.00000,787.00000
88.69153,5.07087,54.47702,22.20111,102.27073,62.25709,62.25709,59.91017,-59.33886,2358.06853,27.31245,-47.13572,1.04422,18.87125,18.87125,311.98193,501.00000,787.00000,787.00000
88.51909,5.17267,54.27322,22.19849,102.30075,62.70513,62.70513,60.26404,-59.33470,2380.26703,26.91972,-47.12654,1.07885,18.89240,18.89240,289.78344,501.00000,787.00000,787.00000
88.34666,5.27446,54.07148,22.19583,102.32950,63.15222,63.15222,60.62050,-59.33047,2402.46285,26.52703,-47.11731,1.11418,18.91413,18.91413,267.58762,501.00000,787.00000,787.00000
88.17422,5.37626,53.87183,22.19311,102.35698,63.59836,63.59836,60.97956,-59.32615,2424.65596,26.13439,-47.10805,1.15020,18.93644,18.93644,245.39451,501.00000,787.00000,787.00000
88.00179,5.47805,53.67431,22.19033,102.38319,64.04353,64.04353,61.34121,-59.32176,2446.84629,25.74179,-47.09874,1.18692,18.95933,18.95933,223.20417,501.00000,787.00000,787.00000
87.82935,5.57985,53.47893,22.18751,102.40814,64.48773,64.48773,61.70546,-59.31728,2469.03380,25.34924,-47.08941,1.22433,18.98281,18.98281,201.01666,501.00000,787.00000,787.00000
87.66003,5.68657,53.27534,22.18837,102.18447,63.71423,63.71423,58.72724,-55.97398,2491.22217,27.65591,-45.53474,7.22515,22.74305,22.74305,178.82829,501.00000,787.00000,787.00000
87.49397,5.79845,53.06288,22.18756,102.18298,64.08840,64.08840,58.91656,-55.80141,2513.40973,27.39562,-45.44392,7.56229,22.95388,22.95388,156.64073,501.00000,787.00000,787.00000
87.32807,5.91058,52.85195,22.18452,102.20170,64.52822,64.52822,59.27553,-55.79590,2535.59425,27.00260,-45.43335,7.60201,22.97887,22.97887,134.45622,501.00000,787.00000,787.00000
87.16217,6.02270,52.64311,22.18141,102.21910,64.96701,64.96701,59.63728,-55.79029,2557.77566,26.60964,-45.42273,7.64249,23.00452,23.00452,112.27480,501.00000,787.00000,787.00000
86.99627,6.13483,52.43638,22.17825,102.23519,65.40477,65.40477,60.00181,-55.78458,2579.95391,26.21675,-45.41207,7.68374,23.03082,23.03082,90.09655,501.00000,787.00000,787.00000
86.83037,6.24696,52.23180,22.17503,102.24996,65.84149,65.84149,60.36913,-55.77876,2602.12895,25.82394,-45.40138,7.72576,23.05779,23.05779,67.92152,501.00000,787.00000,787.00000
86.66447,6.35909,52.02940,22.17175,102.26342,66.27716,66.27716,60.73921,-55.77284,2624.30070,25.43121,-45.39065,7.76855,23.08543,23.08543,45.74977,501.00000,787.00000,787.00000
86.49857,6.47122,51.82920,22.16842,102.27556,66.71179,66.71179,61.11208,-55.76682,2646.46912,25.03858,-45.37991,7.81210,23.11375,23.11375,23.58135,501.00000,787.00000,787.00000
86.33266,6.58335,51.63124,22.16502,102.28639,67.14535,67.14535,61.48773,-55.76069,2668.63414,24.64602,-45.36914,7.85641,23.14274,23.14274,1.41632,501.00000,787.00000,787.00000
-4.08843,40.18884,27.29081,22.39734,25.60876,22.75518,0.00000,20.22114,-75.15268,22.39734,25.60876,9.43292,9.43292,7.42053,0.00000,22.39734,304.00000,0.00000,317.00000
-4.34340,40.24017,27.15459,22.38148,25.43448,22.76917,0.00000,20.50286,-75.14189,44.77882,25.43448,9.51101,9.51101,7.49018,0.00000,44.77882,304.00000,0.00000,317.00000
-4.59836,40.29151,27.01843,22.36560,25.25971,22.78262,0.00000,20.78690,-75.13108,67.14442,25.25971,9.58866,9.58866,7.55995,0.00000,67.14442,304.00000,0.00000,317.00000
-4.85333,40.34284,26.88232,22.34971,25.08447,22.79552,0.00000,21.07329,-75.12024,89.49413,25.08447,9.66586,9.66586,7.62984,0.00000,89.49413,304.00000,0.00000,317.00000
-5.10829,40.39417,26.74629,22.33381,24.90874,22.80787,0.00000,21.36206,-75.10937,111.82794,24.90874,9.74261,9.74261,7.69985,0.00000,111.82794,304.00000,0.00000,317.00000
-5.36325,40.44551,26.61033,22.31789,24.73255,22.81967,0.00000,21.65324,-75.09848,134.14583,24.73255,9.81890,9.81890,7.76998,0.00000,134.14583,304.00000,0.00000,317.00000
-5.61822,40.49684,26.47448,22.30195,24.55590,22.83093,0.00000,21.94686,-75.08756,156.44778,24.55590,9.89474,9.89474,7.84022,0.00000,156.44778,304.00000,0.00000,317.00000
-5.87318,40.54818,26.33871,22.28599,24.37877,22.84164,0.00000,22.24296,-75.07661,178.73377,24.37877,9.97012,9.97012,7.91058,0.00000,178.73377,304.00000,0.00000,317.00000
-6.12815,40.59951,26.20306,22.27002,24.20119,22.85179,0.00000,22.54158,-75.06563,201.00379,24.20119,10.04504,10.04504,7.98105,0.00000,201.00379,304.00000,0.00000,317.00000
-6.38318,40.65049,26.06746,22.24526,24.05873,22.88966,0.00000,22.64005,-75.25677,223.24906,24.05873,10.03442,10.03442,7.97098,0.00000,178.75853,304.00000,0.00000,317.00000
-6.63864,40.69926,25.93150,22.18743,24.06624,23.04585,0.00000,21.86410,-76.32149,245.43649,24.06624,9.65706,9.65706,7.61078,0.00000,156.57110,304.00000,0.00000,317.00000
-6.89446,40.74616,25.79527,22.17266,23.88950,23.05603,0.00000,22.16224,-76.31218,267.60915,23.88950,9.73076,9.73076,7.68164,0.00000,134.39844,304.00000,0.00000,317.00000
-7.15027,40.79307,25.65914,22.15788,23.71230,23.06566,0.00000,22.46296,-76.30286,289.76704,23.71230,9.80400,9.80400,7.75260,0.00000,112.24055,304.00000,0.00000,317.00000
-7.40609,40.83997,25.52314,22.14309,23.53466,23.07475,0.00000,22.76628,-76.29351,311.91013,23.53466,9.87677,9.87677,7.82366,0.00000,90.09746,304.00000,0.00000,317.00000
-7.66191,40.88687,25.38728,22.12829,23.35658,23.08328,0.00000,23.07225,-76.28414,334.03841,23.35658,9.94906,9.94906,7.89482,0.00000,67.96917,304.00000,0.00000,317.00000
-7.91772,40.93378,25.25155,22.11347,23.17807,23.09128,0.00000,23.38090,-76.27475,356.15188,23.17807,10.02087,10.02087,7.96608,0.00000,45.85571,304.00000,0.00000,317.00000
-8.17354,40.98068,25.11597,22.09863,22.99912,23.09874,0.00000,23.69227,-76.26533,378.25051,22.99912,10.09221,10.09221,8.03743,0.00000,23.75707,304.00000,0.00000,317.00000
-8.42936,41.02758,24.98056,22.08379,22.81974,23.10564,0.00000,24.00640,-76.25590,400.33430,22.81974,10.16306,10.16306,8.10888,0.00000,1.67329,304.00000,0.00000,317.00000
39.17423,32.98943,51.47323,20.29709,47.49966,47.49966,0.00000,22.66060,-99.34877,20.29709,47.49966,-19.83117,-19.83117,-19.83117,0.00000,20.29709,307.00000,0.00000,525.00000
38.97581,32.91274,51.38863,21.85080,31.52094,31.52094,0.00000,52.16544,-128.89692,42.14789,31.52094,-40.58597,-40.58597,-40.58597,0.00000,42.14789,307.00000,0.00000,525.00000
38.79376,32.78921,51.31776,21.86922,31.50294,31.50294,0.00000,52.12943,-128.85810,64.01710,31.50294,-40.51022,-40.51022,-40.51022,0.00000,64.01710,307.00000,0.00000,525.00000
38.61171,32.66569,51.24656,21.88758,31.48393,31.48393,0.00000,52.09444,-128.81947,85.90468,31.48393,-40.43479,-40.43479,-40.43479,0.00000,85.90468,307.00000,0.00000,525.00000
38.42966,32.54216,51.17502,21.90590,31.46389,31.46389,0.00000,52.06049,-128.78104,107.81058,31.46389,-40.35970,-40.35970,-40.35970,0.00000,107.81058,307.00000,0.00000,525.00000
38.24761,32.41864,51.10313,21.92416,31.44284,31.44284,0.00000,52.02758,-128.74280,129.73474,31.44284,-40.28495,-40.28495,-40.28495,0.00000,129.73474,307.00000,0.00000,525.00000
38.06556,32.29511,51.03090,21.94237,31.42077,31.42077,0.00000,51.99571,-128.70476,151.67710,31.42077,-40.21054,-40.21054,-40.21054,0.00000,151.67710,307.00000,0.00000,525.00000
37.88351,32.17159,50.95833,21.96053,31.39768,31.39768,0.00000,51.96488,-128.66691,173.63763,31.39768,-40.13647,-40.13647,-40.13647,0.00000,173.63763,307.00000,0.00000,525.00000
37.70146,32.04807,50.88542,21.97863,31.37359,31.37359,0.00000,51.93510,-128.62925,195.61626,31.37359,-40.06274,-40.06274,-40.06274,0.00000,195.61626,307.00000,0.00000,525.00000
37.51941,31.92454,50.81217,21.99668,31.34849,31.34849,0.00000,51.90637,-128.59179,217.61294,31.34849,-39.98936,-39.98936,-39.98936,0.00000,217.61294,307.00000,0.00000,525.00000
37.33736,31.80102,50.73858,22.01468,31.32237,31.32237,0.00000,51.87870,-128.55452,239.62763,31.32237,-39.91633,-39.91633,-39.91633,0.00000,239.62763,307.00000,0.00000,525.00000
37.15531,31.67749,50.66466,22.03263,31.29524,31.29524,0.00000,51.85209,-128.51743,261.66025,31.29524,-39.84364,-39.84364,-39.84364,0.00000,261.66025,307.00000,0.00000,525.00000
36.97326,31.55397,50.59041,22.05052,31.26712,31.26712,0.00000,51.82653,-128.48054,283.71078,31.26712,-39.77130,-39.77130,-39.77130,0.00000,283.71078,307.00000,0.00000,525.00000
36.79120,31.43044,50.51582,22.06836,31.23799,31.23799,0.00000,51.80204,-128.44384,305.77914,31.23799,-39.69932,-39.69932,-39.69932,0.00000,305.77914,307.00000,0.00000,525.00000
36.60915,31.30692,50.44090,22.08615,31.20786,31.20786,0.00000,51.77863,-128.40733,327.86528,31.20786,-39.62769,-39.62769,-39.62769,0.00000,327.86528,307.00000,0.00000,525.00000
36.42710,31.18339,50.36565,22.10388,31.17674,31.17674,0.00000,51.75628,-128.37100,349.96916,31.17674,-39.55642,-39.55642,-39.55642,0.00000,349.96916,307.00000,0.00000,525.00000
36.24505,31.05987,50.29007,22.12156,31.14462,31.14462,0.00000,51.73500,-128.33487,372.09072,31.14462,-39.48550,-39.48550,-39.48550,0.00000,372.09072,307.00000,0.00000,525.00000
36.06300,30.93635,50.21417,22.13918,31.11150,31.11150,0.00000,51.71481,-128.29892,394.22990,31.11150,-39.41493,-39.41493,-39.41493,0.00000,394.22990,307.00000,0.00000,525.00000
35.88095,30.81282,50.13793,22.15675,31.07738,31.07738,0.00000,51.69571,-128.26316,416.38665,31.07738,-39.34473,-39.34473,-39.34473,0.00000,416.38665,307.00000,0.00000,525.00000
35.69890,30.68930,50.06137,22.17426,31.04228,31.04228,0.00000,51.67769,-128.22758,438.56091,31.04228,-39.27490,-39.27490,-39.27490,0.00000,438.56091,307.00000,0.00000,525.00000
35.51685,30.56577,49.98449,22.19172,31.00619,31.00619,0.00000,51.66076,-128.19219,460.75263,31.00619,-39.20542,-39.20542,-39.20542,0.00000,460.75263,307.00000,0.00000,525.00000
35.33480,30.44225,49.90729,22.20913,30.96912,30.96912,0.00000,51.64493,-128.15699,482.96176,30.96912,-39.13631,-39.13631,-39.13631,0.00000,482.96176,307.00000,0.00000,525.00000
35.15275,30.31872,49.82977,22.22647,30.93106,30.93106,0.00000,51.63021,-128.12197,505.18823,30.93106,-39.06757,-39.06757,-39.06757,0.00000,505.18823,307.00000,0.00000,525.00000
34.97070,30.19520,49.75192,22.24377,30.89201,30.89201,0.00000,51.61658,-128.08714,527.43200,30.89201,-38.99920,-38.99920,-38.99920,0.00000,527.43200,307.00000,0.00000,525.00000
34.78865,30.07168,49.67377,22.26100,30.85199,30.85199,0.00000,51.60406,-128.05249,549.69300,30.85199,-38.93119,-38.93119,-38.93119,0.00000,549.69300,307.00000,0.00000,525.00000
34.60660,29.94815,49.59529,22.27819,30.81099,30.81099,0.00000,51.59265,-128.01802,571.97119,30.81099,-38.86356,-38.86356,-38.86356,0.00000,571.97119,307.00000,0.00000,525.00000
34.42454,29.82463,49.51651,22.29531,30.76901,30.76901,0.00000,51.58236,-127.98373,594.26650,30.76901,-38.79630,-38.79630,-38.79630,0.00000,594.26650,307.00000,0.00000,525.00000
34.22871,29.74461,49.42354,20.64881,44.83414,44.83414,0.00000,24.88673,-101.29223,614.91531,44.83414,-20.79870,-20.79870,-20.79870,0.00000,614.91531,307.00000,0.00000,525.00000
34.01389,29.72423,49.31101,21.24558,47.68492,47.68492,0.00000,14.75497,-91.21763,636.16089,47.68492,-12.55881,-12.55881,-12.55881,0.00000,636.16089,307.00000,0.00000,525.00000
33.79393,29.71999,49.19276,21.24648,47.58649,47.58649,0.00000,14.68199,-91.21758,657.40737,47.58649,-12.46810,-12.46810,-12.46810,0.00000,657.40737,307.00000,0.00000,525.00000
33.57397,29.71575,49.07396,21.24738,47.48736,47.48736,0.00000,14.60910,-91.21754,678.65475,47.48736,-12.37758,-12.37758,-12.37758,0.00000,678.65475,307.00000,0.00000,525.00000
33.35401,29.71150,48.95461,21.24827,47.38751,47.38751,0.00000,14.53629,-91.21749,699.90302,47.38751,-12.28727,-12.28727,-12.28727,0.00000,699.90302,307.00000,0.00000,525.00000
33.13405,29.70726,48.83470,21.24917,47.28696,47.28696,0.00000,14.46356,-91.21744,721.15219,47.28696,-12.19716,-12.19716,-12.19716,0.00000,721.15219,307.00000,0.00000,525.00000
32.91409,29.70302,48.71423,21.25007,47.18570,47.18570,0.00000,14.39091,-91.21740,742.40226,47.18570,-12.10725,-12.10725,-12.10725,0.00000,742.40226,307.00000,0.00000,525.00000
32.69413,29.69878,48.59321,21.25097,47.08373,47.08373,0.00000,14.31835,-91.21735,763.65323,47.08373,-12.01755,-12.01755,-12.01755,0.00000,721.15130,307.00000,0.00000,525.00000
32.47417,29.69454,48.47163,21.25186,46.98107,46.98107,0.00000,14.24586,-91.21731,784.90509,46.98107,-11.92806,-11.92806,-11.92806,0.00000,699.89943,307.00000,0.00000,525.00000
32.25420,29.69029,48.34951,21.25276,46.87770,46.87770,0.00000,14.17345,-91.21726,806.15785,46.87770,-11.83877,-11.83877,-11.83877,0.00000,678.64667,307.00000,0.00000,525.00000
32.03424,29.68605,48.22684,21.25366,46.77364,46.77364,0.00000,14.10112,-91.21721,827.41151,46.77364,-11.74969,-11.74969,-11.74969,0.00000,657.39302,307.00000,0.00000,525.00000
31.81428,29.68181,48.10362,21.25455,46.66887,46.66887,0.00000,14.02886,-91.21717,848.66606,46.66887,-11.66083,-11.66083,-11.66083,0.00000,636.13847,307.00000,0.00000,525.00000
31.59432,29.67757,47.97985,21.25545,46.56341,46.56341,0.00000,13.95668,-91.21712,869.92151,46.56341,-11.57217,-11.57217,-11.57217,0.00000,614.88302,307.00000,0.00000,525.00000
31.37436,29.67333,47.85554,21.25635,46.45725,46.45725,0.00000,13.88457,-91.21707,891.17785,46.45725,-11.48373,-11.48373,-11.48373,0.00000,593.62667,307.00000,0.00000,525.00000
31.15440,29.66908,47.73067,21.25724,46.35040,46.35040,0.00000,13.81253,-91.21703,912.43510,46.35040,-11.39550,-11.39550,-11.39550,0.00000,572.36943,307.00000,0.00000,525.00000
30.93444,29.66484,47.60526,21.25814,46.24286,46.24286,0.00000,13.74056,-91.21698,933.69323,46.24286,-11.30748,-11.30748,-11.30748,0.00000,551.11129,307.00000,0.00000,525.00000
30.71448,29.66060,47.47931,21.25903,46.13463,46.13463,0.00000,13.66866,-91.21693,954.95227,46.13463,-11.21968,-11.21968,-11.21968,0.00000,529.85226,307.00000,0.00000,525.00000
30.49452,29.65636,47.35282,21.25993,46.02571,46.02571,0.00000,13.59684,-91.21689,976.21220,46.02571,-11.13210,-11.13210,-11.13210,0.00000,508.59233,307.00000,0.00000,525.00000
30.27456,29.65212,47.22578,21.26083,45.91610,45.91610,0.00000,13.52508,-91.21684,997.47302,45.91610,-11.04474,-11.04474,-11.04474,0.00000,487.33150,307.00000,0.00000,525.00000
30.05459,29.64787,47.09820,21.26172,45.80581,45.80581,0.00000,13.45339,-91.21679,1018.73474,45.80581,-10.95760,-10.95760,-10.95760,0.00000,466.06978,307.00000,0.00000,525.00000
29.83773,29.65354,46.97047,20.73086,46.58857,46.58857,0.00000,7.31138,-85.15498,1039.46560,46.58857,-5.97754,-5.97754,-5.97754,0.00000,445.33892,307.00000,0.00000,525.00000
29.64159,29.72555,46.84486,22.39379,41.49135,41.49135,0.00000,27.65995,-50.31893,1061.85940,41.49135,21.74646,21.74646,21.74646,0.00000,422.94513,307.00000,0.00000,525.00000
29.46300,29.85402,46.72123,22.37676,41.30415,41.30415,0.00000,27.86451,-50.28262,1084.23616,41.30415,21.83668,21.83668,21.83668,0.00000,400.56837,307.00000,0.00000,525.00000
29.28440,29.98249,46.59747,22.35967,41.11613,41.11613,0.00000,28.07061,-50.24611,1106.59583,41.11613,21.92688,21.92688,21.92688,0.00000,378.20870,307.00000,0.00000,525.00000
29.10581,30.11097,46.47360,22.34252,40.92732,40.92732,0.00000,28.27825,-50.20941,1128.93835,40.92732,22.01705,22.01705,22.01705,0.00000,355.86617,307.00000,0.00000,525.00000
28.92722,30.23944,46.34963,22.32532,40.73770,40.73770,0.00000,28.48744,-50.17251,1151.26367,40.73770,22.10721,22.10721,22.10721,0.00000,333.54085,307.00000,0.00000,525.00000
28.74862,30.36791,46.22556,22.30806,40.54728,40.54728,0.00000,28.69819,-50.13541,1173.57173,40.54728,22.19732,22.19732,22.19732,0.00000,311.23280,307.00000,0.00000,525.00000
28.57003,30.49638,46.10140,22.29074,40.35606,40.35606,0.00000,28.91051,-50.09812,1195.86247,40.35606,22.28740,22.28740,22.28740,0.00000,288.94206,307.00000,0.00000,525.00000
28.43130,30.65378,45.99725,22.77755,26.56981,26.56981,0.00000,54.71534,-24.50045,1218.64002,26.56981,37.54720,37.54720,37.54720,0.00000,266.16450,307.00000,0.00000,525.00000
28.34846,30.85176,45.92152,24.16460,20.02964,20.02964,0.00000,64.14016,-15.28673,1242.80463,20.02964,41.32310,41.32310,41.32310,0.00000,241.99990,307.00000,0.00000,525.00000
28.28165,31.06137,45.85433,24.16092,19.82706,19.82706,0.00000,64.38052,-15.25465,1266.96554,19.82706,41.34618,41.34618,41.34618,0.00000,217.83898,307.00000,0.00000,525.00000
28.21484,31.27098,45.78761,24.15722,19.62390,19.62390,0.00000,64.62219,-15.22236,1291.12276,19.62390,41.36916,41.36916,41.36916,0.00000,193.68176,307.00000,0.00000,525.00000
28.14803,31.48059,45.72138,24.15350,19.42015,19.42015,0.00000,64.86516,-15.18987,1315.27626,19.42015,41.39205,41.39205,41.39205,0.00000,169.52826,307.00000,0.00000,525.00000
28.08121,31.69020,45.65563,24.14977,19.21582,19.21582,0.00000,65.10945,-15.15717,1339.42603,19.21582,41.41484,41.41484,41.41484,0.00000,145.37849,307.00000,0.00000,525.00000
28.01440,31.89982,45.59039,24.14603,19.01092,19.01092,0.00000,65.35505,-15.12427,1363.57206,19.01092,41.43752,41.43752,41.43752,0.00000,121.23247,307.00000,0.00000,525.00000
27.94759,32.10943,45.52564,24.14227,18.80544,18.80544,0.00000,65.60194,-15.09117,1387.71433,18.80544,41.46010,41.46010,41.46010,0.00000,97.09020,307.00000,0.00000,525.00000
27.88078,32.31904,45.46142,24.13850,18.59939,18.59939,0.00000,65.85013,-15.05787,1411.85282,18.59939,41.48256,41.48256,41.48256,0.00000,72.95170,307.00000,0.00000,525.00000
27.81396,32.52865,45.39771,24.13471,18.39278,18.39278,0.00000,66.09961,-15.02436,1435.98753,18.39278,41.50491,41.50491,41.50491,0.00000,48.81699,307.00000,0.00000,525.00000
27.74715,32.73826,45.33453,24.13091,18.18561,18.18561,0.00000,66.35038,-14.99065,1460.11844,18.18561,41.52714,41.52714,41.52714,0.00000,24.68608,307.00000,0.00000,525.00000
27.68034,32.94787,45.27188,24.12710,17.97787,17.97787,0.00000,66.60243,-14.95673,1484.24554,17.97787,41.54924,41.54924,41.54924,0.00000,0.55899,307.00000,0.00000,525.00000
27.61353,33.15748,45.20978,24.12327,17.76959,17.76959,0.00000,66.85575,-14.92262,1508.36881,17.76959,41.57122,41.57122,41.57122,0.00000,-23.56428,307.00000,0.00000,525.00000
25.36397,35.06971,43.67571,20.64621,41.87364,17.22361,0.00000,16.51608,-68.08219,20.64621,41.87364,12.41633,12.41633,3.23337,0.00000,20.64621,307.00000,0.00000,301.00000
25.15341,35.13884,43.54154,20.63113,41.70363,17.25907,0.00000,16.70655,-68.06529,41.27734,41.70363,12.51689,12.51689,3.27487,0.00000,41.27734,307.00000,0.00000,301.00000
24.94286,35.20796,43.40718,20.61603,41.53299,17.29420,0.00000,16.89816,-68.04834,61.89337,41.53299,12.61723,12.61723,3.31652,0.00000,61.89337,307.00000,0.00000,301.00000
24.73231,35.27709,43.27264,20.60091,41.36171,17.32901,0.00000,17.09092,-68.03133,82.49428,41.36171,12.71735,12.71735,3.35834,0.00000,82.49428,307.00000,0.00000,301.00000
24.52175,35.34622,43.13793,20.58576,41.18980,17.36348,0.00000,17.28484,-68.01427,103.08004,41.18980,12.81724,12.81724,3.40032,0.00000,103.08004,307.00000,0.00000,301.00000
24.31120,35.41534,43.00305,20.57059,41.01726,17.39762,0.00000,17.47993,-67.99716,123.65063,41.01726,12.91690,12.91690,3.44246,0.00000,123.65063,307.00000,0.00000,301.00000
24.10065,35.48447,42.86800,20.55539,40.84410,17.43144,0.00000,17.67620,-67.97999,144.20602,40.84410,13.01633,13.01633,3.48476,0.00000,144.20602,307.00000,0.00000,301.00000
23.89009,35.55359,42.73280,20.54017,40.67033,17.46492,0.00000,17.87367,-67.96277,164.74619,40.67033,13.11552,13.11552,3.52723,0.00000,164.74619,307.00000,0.00000,301.00000
23.70060,35.65735,42.60879,21.64746,31.95295,14.66048,0.00000,41.41703,-44.63783,186.39366,31.95295,28.18720,28.18720,10.19370,0.00000,186.39366,307.00000,0.00000,301.00000
23.53711,35.80400,42.49903,22.38161,29.17041,13.74169,0.00000,46.65590,-39.64030,208.77527,29.17041,30.90720,30.90720,11.45751,0.00000,208.77527,307.00000,0.00000,301.00000
23.37862,35.95889,42.39240,22.36379,28.93472,13.75726,0.00000,46.95717,-39.58507,231.13906,28.93472,30.98222,30.98222,11.49301,0.00000,231.13906,307.00000,0.00000,301.00000
23.22014,36.11379,42.28621,22.34592,28.69825,13.77241,0.00000,47.26044,-39.52955,253.48498,28.69825,31.05694,31.05694,11.52871,0.00000,253.48498,307.00000,0.00000,301.00000
23.06165,36.26869,42.18047,22.32801,28.46102,13.78713,0.00000,47.56573,-39.47373,275.81299,28.46102,31.13138,31.13138,11.56461,0.00000,275.81299,307.00000,0.00000,301.00000
22.90316,36.42358,42.07520,22.31005,28.22302,13.80142,0.00000,47.87305,-39.41762,298.12304,28.22302,31.20551,31.20551,11.60069,0.00000,298.12304,307.00000,0.00000,301.00000
22.74468,36.57848,41.97041,22.29205,27.98425,13.81529,0.00000,48.18240,-39.36122,320.41509,27.98425,31.27934,31.27934,11.63696,0.00000,320.41509,307.00000,0.00000,301.00000
22.58619,36.73338,41.86610,22.27400,27.74473,13.82872,0.00000,48.49377,-39.30451,342.68909,27.74473,31.35284,31.35284,11.67342,0.00000,342.68909,307.00000,0.00000,301.00000
22.42777,36.88834,41.76235,22.25996,27.47752,13.83168,0.00000,48.85631,-39.19845,364.94905,27.47752,31.44963,31.44963,11.72190,0.00000,320.42913,307.00000,0.00000,301.00000
22.27136,37.04531,41.66031,22.36377,26.47046,13.55775,0.00000,50.55124,-37.76389,387.31282,26.47046,32.16980,32.16980,12.08753,0.00000,298.06536,307.00000,0.00000,301.00000
22.11688,37.20420,41.55999,22.34616,26.22689,13.56956,0.00000,50.87155,-37.70547,409.65898,26.22689,32.23947,32.23947,12.12339,0.00000,275.71920,307.00000,0.00000,301.00000
21.96240,37.36310,41.46024,22.32850,25.98259,13.58093,0.00000,51.19390,-37.64676,431.98748,25.98259,32.30878,32.30878,12.15943,0.00000,253.39070,307.00000,0.00000,301.00000
21.80793,37.52199,41.36107,22.31081,25.73754,13.59187,0.00000,51.51829,-37.58774,454.29829,25.73754,32.37773,32.37773,12.19566,0.00000,231.07989,307.00000,0.00000,301.00000
21.65345,37.68089,41.26248,22.29307,25.49175,13.60238,0.00000,51.84472,-37.52841,476.59136,25.49175,32.44631,32.44631,12.23207,0.00000,208.78682,307.00000,0.00000,301.00000
21.49897,37.83978,41.16450,22.27529,25.24523,13.61245,0.00000,52.17319,-37.46877,498.86665,25.24523,32.51452,32.51452,12.26866,0.00000,186.51153,307.00000,0.00000,301.00000
21.34449,37.99868,41.06713,22.25748,24.99798,13.62209,0.00000,52.50370,-37.40883,521.12413,24.99798,32.58236,32.58236,12.30542,0.00000,164.25405,307.00000,0.00000,301.00000
21.19002,38.15758,40.97038,22.23962,24.74999,13.63128,0.00000,52.83627,-37.34858,543.36375,24.74999,32.64981,32.64981,12.34237,0.00000,142.01443,307.00000,0.00000,301.00000
21.03554,38.31647,40.87426,22.22173,24.50128,13.64003,0.00000,53.17087,-37.28801,565.58548,24.50128,32.71685,32.71685,12.37950,0.00000,119.79270,307.00000,0.00000,301.00000
20.89607,38.48190,40.78828,21.97720,19.61649,11.85199,0.00000,61.25354,-29.48828,587.56268,19.61649,35.76139,35.76139,14.13874,0.00000,97.81550,307.00000,0.00000,301.00000
20.82826,38.67854,40.74830,24.62997,0.84570,4.07802,0.00000,88.81079,-2.23087,612.19265,0.84570,40.73953,40.73953,18.01185,0.00000,73.18553,307.00000,0.00000,301.00000
20.81720,38.89987,40.74503,24.62986,0.65829,4.12025,0.00000,89.07427,-2.22393,636.82251,0.65829,40.73971,40.73971,18.01284,0.00000,48.55567,307.00000,0.00000,301.00000
20.80614,39.12120,40.74257,24.62974,0.47082,4.16240,0.00000,89.33787,-2.21696,661.45225,0.47082,40.73985,40.73985,18.01384,0.00000,23.92593,307.00000,0.00000,301.00000
20.79507,39.34254,40.74093,24.62962,0.28331,4.20446,0.00000,89.60157,-2.20996,686.08187,0.28331,40.73994,40.73994,18.01486,0.00000,-0.70369,307.00000,0.00000,301.00000
21.51905,28.95950,41.81156,23.73206,26.15290,26.15290,0.00000,51.28151,-28.69096,23.73206,26.15290,32.62257,32.62257,32.62257,0.00000,23.73206,307.00000,0.00000,307.00000
21.40184,29.14667,41.70702,23.72213,25.92789,25.92789,0.00000,51.56202,-28.64699,47.45418,25.92789,32.66834,32.66834,32.66834,0.00000,47.45418,307.00000,0.00000,307.00000
21.28462,29.33384,41.60296,23.71215,25.70215,25.70215,0.00000,51.84463,-28.60273,71.16634,25.70215,32.71400,32.71400,32.71400,0.00000,71.16634,307.00000,0.00000,307.00000
21.16741,29.52102,41.49937,23.70214,25.47567,25.47567,0.00000,52.12935,-28.55818,94.86848,25.47567,32.75955,32.75955,32.75955,0.00000,94.86848,307.00000,0.00000,307.00000
21.05020,29.70819,41.39627,23.69208,25.24848,25.24848,0.00000,52.41617,-28.51334,118.56055,25.24848,32.80496,32.80496,32.80496,0.00000,118.56055,307.00000,0.00000,307.00000
20.93299,29.89536,41.29368,23.68197,25.02057,25.02057,0.00000,52.70509,-28.46820,142.24253,25.02057,32.85025,32.85025,32.85025,0.00000,142.24253,307.00000,0.00000,307.00000
20.80203,30.07214,41.18348,23.15507,29.38949,29.38949,0.00000,44.46952,-36.93605,165.39759,29.38949,28.85025,28.85025,28.85025,0.00000,165.39759,307.00000,0.00000,307.00000
20.65557,30.23720,41.06452,23.11228,29.71092,29.71092,0.00000,43.65431,-37.98417,188.50988,29.71092,28.34707,28.34707,28.34707,0.00000,188.50988,307.00000,0.00000,307.00000
20.50738,30.40094,40.94490,23.09765,29.48512,29.48512,0.00000,43.93584,-37.93754,211.60752,29.48512,28.40972,28.40972,28.40972,0.00000,211.60752,307.00000,0.00000,307.00000
20.35919,30.56468,40.82563,23.08295,29.25859,29.25859,0.00000,44.21960,-37.89061,234.69048,29.25859,28.47222,28.47222,28.47222,0.00000,234.69048,307.00000,0.00000,307.00000
20.21465,30.73119,40.70895,23.14399,27.86334,27.86334,0.00000,46.80744,-35.54511,257.83447,27.86334,29.67916,29.67916,29.67916,0.00000,257.83447,307.00000,0.00000,307.00000
20.08536,30.90926,40.60191,23.61889,23.71815,23.71815,0.00000,54.25610,-28.35189,281.45335,23.71815,32.95398,32.95398,32.95398,0.00000,281.45335,307.00000,0.00000,307.00000
19.96768,31.09614,40.50246,23.60845,23.48537,23.48537,0.00000,54.55997,-28.30479,305.06180,23.48537,32.99828,32.99828,32.99828,0.00000,305.06180,307.00000,0.00000,307.00000
19.85000,31.28302,40.40361,23.59796,23.25191,23.25191,0.00000,54.86598,-28.25739,328.65976,23.25191,33.04240,33.04240,33.04240,0.00000,328.65976,307.00000,0.00000,307.00000
19.73232,31.46989,40.30537,23.58744,23.01776,23.01776,0.00000,55.17413,-28.20969,352.24720,23.01776,33.08633,33.08633,33.08633,0.00000,352.24720,307.00000,0.00000,307.00000
19.60419,31.64899,40.20130,23.12813,26.31137,26.31137,0.00000,49.11896,-34.51712,375.37533,26.31137,30.39500,30.39500,30.39500,0.00000,375.37533,307.00000,0.00000,307.00000
19.46219,31.81775,40.08917,23.02949,27.18824,27.18824,0.00000,47.29732,-36.59051,398.40482,27.18824,29.46085,29.46085,29.46085,0.00000,398.40482,307.00000,0.00000,307.00000
19.31677,31.98396,39.97541,23.01471,26.95497,26.95497,0.00000,47.60106,-36.54081,421.41954,26.95497,29.52056,29.52056,29.52056,0.00000,421.41954,307.00000,0.00000,307.00000
19.17135,32.15017,39.86214,22.99988,26.72099,26.72099,0.00000,47.90709,-36.49081,444.41942,26.72099,29.58005,29.58005,29.58005,0.00000,444.41942,307.00000,0.00000,307.00000
19.02594,32.31638,39.74939,22.98500,26.48630,26.48630,0.00000,48.21540,-36.44052,467.40441,26.48630,29.63933,29.63933,29.63933,0.00000,467.40441,307.00000,0.00000,307.00000
18.88052,32.48259,39.63716,22.97006,26.25090,26.25090,0.00000,48.52600,-36.38993,490.37447,26.25090,29.69840,29.69840,29.69840,0.00000,490.37447,307.00000,0.00000,307.00000
18.73512,32.64881,39.52548,22.95595,26.00811,26.00811,0.00000,48.85183,-36.32615,513.33043,26.00811,29.76310,29.76310,29.76310,0.00000,513.33043,307.00000,0.00000,307.00000
18.58997,32.81526,39.41451,22.95164,25.69066,25.69066,0.00000,49.32201,-36.12029,536.28207,25.69066,29.89136,29.89136,29.89136,0.00000,536.28207,307.00000,0.00000,307.00000
18.44506,32.98191,39.30425,22.93663,25.45303,25.45303,0.00000,49.63987,-36.06877,559.21870,25.45303,29.94941,29.94941,29.94941,0.00000,559.21870,307.00000,0.00000,307.00000
18.30014,33.14856,39.19457,22.92157,25.21472,25.21472,0.00000,49.96004,-36.01695,582.14028,25.21472,30.00720,30.00720,30.00720,0.00000,582.14028,307.00000,0.00000,307.00000
18.15523,33.31521,39.08548,22.90646,24.97572,24.97572,0.00000,50.28252,-35.96484,605.04674,24.97572,30.06473,30.06473,30.06473,0.00000,605.04674,307.00000,0.00000,307.00000
18.01032,33.48186,38.97700,22.89131,24.73604,24.73604,0.00000,50.60733,-35.91242,627.93805,24.73604,30.12200,30.12200,30.12200,0.00000,627.93805,307.00000,0.00000,307.00000
17.86540,33.64851,38.86913,22.87610,24.49567,24.49567,0.00000,50.93448,-35.85971,650.81415,24.49567,30.17899,30.17899,30.17899,0.00000,650.81415,307.00000,0.00000,307.00000
17.72049,33.81516,38.76190,22.86085,24.25462,24.25462,0.00000,51.26395,-35.80670,673.67500,24.25462,30.23571,30.23571,30.23571,0.00000,627.95330,307.00000,0.00000,307.00000
17.58436,33.98863,38.66111,23.23279,21.03442,21.03442,0.00000,57.03874,-30.31920,696.90779,21.03442,32.43816,32.43816,32.43816,0.00000,604.72050,307.00000,0.00000,307.00000
17.45789,34.16960,38.56744,23.27054,20.48753,20.48753,0.00000,57.91254,-29.73454,720.17833,20.48753,32.67581,32.67581,32.67581,0.00000,581.44997,307.00000,0.00000,307.00000
17.33230,34.35126,38.47514,23.25817,20.24218,20.24218,0.00000,58.25696,-29.68108,743.43650,20.24218,32.71988,32.71988,32.71988,0.00000,558.19180,307.00000,0.00000,307.00000
17.20672,34.53292,38.38364,23.24577,19.99619,19.99619,0.00000,58.60360,-29.62731,766.68227,19.99619,32.76364,32.76364,32.76364,0.00000,534.94603,307.00000,0.00000,307.00000
17.08113,34.71458,38.29297,23.23333,19.74958,19.74958,0.00000,58.95244,-29.57323,789.91559,19.74958,32.80710,32.80710,32.80710,0.00000,511.71271,307.00000,0.00000,307.00000
16.95554,34.89624,38.20312,23.22085,19.50233,19.50233,0.00000,59.30349,-29.51886,813.13644,19.50233,32.85022,32.85022,32.85022,0.00000,488.49185,307.00000,0.00000,307.00000
16.82995,35.07789,38.11410,23.20834,19.25446,19.25446,0.00000,59.65673,-29.46417,836.34478,19.25446,32.89302,32.89302,32.89302,0.00000,465.28352,307.00000,0.00000,307.00000
16.69815,35.25414,38.02173,22.75598,21.24012,21.24012,0.00000,56.03882,-33.37561,859.10076,21.24012,31.53584,31.53584,31.53584,0.00000,442.52754,307.00000,0.00000,307.00000
16.54769,35.41410,37.91742,22.19990,25.34318,25.34318,0.00000,48.05797,-41.63829,881.30065,25.34318,28.20379,28.20379,28.20379,0.00000,420.32764,307.00000,0.00000,307.00000
16.38477,35.56320,37.80526,22.18171,25.10220,25.10220,0.00000,48.39534,-41.58533,903.48236,25.10220,28.26867,28.26867,28.26867,0.00000,398.14594,307.00000,0.00000,307.00000
16.22186,35.71230,37.69374,22.16347,24.86058,24.86058,0.00000,48.73510,-41.53208,925.64583,24.86058,28.33319,28.33319,28.33319,0.00000,375.98247,307.00000,0.00000,307.00000
16.05894,35.86140,37.58287,22.14518,24.61832,24.61832,0.00000,49.07725,-41.47856,947.79101,24.61832,28.39737,28.39737,28.39737,0.00000,353.83729,307.00000,0.00000,307.00000
15.89603,36.01050,37.47265,22.12685,24.37542,24.37542,0.00000,49.42178,-41.42475,969.91786,24.37542,28.46118,28.46118,28.46118,0.00000,331.71044,307.00000,0.00000,307.00000
15.73311,36.15960,37.36311,22.10847,24.13190,24.13190,0.00000,49.76870,-41.37067,992.02633,24.13190,28.52462,28.52462,28.52462,0.00000,309.60197,307.00000,0.00000,307.00000
15.55980,36.29433,37.24682,21.21508,28.28991,28.28991,0.00000,40.57761,-50.83819,1013.24141,28.28991,24.22822,24.22822,24.22822,0.00000,288.38689,307.00000,0.00000,307.00000
15.37159,36.40841,37.12033,21.00521,29.82552,29.82552,0.00000,36.53608,-55.14386,1034.24662,29.82552,22.09880,22.09880,22.09880,0.00000,267.38168,307.00000,0.00000,307.00000
15.17884,36.51622,36.99095,20.98554,29.60550,29.60550,0.00000,36.83700,-55.10637,1055.23216,29.60550,22.17757,22.17757,22.17757,0.00000,246.39614,307.00000,0.00000,307.00000
14.98610,36.62403,36.86195,20.96582,29.38492,29.38492,0.00000,37.14012,-55.06871,1076.19798,29.38492,22.25600,22.25600,22.25600,0.00000,225.43032,307.00000,0.00000,307.00000
14.79336,36.73183,36.73334,20.94606,29.16380,29.16380,0.00000,37.44543,-55.03090,1097.14404,29.16380,22.33407,22.33407,22.33407,0.00000,204.48426,307.00000,0.00000,307.00000
14.60062,36.83964,36.60512,20.92626,28.94213,28.94213,0.00000,37.75297,-54.99291,1118.07030,28.94213,22.41179,22.41179,22.41179,0.00000,183.55799,307.00000,0.00000,307.00000
14.39584,36.89398,36.46659,19.26908,36.40644,36.40644,0.00000,3.29131,-89.65462,1137.33938,36.40644,2.09364,2.09364,2.09364,0.00000,164.28891,307.00000,0.00000,307.00000
14.17733,36.88672,36.31563,19.66787,36.29691,36.29691,0.00000,1.84006,-94.91895,1157.00725,36.29691,-1.16608,-1.16608,-1.16608,0.00000,144.62104,307.00000,0.00000,307.00000
13.95702,36.87135,36.16268,19.67180,36.14649,36.14649,0.00000,1.71435,-94.91798,1176.67905,36.14649,-1.08186,-1.08186,-1.08186,0.00000,124.94925,307.00000,0.00000,307.00000
13.73671,36.85598,36.00935,19.67572,35.99551,35.99551,0.00000,1.58820,-94.91700,1196.35477,35.99551,-0.99803,-0.99803,-0.99803,0.00000,105.27352,307.00000,0.00000,307.00000
13.51641,36.84061,35.85563,19.67965,35.84397,35.84397,0.00000,1.46161,-94.91603,1216.03443,35.84397,-0.91457,-0.91457,-0.91457,0.00000,85.59387,307.00000,0.00000,307.00000
13.29610,36.82524,35.70154,19.68358,35.69185,35.69185,0.00000,1.33457,-94.91506,1235.71800,35.69185,-0.83151,-0.83151,-0.83151,0.00000,65.91030,307.00000,0.00000,307.00000
13.07696,36.83440,35.54929,19.76275,34.37989,34.37989,0.00000,14.73677,-79.00463,1255.48076,34.37989,9.04298,9.04298,9.04298,0.00000,46.14754,307.00000,0.00000,307.00000
12.85898,36.86911,35.39915,19.78952,34.09900,34.09900,0.00000,15.57674,-78.36106,1275.27028,34.09900,9.50569,9.50569,9.50569,0.00000,26.35802,307.00000,0.00000,307.00000
12.64104,36.90481,35.24900,19.78064,33.92037,33.92037,0.00000,15.78119,-78.35574,1295.05092,33.92037,9.58647,9.58647,9.58647,0.00000,6.57738,307.00000,0.00000,307.00000
12.42310,36.94052,35.09875,19.77175,33.74127,33.74127,0.00000,15.98703,-78.35041,1314.82268,33.74127,9.66689,9.66689,9.66689,0.00000,-13.19438,307.00000,0.00000,307.00000
12.20516,36.97622,34.94841,19.76286,33.56171,33.56171,0.00000,16.19429,-78.34507,1334.58553,33.56171,9.74695,9.74695,9.74695,0.00000,-32.95724,307.00000,0.00000,307.00000
8.58890,37.54720,32.44336,24.43633,6.87577,-1.01908,0.00000,77.76443,-175.90376,24.43633,6.87577,-31.70639,-31.70639,-33.95565,0.00000,24.43633,307.00000,0.00000,304.00000
8.56913,37.32800,32.40152,24.43669,6.68905,-1.14297,0.00000,78.08605,-175.89183,48.87302,6.68905,-31.70355,-31.70355,-33.95610,0.00000,48.87302,307.00000,0.00000,304.00000
8.54936,37.10880,32.36076,24.43706,6.50216,-1.26692,0.00000,78.40882,-175.87996,73.31008,6.50216,-31.70080,-31.70080,-33.95661,0.00000,73.31008,307.00000,0.00000,304.00000
8.52959,36.88960,32.32109,24.43742,6.31510,-1.39092,0.00000,78.73270,-175.86816,97.74750,6.31510,-31.69815,-31.69815,-33.95716,0.00000,97.74750,307.00000,0.00000,304.00000
8.50982,36.67039,32.28252,24.43778,6.12788,-1.51499,0.00000,79.05770,-175.85641,122.18529,6.12788,-31.69559,-31.69559,-33.95776,0.00000,122.18529,307.00000,0.00000,304.00000
8.49005,36.45119,32.24505,24.43815,5.94050,-1.63909,0.00000,79.38376,-175.84473,146.62343,5.94050,-31.69311,-31.69311,-33.95840,0.00000,146.62343,307.00000,0.00000,304.00000
8.47028,36.23199,32.20868,24.43851,5.75296,-1.76325,0.00000,79.71089,-175.83310,171.06194,5.75296,-31.69073,-31.69073,-33.95910,0.00000,171.06194,307.00000,0.00000,304.00000
8.45051,36.01279,32.17342,24.43887,5.56526,-1.88746,0.00000,80.03905,-175.82154,195.50081,5.56526,-31.68843,-31.68843,-33.95984,0.00000,195.50081,307.00000,0.00000,304.00000
8.43083,35.79358,32.13935,24.43975,5.35637,-2.03426,0.00000,80.40626,-175.84808,219.94056,5.35637,-31.68985,-31.68985,-33.95933,0.00000,219.94056,307.00000,0.00000,304.00000
8.41217,35.57428,32.10715,24.44613,4.94860,-2.39389,0.00000,81.13379,-176.23363,244.38669,4.94860,-31.72350,-31.72350,-33.94487,0.00000,244.38669,307.00000,0.00000,304.00000
8.39444,35.35491,32.07677,24.44642,4.75912,-2.51966,0.00000,81.46772,-176.22342,268.83311,4.75912,-31.72176,-31.72176,-33.94575,0.00000,268.83311,307.00000,0.00000,304.00000
8.37671,35.13553,32.04754,24.44671,4.56950,-2.64546,0.00000,81.80254,-176.21326,293.27982,4.56950,-31.72010,-31.72010,-33.94667,0.00000,293.27982,307.00000,0.00000,304.00000
8.35898,34.91616,32.01946,24.44699,4.37975,-2.77130,0.00000,82.13821,-176.20315,317.72681,4.37975,-31.71851,-31.71851,-33.94763,0.00000,317.72681,307.00000,0.00000,304.00000
8.34124,34.69678,31.99255,24.44728,4.18987,-2.89716,0.00000,82.47470,-176.19311,342.17409,4.18987,-31.71700,-31.71700,-33.94863,0.00000,342.17409,307.00000,0.00000,304.00000
8.32351,34.47741,31.96679,24.44756,3.99987,-3.02303,0.00000,82.81198,-176.18311,366.62165,3.99987,-31.71556,-31.71556,-33.94967,0.00000,366.62165,307.00000,0.00000,304.00000
8.30578,34.25803,31.94221,24.44785,3.80974,-3.14894,0.00000,83.15004,-176.17318,391.06950,3.80974,-31.71420,-31.71420,-33.95075,0.00000,391.06950,307.00000,0.00000,304.00000
8.28805,34.03865,31.91879,24.44813,3.61949,-3.27486,0.00000,83.48884,-176.16329,415.51763,3.61949,-31.71291,-31.71291,-33.95186,0.00000,415.51763,307.00000,0.00000,304.00000
8.26563,33.82358,31.89316,23.56925,4.67968,-2.05775,0.00000,81.56254,-173.89500,439.08688,4.67968,-31.54797,-31.54797,-34.05795,0.00000,439.08688,307.00000,0.00000,304.00000
8.14352,33.70017,31.79575,20.48220,31.39496,31.81772,0.00000,9.10686,-101.25787,459.56908,31.39496,-5.03252,-5.03252,-12.18256,0.00000,459.56908,307.00000,0.00000,304.00000
7.92642,33.66402,31.62881,20.49048,31.23681,31.72858,0.00000,9.02998,-101.25329,480.05955,31.23681,-4.96418,-4.96418,-12.11322,0.00000,480.05955,307.00000,0.00000,304.00000
7.70932,33.62787,31.46144,20.49875,31.07811,31.63889,0.00000,8.95316,-101.24872,500.55831,31.07811,-4.89625,-4.89625,-12.04414,0.00000,500.55831,307.00000,0.00000,304.00000
7.49222,33.59172,31.29365,20.50702,30.91886,31.54866,0.00000,8.87642,-101.24416,521.06533,30.91886,-4.82873,-4.82873,-11.97533,0.00000,521.06533,307.00000,0.00000,304.00000
7.27511,33.55557,31.12544,20.51528,30.75906,31.45787,0.00000,8.79977,-101.23960,541.58061,30.75906,-4.76163,-4.76163,-11.90678,0.00000,541.58061,307.00000,0.00000,304.00000
7.05801,33.51942,30.95682,20.52353,30.59873,31.36653,0.00000,8.72319,-101.23506,562.10414,30.59873,-4.69494,-4.69494,-11.83850,0.00000,562.10414,307.00000,0.00000,304.00000
6.84091,33.48327,30.78778,20.53178,30.43785,31.27466,0.00000,8.64669,-101.23052,582.63592,30.43785,-4.62867,-4.62867,-11.77048,0.00000,541.57237,307.00000,0.00000,304.00000
6.62381,33.44712,30.61832,20.54001,30.27643,31.18223,0.00000,8.57026,-101.22599,603.17594,30.27643,-4.56281,-4.56281,-11.70273,0.00000,521.03235,307.00000,0.00000,304.00000
6.40671,33.41097,30.44845,20.54824,30.11448,31.08926,0.00000,8.49390,-101.22147,623.72418,30.11448,-4.49736,-4.49736,-11.63525,0.00000,500.48411,307.00000,0.00000,304.00000
6.18960,33.37482,30.27817,20.55646,29.95199,30.99575,0.00000,8.41761,-101.21695,644.28064,29.95199,-4.43233,-4.43233,-11.56804,0.00000,479.92765,307.00000,0.00000,304.00000
5.97250,33.33867,30.10748,20.56468,29.78898,30.90170,0.00000,8.34138,-101.21245,664.84532,29.78898,-4.36772,-4.36772,-11.50109,0.00000,459.36297,307.00000,0.00000,304.00000
5.75540,33.30252,29.93638,20.57288,29.62544,30.80711,0.00000,8.26523,-101.20795,685.41821,29.62544,-4.30352,-4.30352,-11.43442,0.00000,438.79008,307.00000,0.00000,304.00000
5.53830,33.26637,29.76487,20.58108,29.46137,30.71199,0.00000,8.18913,-101.20346,705.99929,29.46137,-4.23975,-4.23975,-11.36801,0.00000,418.20900,307.00000,0.00000,304.00000
5.32120,33.23022,29.59296,20.58927,29.29678,30.61633,0.00000,8.11310,-101.19898,726.58856,29.29678,-4.17638,-4.17638,-11.30188,0.00000,397.61973,307.00000,0.00000,304.00000
5.10409,33.19407,29.42064,20.59745,29.13167,30.52013,0.00000,8.03712,-101.19450,747.18601,29.13167,-4.11344,-4.11344,-11.23602,0.00000,377.02228,307.00000,0.00000,304.00000
4.89771,33.12606,29.25466,21.33088,25.79644,24.71840,0.00000,28.14105,-121.31027,768.51689,25.79644,-13.79778,-13.79778,-20.97492,0.00000,355.69140,307.00000,0.00000,304.00000
4.70263,33.02470,29.09544,21.44527,25.42823,24.30993,0.00000,29.07794,-122.18350,789.96216,25.42823,-14.14035,-14.14035,-21.30281,0.00000,334.24613,307.00000,0.00000,304.00000
4.50807,32.92182,28.93622,21.46315,25.27951,24.23403,0.00000,29.11692,-122.15354,811.42531,25.27951,-14.08017,-14.08017,-21.24519,0.00000,312.78298,307.00000,0.00000,304.00000
4.31350,32.81895,28.77668,21.48099,25.13011,24.15746,0.00000,29.15793,-122.12372,832.90631,25.13011,-14.02054,-14.02054,-21.18794,0.00000,291.30198,307.00000,0.00000,304.00000
4.11893,32.71607,28.61683,21.49879,24.98002,24.08021,0.00000,29.20101,-122.09403,854.40510,24.98002,-13.96144,-13.96144,-21.13105,0.00000,269.80319,307.00000,0.00000,304.00000
3.92436,32.61320,28.45666,21.51655,24.82925,24.00229,0.00000,29.24619,-122.06447,875.92165,24.82925,-13.90288,-13.90288,-21.07452,0.00000,248.28664,307.00000,0.00000,304.00000
3.72979,32.51032,28.29619,21.53426,24.67781,23.92371,0.00000,29.29350,-122.03504,897.45591,24.67781,-13.84486,-13.84486,-21.01835,0.00000,226.75238,307.00000,0.00000,304.00000
3.53523,32.40745,28.13542,21.55193,24.52569,23.84445,0.00000,29.34299,-122.00575,919.00783,24.52569,-13.78739,-13.78739,-20.96255,0.00000,205.20046,307.00000,0.00000,304.00000
3.34066,32.30457,27.97435,21.56955,24.37292,23.76453,0.00000,29.39467,-121.97658,940.57738,24.37292,-13.73044,-13.73044,-20.90711,0.00000,183.63091,307.00000,0.00000,304.00000
3.14567,32.20257,27.81268,21.55219,24.34975,23.88312,0.00000,28.89685,-121.39757,962.12957,24.34975,-13.44004,-13.44004,-20.62312,0.00000,162.07872,307.00000,0.00000,304.00000
2.94713,32.10795,27.64815,21.37391,25.09910,25.22474,0.00000,24.79640,-117.22914,983.50347,25.09910,-11.59550,-11.59550,-18.79129,0.00000,140.70481,307.00000,0.00000,304.00000
2.74544,32.01984,27.48102,21.39018,24.94112,25.13874,0.00000,24.82746,-117.20679,1004.89365,24.94112,-11.53893,-11.53893,-18.73436,0.00000,119.31463,307.00000,0.00000,304.00000
2.54376,31.93173,27.31355,21.40642,24.78253,25.05210,0.00000,24.86042,-117.18453,1026.30007,24.78253,-11.48286,-11.48286,-18.67777,0.00000,97.90822,307.00000,0.00000,304.00000
2.34207,31.84362,27.14574,21.42262,24.62331,24.96485,0.00000,24.89532,-117.16236,1047.72269,24.62331,-11.42732,-11.42732,-18.62153,0.00000,76.48560,307.00000,0.00000,304.00000
2.14039,31.75551,26.97760,21.43878,24.46349,24.87697,0.00000,24.93218,-117.14028,1069.16147,24.46349,-11.37228,-11.37228,-18.56564,0.00000,55.04682,307.00000,0.00000,304.00000
1.93871,31.66740,26.80914,21.45491,24.30305,24.78848,0.00000,24.97104,-117.11829,1090.61637,24.30305,-11.31775,-11.31775,-18.51011,0.00000,33.59192,307.00000,0.00000,304.00000
1.73702,31.57929,26.64035,21.47099,24.14202,24.69937,0.00000,25.01192,-117.09639,1112.08737,24.14202,-11.26372,-11.26372,-18.45492,0.00000,12.12092,307.00000,0.00000,304.00000
1.53534,31.49118,26.47125,21.48705,23.98037,24.60964,0.00000,25.05488,-117.07457,1133.57441,23.98037,-11.21021,-11.21021,-18.40009,0.00000,-9.36612,307.00000,0.00000,304.00000
21.51905,28.95950,41.81156,23.73206,26.15290,26.15290,0.00000,51.28151,-28.69096,23.73206,26.15290,32.62257,32.62257,32.62257,0.00000,23.73206,307.00000,0.00000,307.00000
21.40184,29.14667,41.70702,23.72213,25.92789,25.92789,0.00000,51.56202,-28.64699,47.45418,25.92789,32.66834,32.66834,32.66834,0.00000,47.45418,307.00000,0.00000,307.00000
21.28462,29.33384,41.60296,23.71215,25.70215,25.70215,0.00000,51.84463,-28.60273,71.16634,25.70215,32.71400,32.71400,32.71400,0.00000,71.16634,307.00000,0.00000,307.00000
21.16741,29.52102,41.49937,23.70214,25.47567,25.47567,0.00000,52.12935,-28.55818,94.86848,25.47567,32.75955,32.75955,32.75955,0.00000,94.86848,307.00000,0.00000,307.00000
21.05020,29.70819,41.39627,23.69208,25.24848,25.24848,0.00000,52.41617,-28.51334,118.56055,25.24848,32.80496,32.80496,32.80496,0.00000,118.56055,307.00000,0.00000,307.00000
20.93299,29.89536,41.29368,23.68197,25.02057,25.02057,0.00000,52.70509,-28.46820,142.24253,25.02057,32.85025,32.85025,32.85025,0.00000,142.24253,307.00000,0.00000,307.00000
20.80203,30.07214,41.18348,23.15507,29.38949,29.38949,0.00000,44.46952,-36.93605,165.39759,29.38949,28.85025,28.85025,28.85025,0.00000,165.39759,307.00000,0.00000,307.00000
20.65557,30.23720,41.06452,23.11228,29.71092,29.71092,0.00000,43.65431,-37.98417,188.50988,29.71092,28.34707,28.34707,28.34707,0.00000,188.50988,307.00000,0.00000,307.00000
20.50738,30.40094,40.94490,23.09765,29.48512,29.48512,0.00000,43.93584,-37.93754,211.60752,29.48512,28.40972,28.40972,28.40972,0.00000,211.60752,307.00000,0.00000,307.00000
20.35919,30.56468,40.82563,23.08295,29.25859,29.25859,0.00000,44.21960,-37.89061,234.69048,29.25859,28.47222,28.47222,28.47222,0.00000,234.69048,307.00000,0.00000,307.00000
20.21465,30.73119,40.70895,23.14399,27.86334,27.86334,0.00000,46.80744,-35.54511,257.83447,27.86334,29.67916,29.67916,29.67916,0.00000,257.83447,307.00000,0.00000,307.00000
20.08536,30.90926,40.60191,23.61889,23.71815,23.71815,0.00000,54.25610,-28.35189,281.45335,23.71815,32.95398,32.95398,32.95398,0.00000,281.45335,307.00000,0.00000,307.00000
19.96768,31.09614,40.50246,23.60845,23.48537,23.48537,0.00000,54.55997,-28.30479,305.06180,23.48537,32.99828,32.99828,32.99828,0.00000,305.06180,307.00000,0.00000,307.00000
19.85000,31.28302,40.40361,23.59796,23.25191,23.25191,0.00000,54.86598,-28.25739,328.65976,23.25191,33.04240,33.04240,33.04240,0.00000,328.65976,307.00000,0.00000,307.00000
19.73232,31.46989,40.30537,23.58744,23.01776,23.01776,0.00000,55.17413,-28.20969,352.24720,23.01776,33.08633,33.08633,33.08633,0.00000,352.24720,307.00000,0.00000,307.00000
19.60419,31.64899,40.20130,23.12813,26.31137,26.31137,0.00000,49.11896,-34.51712,375.37533,26.31137,30.39500,30.39500,30.39500,0.00000,375.37533,307.00000,0.00000,307.00000
19.46219,31.81775,40.08917,23.02949,27.18824,27.18824,0.00000,47.29732,-36.59051,398.40482,27.18824,29.46085,29.46085,29.46085,0.00000,398.40482,307.00000,0.00000,307.00000
19.31677,31.98396,39.97541,23.01471,26.95497,26.95497,0.00000,47.60106,-36.54081,421.41954,26.95497,29.52056,29.52056,29.52056,0.00000,421.41954,307.00000,0.00000,307.00000
19.17135,32.15017,39.86214,22.99988,26.72099,26.72099,0.00000,47.90709,-36.49081,444.41942,26.72099,29.58005,29.58005,29.58005,0.00000,444.41942,307.00000,0.00000,307.00000
19.02594,32.31638,39.74939,22.98500,26.48630,26.48630,0.00000,48.21540,-36.44052,467.40441,26.48630,29.63933,29.63933,29.63933,0.00000,467.40441,307.00000,0.00000,307.00000
18.88052,32.48259,39.63716,22.97006,26.25090,26.25090,0.00000,48.52600,-36.38993,490.37447,26.25090,29.69840,29.69840,29.69840,0.00000,490.37447,307.00000,0.00000,307.00000
18.73512,32.64881,39.52548,22.95595,26.00811,26.00811,0.00000,48.85183,-36.32615,513.33043,26.00811,29.76310,29.76310,29.76310,0.00000,513.33043,307.00000,0.00000,307.00000
18.58997,32.81526,39.41451,22.95164,25.69066,25.69066,0.00000,49.32201,-36.12029,536.28207,25.69066,29.89136,29.89136,29.89136,0.00000,536.28207,307.00000,0.00000,307.00000
18.44506,32.98191,39.30425,22.93663,25.45303,25.45303,0.00000,49.63987,-36.06877,559.21870,25.45303,29.94941,29.94941,29.94941,0.00000,559.21870,307.00000,0.00000,307.00000
18.30014,33.14856,39.19457,22.92157,25.21472,25.21472,0.00000,49.96004,-36.01695,582.14028,25.21472,30.00720,30.00720,30.00720,0.00000,582.14028,307.00000,0.00000,307.00000
18.15523,33.31521,39.08548,22.90646,24.97572,24.97572,0.00000,50.28252,-35.96484,605.04674,24.97572,30.06473,30.06473,30.06473,0.00000,605.04674,307.00000,0.00000,307.00000
18.01032,33.48186,38.97700,22.89131,24.73604,24.73604,0.00000,50.60733,-35.91242,627.93805,24.73604,30.12200,30.12200,30.12200,0.00000,627.93805,307.00000,0.00000,307.00000
17.86540,33.64851,38.86913,22.87610,24.49567,24.49567,0.00000,50.93448,-35.85971,650.81415,24.49567,30.17899,30.17899,30.17899,0.00000,650.81415,307.00000,0.00000,307.00000
17.72049,33.81516,38.76190,22.86085,24.25462,24.25462,0.00000,51.26395,-35.80670,673.67500,24.25462,30.23571,30.23571,30.23571,0.00000,627.95330,307.00000,0.00000,307.00000
17.58436,33.98863,38.66111,23.23279,21.03442,21.03442,0.00000,57.03874,-30.31920,696.90779,21.03442,32.43816,32.43816,32.43816,0.00000,604.72050,307.00000,0.00000,307.00000
17.45789,34.16960,38.56744,23.27054,20.48753,20.48753,0.00000,57.91254,-29.73454,720.17833,20.48753,32.67581,32.67581,32.67581,0.00000,581.44997,307.00000,0.00000,307.00000
17.33230,34.35126,38.47514,23.25817,20.24218,20.24218,0.00000,58.25696,-29.68108,743.43650,20.24218,32.71988,32.71988,32.71988,0.00000,558.19180,307.00000,0.00000,307.00000
17.20672,34.53292,38.38364,23.24577,19.99619,19.99619,0.00000,58.60360,-29.62731,766.68227,19.99619,32.76364,32.76364,32.76364,0.00000,534.94603,307.00000,0.00000,307.00000
17.08113,34.71458,38.29297,23.23333,19.74958,19.74958,0.00000,58.95244,-29.57323,789.91559,19.74958,32.80710,32.80710,32.80710,0.00000,511.71271,307.00000,0.00000,307.00000
16.95554,34.89624,38.20312,23.22085,19.50233,19.50233,0.00000,59.30349,-29.51886,813.13644,19.50233,32.85022,32.85022,32.85022,0.00000,488.49185,307.00000,0.00000,307.00000
16.82995,35.07789,38.11410,23.20834,19.25446,19.25446,0.00000,59.65673,-29.46417,836.34478,19.25446,32.89302,32.89302,32.89302,0.00000,465.28352,307.00000,0.00000,307.00000
16.69815,35.25414,38.02173,22.75598,21.24012,21.24012,0.00000,56.03882,-33.37561,859.10076,21.24012,31.53584,31.53584,31.53584,0.00000,442.52754,307.00000,0.00000,307.00000
16.54769,35.41410,37.91742,22.19990,25.34318,25.34318,0.00000,48.05797,-41.63829,881.30065,25.34318,28.20379,28.20379,28.20379,0.00000,420.32764,307.00000,0.00000,307.00000
16.38477,35.56320,37.80526,22.18171,25.10220,25.10220,0.00000,48.39534,-41.58533,903.48236,25.10220,28.26867,28.26867,28.26867,0.00000,398.14594,307.00000,0.00000,307.00000
16.22186,35.71230,37.69374,22.16347,24.86058,24.86058,0.00000,48.73510,-41.53208,925.64583,24.86058,28.33319,28.33319,28.33319,0.00000,375.98247,307.00000,0.00000,307.00000
16.05894,35.86140,37.58287,22.14518,24.61832,24.61832,0.00000,49.07725,-41.47856,947.79101,24.61832,28.39737,28.39737,28.39737,0.00000,353.83729,307.00000,0.00000,307.00000
15.89603,36.01050,37.47265,22.12685,24.37542,24.37542,0.00000,49.42178,-41.42475,969.91786,24.37542,28.46118,28.46118,28.46118,0.00000,331.71044,307.00000,0.00000,307.00000
15.73311,36.15960,37.36311,22.10847,24.13190,24.13190,0.00000,49.76870,-41.37067,992.02633,24.13190,28.52462,28.52462,28.52462,0.00000,309.60197,307.00000,0.00000,307.00000
15.55980,36.29433,37.24682,21.21508,28.28991,28.28991,0.00000,40.57761,-50.83819,1013.24141,28.28991,24.22822,24.22822,24.22822,0.00000,288.38689,307.00000,0.00000,307.00000
15.37159,36.40841,37.12033,21.00521,29.82552,29.82552,0.00000,36.53608,-55.14386,1034.24662,29.82552,22.09880,22.09880,22.09880,0.00000,267.38168,307.00000,0.00000,307.00000
15.17884,36.51622,36.99095,20.98554,29.60550,29.60550,0.00000,36.83700,-55.10637,1055.23216,29.60550,22.17757,22.17757,22.17757,0.00000,246.39614,307.00000,0.00000,307.00000
14.98610,36.62403,36.86195,20.96582,29.38492,29.38492,0.00000,37.14012,-55.06871,1076.19798,29.38492,22.25600,22.25600,22.25600,0.00000,225.43032,307.00000,0.00000,307.00000
14.79336,36.73183,36.73334,20.94606,29.16380,29.16380,0.00000,37.44543,-55.03090,1097.14404,29.16380,22.33407,22.33407,22.33407,0.00000,204.48426,307.00000,0.00000,307.00000
14.60062,36.83964,36.60512,20.92626,28.94213,28.94213,0.00000,37.75297,-54.99291,1118.07030,28.94213,22.41179,22.41179,22.41179,0.00000,183.55799,307.00000,0.00000,307.00000
14.39584,36.89398,36.46659,19.26908,36.40644,36.40644,0.00000,3.29131,-89.65462,1137.33938,36.40644,2.09364,2.09364,2.09364,0.00000,164.28891,307.00000,0.00000,307.00000
14.17733,36.88672,36.31563,19.66787,36.29691,36.29691,0.00000,1.84006,-94.91895,1157.00725,36.29691,-1.16608,-1.16608,-1.16608,0.00000,144.62104,307.00000,0.00000,307.00000
13.95702,36.87135,36.16268,19.67180,36.14649,36.14649,0.00000,1.71435,-94.91798,1176.67905,36.14649,-1.08186,-1.08186,-1.08186,0.00000,124.94925,307.00000,0.00000,307.00000
13.73671,36.85598,36.00935,19.67572,35.99551,35.99551,0.00000,1.58820,-94.91700,1196.35477,35.99551,-0.99803,-0.99803,-0.99803,0.00000,105.27352,307.00000,0.00000,307.00000
13.51641,36.84061,35.85563,19.67965,35.84397,35.84397,0.00000,1.46161,-94.91603,1216.03443,35.84397,-0.91457,-0.91457,-0.91457,0.00000,85.59387,307.00000,0.00000,307.00000
13.29610,36.82524,35.70154,19.68358,35.69185,35.69185,0.00000,1.33457,-94.91506,1235.71800,35.69185,-0.83151,-0.83151,-0.83151,0.00000,65.91030,307.00000,0.00000,307.00000
13.07696,36.83440,35.54929,19.76275,34.37989,34.37989,0.00000,14.73677,-79.00463,1255.48076,34.37989,9.04298,9.04298,9.04298,0.00000,46.14754,307.00000,0.00000,307.00000
12.85898,36.86911,35.39915,19.78952,34.09900,34.09900,0.00000,15.57674,-78.36106,1275.27028,34.09900,9.50569,9.50569,9.50569,0.00000,26.35802,307.00000,0.00000,307.00000
12.64104,36.90481,35.24900,19.78064,33.92037,33.92037,0.00000,15.78119,-78.35574,1295.05092,33.92037,9.58647,9.58647,9.58647,0.00000,6.57738,307.00000,0.00000,307.00000
12.42310,36.94052,35.09875,19.77175,33.74127,33.74127,0.00000,15.98703,-78.35041,1314.82268,33.74127,9.66689,9.66689,9.66689,0.00000,-13.19438,307.00000,0.00000,307.00000
12.20516,36.97622,34.94841,19.76286,33.56171,33.56171,0.00000,16.19429,-78.34507,1334.58553,33.56171,9.74695,9.74695,9.74695,0.00000,-32.95724,307.00000,0.00000,307.00000
41.21512,34.10483,52.27426,22.72102,52.02311,14.10353,0.00000,5.61876,-70.87021,22.72102,52.02311,5.11811,5.11811,-0.99011,0.00000,22.72102,525.00000,0.00000,301.00000
40.98188,34.17157,52.15969,22.70500,51.89485,14.16624,0.00000,5.77618,-70.85612,45.42602,51.89485,5.24949,5.24949,-0.95437,0.00000,45.42602,525.00000,0.00000,301.00000
40.74864,34.23831,52.04457,22.68895,51.76567,14.22865,0.00000,5.93429,-70.84199,68.11497,51.76567,5.38078,5.38078,-0.91841,0.00000,68.11497,525.00000,0.00000,301.00000
40.51540,34.30505,51.92891,22.67287,51.63555,14.29075,0.00000,6.09313,-70.82782,90.78785,51.63555,5.51198,5.51198,-0.88222,0.00000,90.78785,525.00000,0.00000,301.00000
40.28216,34.37180,51.81272,22.65677,51.50450,14.35254,0.00000,6.25269,-70.81360,113.44462,51.50450,5.64310,5.64310,-0.84580,0.00000,113.44462,525.00000,0.00000,301.00000
40.04891,34.43854,51.69600,22.64064,51.37253,14.41401,0.00000,6.41297,-70.79934,136.08526,51.37253,5.77412,5.77412,-0.80917,0.00000,136.08526,525.00000,0.00000,301.00000
39.81567,34.50528,51.57876,22.62449,51.23962,14.47517,0.00000,6.57398,-70.78503,158.70975,51.23962,5.90505,5.90505,-0.77231,0.00000,158.70975,525.00000,0.00000,301.00000
39.58243,34.57202,51.46100,22.60831,51.10580,14.53601,0.00000,6.73574,-70.77068,181.31806,51.10580,6.03587,6.03587,-0.73523,0.00000,181.31806,525.00000,0.00000,301.00000
39.34919,34.63876,51.34271,22.59210,50.97104,14.59654,0.00000,6.89825,-70.75628,203.91016,50.97104,6.16659,6.16659,-0.69792,0.00000,203.91016,525.00000,0.00000,301.00000
39.11595,34.70551,51.22392,22.57587,50.83538,14.65675,0.00000,7.06151,-70.74184,226.48603,50.83538,6.29721,6.29721,-0.66038,0.00000,226.48603,525.00000,0.00000,301.00000
38.88270,34.77225,51.10463,22.55961,50.69879,14.71664,0.00000,7.22554,-70.72736,249.04564,50.69879,6.42771,6.42771,-0.62263,0.00000,249.04564,525.00000,0.00000,301.00000
38.64946,34.83899,50.98483,22.54333,50.56129,14.77621,0.00000,7.39034,-70.71283,271.58897,50.56129,6.55809,6.55809,-0.58466,0.00000,271.58897,525.00000,0.00000,301.00000
38.41622,34.90573,50.86454,22.52702,50.42288,14.83545,0.00000,7.55591,-70.69825,294.11599,50.42288,6.68836,6.68836,-0.54646,0.00000,294.11599,525.00000,0.00000,301.00000
38.17862,34.94198,50.74533,22.05540,49.99175,14.04538,0.00000,9.88648,-88.27157,316.17139,49.99175,-8.71280,-8.71280,-4.97622,0.00000,316.17139,525.00000,0.00000,301.00000
37.93638,34.94512,50.62727,22.11252,49.64964,13.97897,0.00000,11.27804,-89.77672,338.28392,49.64964,-9.90119,-9.90119,-5.31046,0.00000,338.28392,525.00000,0.00000,301.00000
37.69378,34.94565,50.50872,22.11238,49.55265,14.04800,0.00000,11.16573,-89.77672,360.39629,49.55265,-9.78089,-9.78089,-5.27647,0.00000,360.39629,525.00000,0.00000,301.00000
37.45118,34.94619,50.38953,22.11223,49.45476,14.11677,0.00000,11.05335,-89.77672,382.50853,49.45476,-9.66083,-9.66083,-5.24231,0.00000,382.50853,525.00000,0.00000,301.00000
37.20857,34.94672,50.26972,22.11209,49.35599,14.18528,0.00000,10.94089,-89.77672,404.62061,49.35599,-9.54100,-9.54100,-5.20799,0.00000,404.62061,525.00000,0.00000,301.00000
36.96597,34.94725,50.14927,22.11195,49.25634,14.25354,0.00000,10.82835,-89.77671,426.73256,49.25634,-9.42141,-9.42141,-5.17350,0.00000,426.73256,525.00000,0.00000,301.00000
36.72337,34.94779,50.02820,22.11180,49.15580,14.32155,0.00000,10.71572,-89.77671,448.84436,49.15580,-9.30205,-9.30205,-5.13885,0.00000,448.84436,525.00000,0.00000,301.00000
36.48077,34.94832,49.90651,22.11166,49.05439,14.38930,0.00000,10.60301,-89.77671,470.95602,49.05439,-9.18295,-9.18295,-5.10403,0.00000,470.95602,525.00000,0.00000,301.00000
36.23816,34.94854,49.78423,22.11140,48.92264,14.44038,0.00000,10.67504,-89.96130,493.06742,48.92264,-9.22196,-9.22196,-5.11551,0.00000,493.06742,525.00000,0.00000,301.00000
35.99556,34.94769,49.66144,22.11203,48.75135,14.46985,0.00000,10.98587,-90.38403,515.17944,48.75135,-9.46383,-9.46383,-5.18710,0.00000,515.17944,525.00000,0.00000,301.00000
35.75296,34.94612,49.53811,22.11245,48.64856,14.53720,0.00000,10.87441,-90.38403,537.29189,48.64856,-9.34570,-9.34570,-5.15192,0.00000,537.29189,525.00000,0.00000,301.00000
35.51037,34.94455,49.41416,22.11288,48.54489,14.60428,0.00000,10.76287,-90.38402,559.40477,48.54489,-9.22783,-9.22783,-5.11658,0.00000,559.40477,525.00000,0.00000,301.00000
35.26777,34.94297,49.28958,22.11330,48.44034,14.67111,0.00000,10.65126,-90.38402,581.51807,48.44034,-9.11022,-9.11022,-5.08108,0.00000,581.51807,525.00000,0.00000,301.00000
35.02517,34.94140,49.16439,22.11373,48.33493,14.73767,0.00000,10.53955,-90.38401,603.63180,48.33493,-8.99287,-8.99287,-5.04541,0.00000,559.40435,525.00000,0.00000,301.00000
34.78257,34.93982,49.03858,22.11415,48.22865,14.80397,0.00000,10.42777,-90.38400,625.74595,48.22865,-8.87578,-8.87578,-5.00959,0.00000,537.29020,525.00000,0.00000,301.00000
34.53997,34.93825,48.91215,22.11457,48.12150,14.87001,0.00000,10.31589,-90.38400,647.86052,48.12150,-8.75895,-8.75895,-4.97361,0.00000,515.17562,525.00000,0.00000,301.00000
34.29737,34.93668,48.78510,22.11500,48.01349,14.93577,0.00000,10.20393,-90.38399,669.97552,48.01349,-8.64239,-8.64239,-4.93747,0.00000,493.06062,525.00000,0.00000,301.00000
34.05478,34.93510,48.65743,22.11542,47.90461,15.00127,0.00000,10.09186,-90.38399,692.09094,47.90461,-8.52609,-8.52609,-4.90118,0.00000,470.94520,525.00000,0.00000,301.00000
33.81218,34.93353,48.52915,22.11585,47.79486,15.06650,0.00000,9.97970,-90.38398,714.20679,47.79486,-8.41007,-8.41007,-4.86472,0.00000,448.82935,525.00000,0.00000,301.00000
33.56958,34.93195,48.40025,22.11627,47.68426,15.13146,0.00000,9.86744,-90.38397,736.32306,47.68426,-8.29431,-8.29431,-4.82811,0.00000,426.71308,525.00000,0.00000,301.00000
33.32698,34.93038,48.27074,22.11670,47.57280,15.19616,0.00000,9.75507,-90.38397,758.43976,47.57280,-8.17883,-8.17883,-4.79135,0.00000,404.59639,525.00000,0.00000,301.00000
33.08438,34.92881,48.14062,22.11712,47.46048,15.26058,0.00000,9.64259,-90.38396,780.55688,47.46048,-8.06363,-8.06363,-4.75443,0.00000,382.47927,525.00000,0.00000,301.00000
32.84178,34.92723,48.00988,22.11754,47.34730,15.32472,0.00000,9.53000,-90.38396,802.67442,47.34730,-7.94871,-7.94871,-4.71735,0.00000,360.36172,525.00000,0.00000,301.00000
32.59919,34.92566,47.87854,22.11797,47.23328,15.38859,0.00000,9.41728,-90.38395,824.79239,47.23328,-7.83406,-7.83406,-4.68012,0.00000,338.24375,525.00000,0.00000,301.00000
32.35659,34.92408,47.74660,22.11839,47.11840,15.45220,0.00000,9.30445,-90.38394,846.91078,47.11840,-7.71970,-7.71970,-4.64273,0.00000,316.12536,525.00000,0.00000,301.00000
32.11399,34.92251,47.61405,22.11882,47.00268,15.51552,0.00000,9.19150,-90.38394,869.02960,47.00268,-7.60562,-7.60562,-4.60520,0.00000,294.00654,525.00000,0.00000,301.00000
31.87139,34.92094,47.48089,22.11924,46.88611,15.57856,0.00000,9.07841,-90.38393,891.14884,46.88611,-7.49182,-7.49182,-4.56751,0.00000,271.88730,525.00000,0.00000,301.00000
31.62879,34.91936,47.34713,22.11967,46.76870,15.64133,0.00000,8.96520,-90.38393,913.26851,46.76870,-7.37831,-7.37831,-4.52968,0.00000,249.76764,525.00000,0.00000,301.00000
31.38619,34.91779,47.21277,22.12009,46.65044,15.70381,0.00000,8.85184,-90.38392,935.38860,46.65044,-7.26510,-7.26510,-4.49169,0.00000,227.64755,525.00000,0.00000,301.00000
31.14359,34.91621,47.07781,22.12051,46.53135,15.76601,0.00000,8.73835,-90.38391,957.50911,46.53135,-7.15218,-7.15218,-4.45355,0.00000,205.52703,525.00000,0.00000,301.00000
30.90100,34.91464,46.94225,22.12094,46.41142,15.82793,0.00000,8.62471,-90.38391,979.63005,46.41142,-7.03955,-7.03955,-4.41527,0.00000,183.40610,525.00000,0.00000,301.00000
30.65840,34.91307,46.80609,22.12136,46.29065,15.88957,0.00000,8.51093,-90.38390,1001.75141,46.29065,-6.92721,-6.92721,-4.37683,0.00000,161.28473,525.00000,0.00000,301.00000
30.41580,34.91149,46.66935,22.12179,46.16905,15.95092,0.00000,8.39699,-90.38390,1023.87320,46.16905,-6.81518,-6.81518,-4.33826,0.00000,139.16295,525.00000,0.00000,301.00000
30.17320,34.90992,46.53200,22.12221,46.04662,16.01199,0.00000,8.28290,-90.38389,1045.99541,46.04662,-6.70344,-6.70344,-4.29953,0.00000,117.04074,525.00000,0.00000,301.00000
29.93060,34.90834,46.39406,22.12263,45.92335,16.07277,0.00000,8.16864,-90.38388,1068.11804,45.92335,-6.59200,-6.59200,-4.26065,0.00000,94.91810,525.00000,0.00000,301.00000
29.68800,34.90677,46.25553,22.12306,45.79927,16.13327,0.00000,8.05423,-90.38388,1090.24110,45.79927,-6.48088,-6.48088,-4.22163,0.00000,72.79504,525.00000,0.00000,301.00000
29.44541,34.90520,46.11642,22.12348,45.67435,16.19347,0.00000,7.93964,-90.38387,1112.36458,45.67435,-6.37005,-6.37005,-4.18246,0.00000,50.67156,525.00000,0.00000,301.00000
29.20281,34.90362,45.97672,22.12391,45.54862,16.25339,0.00000,7.82488,-90.38387,1134.48849,45.54862,-6.25954,-6.25954,-4.14315,0.00000,28.54765,525.00000,0.00000,301.00000
28.96021,34.90205,45.83643,22.12433,45.42207,16.31301,0.00000,7.70995,-90.38386,1156.61282,45.42207,-6.14933,-6.14933,-4.10370,0.00000,6.42332,525.00000,0.00000,301.00000
39.17423,32.98943,51.47323,20.29709,47.49966,47.49966,0.00000,22.66060,-99.34877,20.29709,47.49966,-19.83117,-19.83117,-19.83117,0.00000,20.29709,307.00000,0.00000,525.00000
38.97581,32.91274,51.38863,21.85080,31.52094,31.52094,0.00000,52.16544,-128.89692,42.14789,31.52094,-40.58597,-40.58597,-40.58597,0.00000,42.14789,307.00000,0.00000,525.00000
38.79376,32.78921,51.31776,21.86922,31.50294,31.50294,0.00000,52.12943,-128.85810,64.01710,31.50294,-40.51022,-40.51022,-40.51022,0.00000,64.01710,307.00000,0.00000,525.00000
38.61171,32.66569,51.24656,21.88758,31.48393,31.48393,0.00000,52.09444,-128.81947,85.90468,31.48393,-40.43479,-40.43479,-40.43479,0.00000,85.90468,307.00000,0.00000,525.00000
38.42966,32.54216,51.17502,21.90590,31.46389,31.46389,0.00000,52.06049,-128.78104,107.81058,31.46389,-40.35970,-40.35970,-40.35970,0.00000,107.81058,307.00000,0.00000,525.00000
38.24761,32.41864,51.10313,21.92416,31.44284,31.44284,0.00000,52.02758,-128.74280,129.73474,31.44284,-40.28495,-40.28495,-40.28495,0.00000,129.73474,307.00000,0.00000,525.00000
38.06556,32.29511,51.03090,21.94237,31.42077,31.42077,0.00000,51.99571,-128.70476,151.67710,31.42077,-40.21054,-40.21054,-40.21054,0.00000,151.67710,307.00000,0.00000,525.00000
37.88351,32.17159,50.95833,21.96053,31.39768,31.39768,0.00000,51.96488,-128.66691,173.63763,31.39768,-40.13647,-40.13647,-40.13647,0.00000,173.63763,307.00000,0.00000,525.00000
37.70146,32.04807,50.88542,21.97863,31.37359,31.37359,0.00000,51.93510,-128.62925,195.61626,31.37359,-40.06274,-40.06274,-40.06274,0.00000,195.61626,307.00000,0.00000,525.00000
37.51941,31.92454,50.81217,21.99668,31.34849,31.34849,0.00000,51.90637,-128.59179,217.61294,31.34849,-39.98936,-39.98936,-39.98936,0.00000,217.61294,307.00000,0.00000,525.00000
37.33736,31.80102,50.73858,22.01468,31.32237,31.32237,0.00000,51.87870,-128.55452,239.62763,31.32237,-39.91633,-39.91633,-39.91633,0.00000,239.62763,307.00000,0.00000,525.00000
37.15531,31.67749,50.66466,22.03263,31.29524,31.29524,0.00000,51.85209,-128.51743,261.66025,31.29524,-39.84364,-39.84364,-39.84364,0.00000,261.66025,307.00000,0.00000,525.00000
36.97326,31.55397,50.59041,22.05052,31.26712,31.26712,0.00000,51.82653,-128.48054,283.71078,31.26712,-39.77130,-39.77130,-39.77130,0.00000,283.71078,307.00000,0.00000,525.00000
36.79120,31.43044,50.51582,22.06836,31.23799,31.23799,0.00000,51.80204,-128.44384,305.77914,31.23799,-39.69932,-39.69932,-39.69932,0.00000,305.77914,307.00000,0.00000,525.00000
36.60915,31.30692,50.44090,22.08615,31.20786,31.20786,0.00000,51.77863,-128.40733,327.86528,31.20786,-39.62769,-39.62769,-39.62769,0.00000,327.86528,307.00000,0.00000,525.00000
36.42710,31.18339,50.36565,22.10388,31.17674,31.17674,0.00000,51.75628,-128.37100,349.96916,31.17674,-39.55642,-39.55642,-39.55642,0.00000,349.96916,307.00000,0.00000,525.00000
36.24505,31.05987,50.29007,22.12156,31.14462,31.14462,0.00000,51.73500,-128.33487,372.09072,31.14462,-39.48550,-39.48550,-39.48550,0.00000,372.09072,307.00000,0.00000,525.00000
36.06300,30.93635,50.21417,22.13918,31.11150,31.11150,0.00000,51.71481,-128.29892,394.22990,31.11150,-39.41493,-39.41493,-39.41493,0.00000,394.22990,307.00000,0.00000,525.00000
35.88095,30.81282,50.13793,22.15675,31.07738,31.07738,0.00000,51.69571,-128.26316,416.38665,31.07738,-39.34473,-39.34473,-39.34473,0.00000,416.38665,307.00000,0.00000,525.00000
35.69890,30.68930,50.06137,22.17426,31.04228,31.04228,0.00000,51.67769,-128.22758,438.56091,31.04228,-39.27490,-39.27490,-39.27490,0.00000,438.56091,307.00000,0.00000,525.00000
35.51685,30.56577,49.98449,22.19172,31.00619,31.00619,0.00000,51.66076,-128.19219,460.75263,31.00619,-39.20542,-39.20542,-39.20542,0.00000,460.75263,307.00000,0.00000,525.00000
35.33480,30.44225,49.90729,22.20913,30.96912,30.96912,0.00000,51.64493,-128.15699,482.96176,30.96912,-39.13631,-39.13631,-39.13631,0.00000,482.96176,307.00000,0.00000,525.00000
35.15275,30.31872,49.82977,22.22647,30.93106,30.93106,0.00000,51.63021,-128.12197,505.18823,30.93106,-39.06757,-39.06757,-39.06757,0.00000,505.18823,307.00000,0.00000,525.00000
34.97070,30.19520,49.75192,22.24377,30.89201,30.89201,0.00000,51.61658,-128.08714,527.43200,30.89201,-38.99920,-38.99920,-38.99920,0.00000,527.43200,307.00000,0.00000,525.00000
34.78865,30.07168,49.67377,22.26100,30.85199,30.85199,0.00000,51.60406,-128.05249,549.69300,30.85199,-38.93119,-38.93119,-38.93119,0.00000,549.69300,307.00000,0.00000,525.00000
34.60660,29.94815,49.59529,22.27819,30.81099,30.81099,0.00000,51.59265,-128.01802,571.97119,30.81099,-38.86356,-38.86356,-38.86356,0.00000,571.97119,307.00000,0.00000,525.00000
34.42454,29.82463,49.51651,22.29531,30.76901,30.76901,0.00000,51.58236,-127.98373,594.26650,30.76901,-38.79630,-38.79630,-38.79630,0.00000,594.26650,307.00000,0.00000,525.00000
34.22871,29.74461,49.42354,20.64881,44.83414,44.83414,0.00000,24.88673,-101.29223,614.91531,44.83414,-20.79870,-20.79870,-20.79870,0.00000,614.91531,307.00000,0.00000,525.00000
34.01389,29.72423,49.31101,21.24558,47.68492,47.68492,0.00000,14.75497,-91.21763,636.16089,47.68492,-12.55881,-12.55881,-12.55881,0.00000,636.16089,307.00000,0.00000,525.00000
33.79393,29.71999,49.19276,21.24648,47.58649,47.58649,0.00000,14.68199,-91.21758,657.40737,47.58649,-12.46810,-12.46810,-12.46810,0.00000,657.40737,307.00000,0.00000,525.00000
33.57397,29.71575,49.07396,21.24738,47.48736,47.48736,0.00000,14.60910,-91.21754,678.65475,47.48736,-12.37758,-12.37758,-12.37758,0.00000,678.65475,307.00000,0.00000,525.00000
33.35401,29.71150,48.95461,21.24827,47.38751,47.38751,0.00000,14.53629,-91.21749,699.90302,47.38751,-12.28727,-12.28727,-12.28727,0.00000,699.90302,307.00000,0.00000,525.00000
33.13405,29.70726,48.83470,21.24917,47.28696,47.28696,0.00000,14.46356,-91.21744,721.15219,47.28696,-12.19716,-12.19716,-12.19716,0.00000,721.15219,307.00000,0.00000,525.00000
32.91409,29.70302,48.71423,21.25007,47.18570,47.18570,0.00000,14.39091,-91.21740,742.40226,47.18570,-12.10725,-12.10725,-12.10725,0.00000,742.40226,307.00000,0.00000,525.00000
32.69413,29.69878,48.59321,21.25097,47.08373,47.08373,0.00000,14.31835,-91.21735,763.65323,47.08373,-12.01755,-12.01755,-12.01755,0.00000,721.15130,307.00000,0.00000,525.00000
32.47417,29.69454,48.47163,21.25186,46.98107,46.98107,0.00000,14.24586,-91.21731,784.90509,46.98107,-11.92806,-11.92806,-11.92806,0.00000,699.89943,307.00000,0.00000,525.00000
32.25420,29.69029,48.34951,21.25276,46.87770,46.87770,0.00000,14.17345,-91.21726,806.15785,46.87770,-11.83877,-11.83877,-11.83877,0.00000,678.64667,307.00000,0.00000,525.00000
32.03424,29.68605,48.22684,21.25366,46.77364,46.77364,0.00000,14.10112,-91.21721,827.41151,46.77364,-11.74969,-11.74969,-11.74969,0.00000,657.39302,307.00000,0.00000,525.00000
31.81428,29.68181,48.10362,21.25455,46.66887,46.66887,0.00000,14.02886,-91.21717,848.66606,46.66887,-11.66083,-11.66083,-11.66083,0.00000,636.13847,307.00000,0.00000,525.00000
31.59432,29.67757,47.97985,21.25545,46.56341,46.56341,0.00000,13.95668,-91.21712,869.92151,46.56341,-11.57217,-11.57217,-11.57217,0.00000,614.88302,307.00000,0.00000,525.00000
31.37436,29.67333,47.85554,21.25635,46.45725,46.45725,0.00000,13.88457,-91.21707,891.17785,46.45725,-11.48373,-11.48373,-11.48373,0.00000,593.62667,307.00000,0.00000,525.00000
31.15440,29.66908,47.73067,21.25724,46.35040,46.35040,0.00000,13.81253,-91.21703,912.43510,46.35040,-11.39550,-11.39550,-11.39550,0.00000,572.36943,307.00000,0.00000,525.00000
30.93444,29.66484,47.60526,21.25814,46.24286,46.24286,0.00000,13.74056,-91.21698,933.69323,46.24286,-11.30748,-11.30748,-11.30748,0.00000,551.11129,307.00000,0.00000,525.00000
30.71448,29.66060,47.47931,21.25903,46.13463,46.13463,0.00000,13.66866,-91.21693,954.95227,46.13463,-11.21968,-11.21968,-11.21968,0.00000,529.85226,307.00000,0.00000,525.00000
30.49452,29.65636,47.35282,21.25993,46.02571,46.02571,0.00000,13.59684,-91.21689,976.21220,46.02571,-11.13210,-11.13210,-11.13210,0.00000,508.59233,307.00000,0.00000,525.00000
30.27456,29.65212,47.22578,21.26083,45.91610,45.91610,0.00000,13.52508,-91.21684,997.47302,45.91610,-11.04474,-11.04474,-11.04474,0.00000,487.33150,307.00000,0.00000,525.00000
30.05459,29.64787,47.09820,21.26172,45.80581,45.80581,0.00000,13.45339,-91.21679,1018.73474,45.80581,-10.95760,-10.95760,-10.95760,0.00000,466.06978,307.00000,0.00000,525.00000
29.83773,29.65354,46.97047,20.73086,46.58857,46.58857,0.00000,7.31138,-85.15498,1039.46560,46.58857,-5.97754,-5.97754,-5.97754,0.00000,445.33892,307.00000,0.00000,525.00000
29.64159,29.72555,46.84486,22.39379,41.49135,41.49135,0.00000,27.65995,-50.31893,1061.85940,41.49135,21.74646,21.74646,21.74646,0.00000,422.94513,307.00000,0.00000,525.00000
29.46300,29.85402,46.72123,22.37676,41.30415,41.30415,0.00000,27.86451,-50.28262,1084.23616,41.30415,21.83668,21.83668,21.83668,0.00000,400.56837,307.00000,0.00000,525.00000
29.28440,29.98249,46.59747,22.35967,41.11613,41.11613,0.00000,28.07061,-50.24611,1106.59583,41.11613,21.92688,21.92688,21.92688,0.00000,378.20870,307.00000,0.00000,525.00000
29.10581,30.11097,46.47360,22.34252,40.92732,40.92732,0.00000,28.27825,-50.20941,1128.93835,40.92732,22.01705,22.01705,22.01705,0.00000,355.86617,307.00000,0.00000,525.00000
28.92722,30.23944,46.34963,22.32532,40.73770,40.73770,0.00000,28.48744,-50.17251,1151.26367,40.73770,22.10721,22.10721,22.10721,0.00000,333.54085,307.00000,0.00000,525.00000
28.74862,30.36791,46.22556,22.30806,40.54728,40.54728,0.00000,28.69819,-50.13541,1173.57173,40.54728,22.19732,22.19732,22.19732,0.00000,311.23280,307.00000,0.00000,525.00000
28.57003,30.49638,46.10140,22.29074,40.35606,40.35606,0.00000,28.91051,-50.09812,1195.86247,40.35606,22.28740,22.28740,22.28740,0.00000,288.94206,307.00000,0.00000,525.00000
28.43130,30.65378,45.99725,22.77755,26.56981,26.56981,0.00000,54.71534,-24.50045,1218.64002,26.56981,37.54720,37.54720,37.54720,0.00000,266.16450,307.00000,0.00000,525.00000
28.34846,30.85176,45.92152,24.16460,20.02964,20.02964,0.00000,64.14016,-15.28673,1242.80463,20.02964,41.32310,41.32310,41.32310,0.00000,241.99990,307.00000,0.00000,525.00000
28.28165,31.06137,45.85433,24.16092,19.82706,19.82706,0.00000,64.38052,-15.25465,1266.96554,19.82706,41.34618,41.34618,41.34618,0.00000,217.83898,307.00000,0.00000,525.00000
28.21484,31.27098,45.78761,24.15722,19.62390,19.62390,0.00000,64.62219,-15.22236,1291.12276,19.62390,41.36916,41.36916,41.36916,0.00000,193.68176,307.00000,0.00000,525.00000
28.14803,31.48059,45.72138,24.15350,19.42015,19.42015,0.00000,64.86516,-15.18987,1315.27626,19.42015,41.39205,41.39205,41.39205,0.00000,169.52826,307.00000,0.00000,525.00000
28.08121,31.69020,45.65563,24.14977,19.21582,19.21582,0.00000,65.10945,-15.15717,1339.42603,19.21582,41.41484,41.41484,41.41484,0.00000,145.37849,307.00000,0.00000,525.00000
28.01440,31.89982,45.59039,24.14603,19.01092,19.01092,0.00000,65.35505,-15.12427,1363.57206,19.01092,41.43752,41.43752,41.43752,0.00000,121.23247,307.00000,0.00000,525.00000
27.94759,32.10943,45.52564,24.14227,18.80544,18.80544,0.00000,65.60194,-15.09117,1387.71433,18.80544,41.46010,41.46010,41.46010,0.00000,97.09020,307.00000,0.00000,525.00000
27.88078,32.31904,45.46142,24.13850,18.59939,18.59939,0.00000,65.85013,-15.05787,1411.85282,18.59939,41.48256,41.48256,41.48256,0.00000,72.95170,307.00000,0.00000,525.00000
27.81396,32.52865,45.39771,24.13471,18.39278,18.39278,0.00000,66.09961,-15.02436,1435.98753,18.39278,41.50491,41.50491,41.50491,0.00000,48.81699,307.00000,0.00000,525.00000
27.74715,32.73826,45.33453,24.13091,18.18561,18.18561,0.00000,66.35038,-14.99065,1460.11844,18.18561,41.52714,41.52714,41.52714,0.00000,24.68608,307.00000,0.00000,525.00000
27.68034,32.94787,45.27188,24.12710,17.97787,17.97787,0.00000,66.60243,-14.95673,1484.24554,17.97787,41.54924,41.54924,41.54924,0.00000,0.55899,307.00000,0.00000,525.00000
27.61353,33.15748,45.20978,24.12327,17.76959,17.76959,0.00000,66.85575,-14.92262,1508.36881,17.76959,41.57122,41.57122,41.57122,0.00000,-23.56428,307.00000,0.00000,525.00000
135.10604,-10.10463,65.57473,22.17406,21.55824,-6.14985,-6.14985,12.03423,-57.64640,22.17406,64.13361,-13.67207,7.10341,47.48936,47.48936,22.17406,780.00000,732.00000,732.00000
134.93496,-9.99787,65.49857,22.17929,21.46262,-6.04779,-6.04779,12.08687,-57.65479,44.35335,64.04654,-13.71504,7.08899,47.49345,47.49345,44.35335,780.00000,732.00000,732.00000
134.76387,-9.89111,65.42164,22.18446,21.36666,-5.94598,-5.94598,12.13933,-57.66310,66.53782,63.95875,-13.75750,7.07479,47.49743,47.49743,66.53782,780.00000,732.00000,732.00000
134.59279,-9.78435,65.34395,22.18958,21.27036,-5.84441,-5.84441,12.19161,-57.67131,88.72739,63.87023,-13.79944,7.06080,47.50129,47.50129,88.72739,780.00000,732.00000,732.00000
134.42170,-9.67759,65.26550,22.19464,21.17372,-5.74310,-5.74310,12.24370,-57.67943,110.92203,63.78099,-13.84087,7.04702,47.50505,47.50505,110.92203,780.00000,732.00000,732.00000
134.24097,-9.60534,65.19342,21.29190,22.19675,11.72964,11.72964,33.27030,-78.65096,132.21393,54.50769,-35.76443,-0.99097,46.39523,46.39523,132.21393,780.00000,732.00000,732.00000
134.04496,-9.58772,65.13212,22.11068,21.39636,21.27093,21.27093,45.42603,-90.73053,154.32461,45.71164,-46.39654,-5.61582,42.89444,42.89444,154.32461,780.00000,732.00000,732.00000
133.84331,-9.59020,65.07466,22.11052,21.29145,21.36597,21.36597,45.51103,-90.73054,176.43513,45.60250,-46.42331,-5.62833,42.88194,42.88194,176.43513,780.00000,732.00000,732.00000
133.64166,-9.59267,65.01691,22.11036,21.18627,21.46076,21.46076,45.59649,-90.73055,198.54548,45.49279,-46.45002,-5.64079,42.86938,42.86938,198.54548,780.00000,732.00000,732.00000
133.44001,-9.59515,64.95886,22.11019,21.08083,21.55529,21.55529,45.68244,-90.73056,220.65568,45.38251,-46.47667,-5.65319,42.85677,42.85677,220.65568,780.00000,732.00000,732.00000
133.23837,-9.59763,64.90052,22.11003,20.97513,21.64956,21.64956,45.76886,-90.73057,242.76571,45.27166,-46.50327,-5.66553,42.84409,42.84409,242.76571,780.00000,732.00000,732.00000
133.03672,-9.60010,64.84190,22.10987,20.86916,21.74356,21.74356,45.85576,-90.73058,264.87558,45.16024,-46.52981,-5.67781,42.83136,42.83136,264.87558,780.00000,732.00000,732.00000
132.83507,-9.60258,64.78298,22.10971,20.76294,21.83730,21.83730,45.94314,-90.73059,286.98529,45.04826,-46.55629,-5.69003,42.81856,42.81856,286.98529,780.00000,732.00000,732.00000
132.63342,-9.60506,64.72378,22.10955,20.65647,21.93078,21.93078,46.03101,-90.73060,309.09484,44.93572,-46.58272,-5.70219,42.80571,42.80571,309.09484,780.00000,732.00000,732.00000
132.43178,-9.60753,64.66431,22.10939,20.54973,22.02399,22.02399,46.11935,-90.73061,331.20422,44.82261,-46.60908,-5.71429,42.79280,42.79280,331.20422,780.00000,732.00000,732.00000
132.23155,-9.59242,64.59951,22.09805,21.13239,14.20425,14.20425,36.01798,-80.54555,353.30227,52.25018,-37.98704,-2.01207,46.01061,46.01061,353.30227,780.00000,732.00000,732.00000
132.03283,-9.55865,64.52898,22.12188,21.04783,13.80427,13.80427,35.48162,-79.93100,375.42415,52.54606,-37.45532,-1.79806,46.15272,46.15272,375.42415,780.00000,732.00000,732.00000
131.83420,-9.52381,64.45769,22.12407,20.94256,13.89910,13.89910,35.56077,-79.93195,397.54822,52.43627,-37.48641,-1.81049,46.14451,46.14451,397.54822,780.00000,732.00000,732.00000
131.63557,-9.48897,64.38595,22.12625,20.83703,13.99368,13.99368,35.64027,-79.93290,419.67447,52.32591,-37.51732,-1.82282,46.13628,46.13628,419.67447,780.00000,732.00000,732.00000
131.43694,-9.45413,64.31375,22.12843,20.73123,14.08799,14.08799,35.72011,-79.93384,441.80290,52.21496,-37.54806,-1.83504,46.12803,46.12803,441.80290,780.00000,732.00000,732.00000
131.23831,-9.41929,64.24112,22.13060,20.62517,14.18203,14.18203,35.80030,-79.93478,463.93349,52.10345,-37.57861,-1.84715,46.11975,46.11975,463.93349,780.00000,732.00000,732.00000
131.03968,-9.38446,64.16803,22.13276,20.51884,14.27581,14.27581,35.88085,-79.93571,486.06625,51.99135,-37.60899,-1.85916,46.11144,46.11144,486.06625,780.00000,732.00000,732.00000
130.84105,-9.34962,64.09451,22.13491,20.41225,14.36931,14.36931,35.96176,-79.93664,508.20116,51.87868,-37.63919,-1.87106,46.10311,46.10311,508.20116,780.00000,732.00000,732.00000
130.64242,-9.31478,64.02055,22.13705,20.30540,14.46255,14.46255,36.04302,-79.93757,530.33821,51.76545,-37.66921,-1.88286,46.09476,46.09476,530.33821,780.00000,732.00000,732.00000
130.44379,-9.27994,63.94616,22.13919,20.19830,14.55551,14.55551,36.12464,-79.93849,552.47740,51.65164,-37.69906,-1.89455,46.08639,46.08639,552.47740,780.00000,732.00000,732.00000
130.24516,-9.24510,63.87133,22.14132,20.09094,14.64820,14.64820,36.20663,-79.93941,574.61872,51.53726,-37.72873,-1.90613,46.07799,46.07799,574.61872,780.00000,732.00000,732.00000
130.04682,-9.20867,63.79562,22.14449,20.01184,13.98982,13.98982,35.35706,-79.00895,596.76322,52.02926,-36.91662,-1.59167,46.30255,46.30255,596.76322,780.00000,732.00000,732.00000
129.84885,-9.17025,63.71892,22.14793,19.91038,13.89739,13.89739,35.21006,-78.78149,618.91115,52.06114,-36.73878,-1.52346,46.35020,46.35020,618.91115,780.00000,732.00000,732.00000
129.65096,-9.13145,63.64165,22.15026,19.80248,13.98951,13.98951,35.29185,-78.78262,641.06141,51.94557,-36.76843,-1.53478,46.34225,46.34225,641.06141,780.00000,732.00000,732.00000
129.45307,-9.09264,63.56395,22.15257,19.69431,14.08135,14.08135,35.37400,-78.78374,663.21398,51.82945,-36.79789,-1.54600,46.33428,46.33428,663.21398,780.00000,732.00000,732.00000
129.25517,-9.05384,63.48582,22.15488,19.58590,14.17292,14.17292,35.45651,-78.78486,685.36886,51.71276,-36.82716,-1.55710,46.32629,46.32629,685.36886,780.00000,732.00000,732.00000
129.05728,-9.01503,63.40724,22.15717,19.47724,14.26421,14.26421,35.53937,-78.78597,707.52603,51.59550,-36.85624,-1.56809,46.31829,46.31829,707.52603,780.00000,732.00000,732.00000
128.85939,-8.97623,63.32822,22.15946,19.36833,14.35521,14.35521,35.62260,-78.78708,729.68549,51.47768,-36.88512,-1.57897,46.31027,46.31027,729.68549,780.00000,732.00000,732.00000
128.66149,-8.93743,63.24878,22.16174,19.25916,14.44593,14.44593,35.70619,-78.78818,751.84723,51.35930,-36.91382,-1.58976,46.30223,46.30223,751.84723,780.00000,732.00000,732.00000
128.46360,-8.89862,63.16891,22.16400,19.14975,14.53637,14.53637,35.79015,-78.78928,774.01123,51.24037,-36.94233,-1.60043,46.29418,46.29418,774.01123,780.00000,732.00000,732.00000
128.26570,-8.85982,63.08861,22.16626,19.04010,14.62653,14.62653,35.87448,-78.79037,796.17749,51.12087,-36.97065,-1.61100,46.28611,46.28611,796.17749,780.00000,732.00000,732.00000
128.06781,-8.82101,63.00789,22.16850,18.93021,14.71639,14.71639,35.95918,-78.79145,818.34599,51.00082,-36.99878,-1.62146,46.27803,46.27803,818.34599,780.00000,732.00000,732.00000
127.86992,-8.78221,62.92674,22.17074,18.82007,14.80597,14.80597,36.04425,-78.79253,840.51673,50.88022,-37.02672,-1.63181,46.26993,46.26993,840.51673,780.00000,732.00000,732.00000
127.67202,-8.74340,62.84518,22.17297,18.70969,14.89526,14.89526,36.12971,-78.79361,862.68970,50.75907,-37.05447,-1.64206,46.26182,46.26182,862.68970,780.00000,732.00000,732.00000
127.48119,-8.68952,62.75995,21.60474,18.61563,7.08771,7.08771,26.64095,-69.22722,884.29444,56.09698,-28.14143,1.47123,48.09555,48.09555,884.29444,780.00000,732.00000,732.00000
127.31111,-8.59139,62.66458,22.27285,17.06165,-8.60345,-8.60345,8.01767,-50.54926,906.56729,62.05204,-8.74036,7.32994,47.84649,47.84649,906.56729,780.00000,732.00000,732.00000
127.15471,-8.46408,62.56216,22.27727,16.95516,-8.51210,-8.51210,8.06346,-50.55846,928.84456,61.94363,-8.77559,7.32028,47.85136,47.85136,884.29002,780.00000,732.00000,732.00000
126.99831,-8.33677,62.45898,22.28163,16.84838,-8.42103,-8.42103,8.10897,-50.56751,951.12619,61.83449,-8.81023,7.31082,47.85610,47.85610,862.00839,780.00000,732.00000,732.00000
126.84192,-8.20946,62.35505,22.28592,16.74130,-8.33025,-8.33025,8.15419,-50.57642,973.41212,61.72463,-8.84429,7.30156,47.86072,47.86072,839.72246,780.00000,732.00000,732.00000
126.68552,-8.08215,62.25036,22.29015,16.63393,-8.23977,-8.23977,8.19913,-50.58519,995.70227,61.61406,-8.87776,7.29250,47.86521,47.86521,817.43231,780.00000,732.00000,732.00000
126.52912,-7.95485,62.14491,22.29432,16.52627,-8.14956,-8.14956,8.24378,-50.59381,1017.99659,61.50276,-8.91066,7.28364,47.86959,47.86959,795.13799,780.00000,732.00000,732.00000
126.37272,-7.82754,62.03871,22.29842,16.41831,-8.05966,-8.05966,8.28814,-50.60230,1040.29500,61.39075,-8.94297,7.27498,47.87385,47.87385,772.83958,780.00000,732.00000,732.00000
126.21632,-7.70023,61.93175,22.30245,16.31007,-7.97005,-7.97005,8.33222,-50.61064,1062.59745,61.27803,-8.97470,7.26651,47.87800,47.87800,750.53713,780.00000,732.00000,732.00000
126.05992,-7.57292,61.82405,22.30642,16.20154,-7.88073,-7.88073,8.37602,-50.61884,1084.90387,61.16460,-9.00585,7.25824,47.88203,47.88203,728.23071,780.00000,732.00000,732.00000
125.90353,-7.44561,61.71560,22.31032,16.09273,-7.79171,-7.79171,8.41954,-50.62690,1107.21419,61.05046,-9.03643,7.25016,47.88595,47.88595,705.92039,780.00000,732.00000,732.00000
125.74713,-7.31830,61.60641,22.31416,15.98364,-7.70298,-7.70298,8.46278,-50.63481,1129.52835,60.93561,-9.06643,7.24227,47.88976,47.88976,683.60623,780.00000,732.00000,732.00000
125.59073,-7.19100,61.49646,22.31793,15.87426,-7.61456,-7.61456,8.50575,-50.64259,1151.84628,60.82006,-9.09586,7.23457,47.89346,47.89346,661.28830,780.00000,732.00000,732.00000
125.43433,-7.06369,61.38577,22.32164,15.76461,-7.52643,-7.52643,8.54844,-50.65022,1174.16792,60.70380,-9.12472,7.22706,47.89706,47.89706,638.96666,780.00000,732.00000,732.00000
125.27793,-6.93638,61.27434,22.32528,15.65468,-7.43861,-7.43861,8.59085,-50.65771,1196.49320,60.58685,-9.15300,7.21973,47.90055,47.90055,616.64138,780.00000,732.00000,732.00000
125.12154,-6.80907,61.16216,22.32885,15.54448,-7.35109,-7.35109,8.63299,-50.66506,1218.82205,60.46920,-9.18072,7.21258,47.90394,47.90394,594.31253,780.00000,732.00000,732.00000
124.96514,-6.68176,61.04925,22.33236,15.43399,-7.26387,-7.26387,8.67485,-50.67227,1241.15442,60.35086,-9.20787,7.20562,47.90722,47.90722,571.98016,780.00000,732.00000,732.00000
124.80874,-6.55446,60.93560,22.33581,15.32325,-7.17696,-7.17696,8.71645,-50.67934,1263.49022,60.23182,-9.23446,7.19884,47.91040,47.91040,549.64436,780.00000,732.00000,732.00000
124.65234,-6.42715,60.82121,22.33919,15.21223,-7.09036,-7.09036,8.75777,-50.68627,1285.82941,60.11209,-9.26048,7.19224,47.91349,47.91349,527.30517,780.00000,732.00000,732.00000
124.49594,-6.29984,60.70609,22.34250,15.10094,-7.00407,-7.00407,8.79883,-50.69306,1308.17191,59.99167,-9.28594,7.18581,47.91648,47.91648,504.96267,780.00000,732.00000,732.00000
124.32733,-6.19332,60.59455,22.14809,16.26884,4.72283,4.72283,22.66440,-64.51182,1330.32000,55.91530,-23.34907,3.37973,48.19323,48.19323,482.81458,780.00000,732.00000,732.00000
124.14327,-6.11306,60.48786,22.31392,16.33655,7.83864,7.83864,26.35054,-68.13240,1352.63392,54.20288,-26.84825,2.34363,47.79407,47.79407,460.50066,780.00000,732.00000,732.00000
123.95598,-6.03828,60.38176,22.31659,16.22269,7.92331,7.92331,26.42301,-68.13503,1374.95050,54.07387,-26.86958,2.33721,47.79097,47.79097,438.18407,780.00000,732.00000,732.00000
123.76869,-5.96350,60.27513,22.31922,16.10859,8.00765,8.00765,26.49571,-68.13763,1397.26973,53.94430,-26.89059,2.33092,47.78787,47.78787,415.86485,780.00000,732.00000,732.00000
123.58141,-5.88873,60.16796,22.32183,15.99427,8.09168,8.09168,26.56865,-68.14019,1419.59155,53.81417,-26.91130,2.32475,47.78478,47.78478,393.54302,780.00000,732.00000,732.00000
123.39412,-5.81395,60.06025,22.32440,15.87973,8.17537,8.17537,26.64181,-68.14271,1441.91595,53.68349,-26.93170,2.31870,47.78169,47.78169,371.21863,780.00000,732.00000,732.00000
123.20683,-5.73918,59.95201,22.32694,15.76497,8.25874,8.25874,26.71521,-68.14521,1464.24289,53.55226,-26.95179,2.31278,47.77862,47.77862,348.89169,780.00000,732.00000,732.00000
123.01955,-5.66440,59.84324,22.32944,15.64998,8.34178,8.34178,26.78884,-68.14767,1486.57233,53.42048,-26.97157,2.30697,47.77554,47.77554,326.56225,780.00000,732.00000,732.00000
122.83226,-5.58962,59.73394,22.33192,15.53478,8.42450,8.42450,26.86271,-68.15009,1508.90425,53.28815,-26.99104,2.30128,47.77248,47.77248,304.23033,780.00000,732.00000,732.00000
122.64497,-5.51485,59.62411,22.33436,15.41936,8.50689,8.50689,26.93684,-68.15248,1531.23861,53.15528,-27.01020,2.29571,47.76943,47.76943,281.89597,780.00000,732.00000,732.00000
122.45769,-5.44007,59.51377,22.33677,15.30373,8.58895,8.58895,27.01121,-68.15484,1553.57537,53.02187,-27.02906,2.29025,47.76640,47.76640,259.55921,780.00000,732.00000,732.00000
122.27040,-5.36529,59.40291,22.33914,15.18788,8.67068,8.67068,27.08584,-68.15716,1575.91451,52.88792,-27.04762,2.28491,47.76338,47.76338,237.22007,780.00000,732.00000,732.00000
122.08311,-5.29052,59.29153,22.34148,15.07182,8.75207,8.75207,27.16072,-68.15945,1598.25600,52.75343,-27.06587,2.27968,47.76037,47.76037,214.87858,780.00000,732.00000,732.00000
121.89583,-5.21574,59.17964,22.34379,14.95556,8.83313,8.83313,27.23586,-68.16170,1620.59979,52.61840,-27.08382,2.27456,47.75737,47.75737,192.53479,780.00000,732.00000,732.00000
121.70854,-5.14097,59.06723,22.34607,14.83908,8.91386,8.91386,27.31126,-68.16392,1642.94586,52.48283,-27.10148,2.26956,47.75439,47.75439,170.18872,780.00000,732.00000,732.00000
121.53299,-5.04719,58.95004,22.05502,13.85326,-1.81568,-1.81568,14.56492,-55.35718,1665.00088,57.05558,-14.82457,5.48529,48.55000,48.55000,148.13370,780.00000,732.00000,732.00000
121.37578,-4.92376,58.82554,22.37772,12.95061,-7.75176,-7.75176,7.47274,-48.22708,1687.37860,58.32592,-7.65053,7.15191,47.95510,47.95510,125.75598,780.00000,732.00000,732.00000
121.22515,-4.78968,58.69792,22.38019,12.83497,-7.67155,-7.67155,7.50752,-48.23256,1709.75879,58.19474,-7.66925,7.14777,47.95758,47.95758,103.37579,780.00000,732.00000,732.00000
121.07452,-4.65559,58.56959,22.38260,12.71910,-7.59167,-7.59167,7.54199,-48.23789,1732.14140,58.06290,-7.68742,7.14377,47.95996,47.95996,80.99318,780.00000,732.00000,732.00000
120.92389,-4.52151,58.44054,22.38494,12.60300,-7.51211,-7.51211,7.57616,-48.24306,1754.52634,57.93038,-7.70503,7.13992,47.96226,47.96226,58.60824,780.00000,732.00000,732.00000
120.77326,-4.38742,58.31078,22.38721,12.48666,-7.43288,-7.43288,7.61002,-48.24807,1776.91355,57.79720,-7.72208,7.13623,47.96446,47.96446,36.22103,780.00000,732.00000,732.00000
120.62263,-4.25334,58.18031,22.38941,12.37010,-7.35397,-7.35397,7.64359,-48.25293,1799.30296,57.66336,-7.73859,7.13268,47.96657,47.96657,13.83162,780.00000,732.00000,732.00000
121.36395,-6.64878,103.24863,22.31006,10.33014,-9.33542,-52.94412,12.58808,-120.02098,22.31006,100.76675,22.50203,-10.93718,13.12056,-43.01176,22.31006,780.00000,67350.00000,301.00000
121.18904,-6.74914,102.64692,22.30662,10.20811,-9.27675,-52.41038,12.63750,-120.02624,44.61669,100.16017,22.45730,-10.94175,13.12470,-42.98831,44.61669,780.00000,67350.00000,301.00000
121.01412,-6.84949,102.04422,22.30313,10.08591,-9.21788,-51.87636,12.68742,-120.03158,66.91982,99.55258,22.41217,-10.94634,13.12888,-42.96474,66.91982,780.00000,67350.00000,301.00000
120.83920,-6.94984,101.44054,22.29959,9.96352,-9.15882,-51.34207,12.73783,-120.03699,89.21940,98.94400,22.36666,-10.95094,13.13310,-42.94108,89.21940,780.00000,67350.00000,301.00000
120.66429,-7.05019,100.83590,22.29599,9.84096,-9.09957,-50.80751,12.78877,-120.04248,111.51539,98.33444,22.32077,-10.95555,13.13734,-42.91732,111.51539,780.00000,67350.00000,301.00000
120.48937,-7.15055,100.23030,22.29235,9.71822,-9.04012,-50.27270,12.84024,-120.04805,133.80774,97.72390,22.27451,-10.96016,13.14162,-42.89347,133.80774,780.00000,67350.00000,301.00000
120.31446,-7.25090,99.62377,22.28865,9.59530,-8.98049,-49.73764,12.89225,-120.05369,156.09639,97.11239,22.22789,-10.96479,13.14594,-42.86954,156.09639,780.00000,67350.00000,301.00000
120.13954,-7.35125,99.01630,22.28490,9.47222,-8.92066,-49.20233,12.94483,-120.05942,178.38129,96.49992,22.18092,-10.96941,13.15028,-42.84553,178.38129,780.00000,67350.00000,301.00000
119.96462,-7.45161,98.40791,22.28110,9.34896,-8.86064,-48.66679,12.99799,-120.06522,200.66240,95.88650,22.13360,-10.97403,13.15465,-42.82146,200.66240,780.00000,67350.00000,301.00000
119.78971,-7.55196,97.79862,22.27726,9.22553,-8.80043,-48.13103,13.05174,-120.07110,222.93965,95.27214,22.08595,-10.97866,13.15906,-42.79733,222.93965,780.00000,67350.00000,301.00000
119.61479,-7.65231,97.18843,22.27335,9.10193,-8.74004,-47.59505,13.10611,-120.07706,245.21301,94.65685,22.03797,-10.98330,13.16349,-42.77315,245.21301,780.00000,67350.00000,301.00000
119.43988,-7.75266,96.57736,22.26940,8.97817,-8.67946,-47.05885,13.16110,-120.08310,267.48241,94.04063,21.98967,-10.98793,13.16794,-42.74892,267.48241,780.00000,67350.00000,301.00000
119.26496,-7.85302,95.96541,22.26540,8.85424,-8.61869,-46.52246,13.21673,-120.08921,289.74781,93.42350,21.94107,-10.99255,13.17243,-42.72466,289.74781,780.00000,67350.00000,301.00000
119.09004,-7.95337,95.35261,22.26135,8.73015,-8.55773,-45.98587,13.27303,-120.09541,312.00916,92.80546,21.89216,-10.99717,13.17694,-42.70037,312.00916,780.00000,67350.00000,301.00000
118.91513,-8.05372,94.73896,22.25724,8.60590,-8.49659,-45.44909,13.33002,-120.10168,334.26640,92.18652,21.84297,-11.00178,13.18148,-42.67606,334.26640,780.00000,67350.00000,301.00000
118.74021,-8.15407,94.12447,22.25309,8.48149,-8.43526,-44.91213,13.38770,-120.10803,356.51949,91.56670,21.79349,-11.00638,13.18604,-42.65172,312.01332,780.00000,67350.00000,301.00000
118.56530,-8.25443,93.50917,22.24888,8.35693,-8.37375,-44.37500,13.44610,-120.11446,378.76838,90.94599,21.74374,-11.01096,13.19062,-42.62738,289.76443,780.00000,67350.00000,301.00000
118.39038,-8.35478,92.89305,22.24463,8.23221,-8.31207,-43.83771,13.50524,-120.12097,401.01300,90.32442,21.69372,-11.01554,13.19522,-42.60304,267.51981,780.00000,67350.00000,301.00000
118.21547,-8.45513,92.27613,22.24032,8.10734,-8.25020,-43.30026,13.56515,-120.12755,423.25332,89.70198,21.64344,-11.02011,13.19984,-42.57870,245.27949,780.00000,67350.00000,301.00000
118.04055,-8.55549,91.65842,22.23596,7.98231,-8.18815,-42.76265,13.62583,-120.13422,445.48928,89.07869,21.59292,-11.02466,13.20449,-42.55438,223.04353,780.00000,67350.00000,301.00000
117.86563,-8.65584,91.03995,22.23155,7.85713,-8.12592,-42.22492,13.68732,-120.14096,467.72083,88.45455,21.54215,-11.02919,13.20916,-42.53008,200.81198,780.00000,67350.00000,301.00000
117.69072,-8.75619,90.42071,22.22709,7.73180,-8.06351,-41.68705,13.74963,-120.14778,489.94792,87.82958,21.49116,-11.03370,13.21384,-42.50580,178.58488,780.00000,67350.00000,301.00000
117.51580,-8.85654,89.80072,22.22258,7.60634,-8.00092,-41.14905,13.81279,-120.15469,512.17051,87.20378,21.43995,-11.03819,13.21854,-42.48157,156.36230,780.00000,67350.00000,301.00000
117.34089,-8.95690,89.18001,22.21802,7.48072,-7.93816,-40.61094,13.87682,-120.16167,534.38853,86.57716,21.38851,-11.04265,13.22326,-42.45738,134.14428,780.00000,67350.00000,301.00000
117.16597,-9.05725,88.55857,22.21341,7.35496,-7.87522,-40.07272,13.94175,-120.16873,556.60194,85.94974,21.33688,-11.04708,13.22799,-42.43323,111.93087,780.00000,67350.00000,301.00000
116.99105,-9.15760,87.93642,22.20875,7.22906,-7.81210,-39.53440,14.00760,-120.17587,578.81068,85.32151,21.28506,-11.05150,13.23274,-42.40914,89.72213,780.00000,67350.00000,301.00000
116.81421,-9.25175,87.32313,21.92135,7.79799,-8.58199,-36.20086,17.76310,-116.50655,600.73203,83.16009,26.64072,-10.57384,12.71160,-44.81654,67.80078,780.00000,67350.00000,301.00000
116.62432,-9.30388,86.77428,22.13039,11.04814,-12.63011,-16.46608,39.72232,-94.71719,622.86242,66.74249,55.45462,-6.95125,8.63430,-54.94035,45.67039,780.00000,67350.00000,301.00000
116.42332,-9.32019,86.28163,22.12936,10.92507,-12.56991,-15.93443,39.96177,-94.71743,644.99179,66.13256,55.41665,-6.95752,8.64150,-54.93110,23.54102,780.00000,67350.00000,301.00000
116.22232,-9.33650,85.79014,22.12834,10.80187,-12.50956,-15.40266,40.20443,-94.71768,667.12012,65.52189,55.37897,-6.96374,8.64867,-54.92213,1.41269,780.00000,67350.00000,301.00000
116.02132,-9.35281,85.29984,22.12731,10.67854,-12.44905,-14.87079,40.45034,-94.71793,689.24743,64.91050,55.34157,-6.96990,8.65584,-54.91345,-20.71462,780.00000,67350.00000,301.00000
115.65104,-9.43690,29.71389,22.24331,5.02739,-5.71832,9.55280,53.37067,-127.29614,22.24331,17.72837,-23.84576,-11.53609,13.96025,17.91431,22.24331,780.00000,787.00000,301.00000
115.48970,-9.55807,29.34571,22.23832,4.89980,-5.65325,10.06828,54.38590,-127.30608,44.48163,17.08868,-23.85681,-11.53924,13.96386,17.90808,0.00498,780.00000,787.00000,301.00000
135.10604,-10.10463,65.57473,22.17406,21.55824,-6.14985,-6.14985,12.03423,-57.64640,22.17406,64.13361,-13.67207,7.10341,47.48936,47.48936,22.17406,780.00000,732.00000,732.00000
134.93496,-9.99787,65.49857,22.17929,21.46262,-6.04779,-6.04779,12.08687,-57.65479,44.35335,64.04654,-13.71504,7.08899,47.49345,47.49345,44.35335,780.00000,732.00000,732.00000
134.76387,-9.89111,65.42164,22.18446,21.36666,-5.94598,-5.94598,12.13933,-57.66310,66.53782,63.95875,-13.75750,7.07479,47.49743,47.49743,66.53782,780.00000,732.00000,732.00000
134.59279,-9.78435,65.34395,22.18958,21.27036,-5.84441,-5.84441,12.19161,-57.67131,88.72739,63.87023,-13.79944,7.06080,47.50129,47.50129,88.72739,780.00000,732.00000,732.00000
134.42170,-9.67759,65.26550,22.19464,21.17372,-5.74310,-5.74310,12.24370,-57.67943,110.92203,63.78099,-13.84087,7.04702,47.50505,47.50505,110.92203,780.00000,732.00000,732.00000
134.24097,-9.60534,65.19342,21.29190,22.19675,11.72964,11.72964,33.27030,-78.65096,132.21393,54.50769,-35.76443,-0.99097,46.39523,46.39523,132.21393,780.00000,732.00000,732.00000
134.04496,-9.58772,65.13212,22.11068,21.39636,21.27093,21.27093,45.42603,-90.73053,154.32461,45.71164,-46.39654,-5.61582,42.89444,42.89444,154.32461,780.00000,732.00000,732.00000
133.84331,-9.59020,65.07466,22.11052,21.29145,21.36597,21.36597,45.51103,-90.73054,176.43513,45.60250,-46.42331,-5.62833,42.88194,42.88194,176.43513,780.00000,732.00000,732.00000
133.64166,-9.59267,65.01691,22.11036,21.18627,21.46076,21.46076,45.59649,-90.73055,198.54548,45.49279,-46.45002,-5.64079,42.86938,42.86938,198.54548,780.00000,732.00000,732.00000
133.44001,-9.59515,64.95886,22.11019,21.08083,21.55529,21.55529,45.68244,-90.73056,220.65568,45.38251,-46.47667,-5.65319,42.85677,42.85677,220.65568,780.00000,732.00000,732.00000
133.23837,-9.59763,64.90052,22.11003,20.97513,21.64956,21.64956,45.76886,-90.73057,242.76571,45.27166,-46.50327,-5.66553,42.84409,42.84409,242.76571,780.00000,732.00000,732.00000
133.03672,-9.60010,64.84190,22.10987,20.86916,21.74356,21.74356,45.85576,-90.73058,264.87558,45.16024,-46.52981,-5.67781,42.83136,42.83136,264.87558,780.00000,732.00000,732.00000
132.83507,-9.60258,64.78298,22.10971,20.76294,21.83730,21.83730,45.94314,-90.73059,286.98529,45.04826,-46.55629,-5.69003,42.81856,42.81856,286.98529,780.00000,732.00000,732.00000
132.63342,-9.60506,64.72378,22.10955,20.65647,21.93078,21.93078,46.03101,-90.73060,309.09484,44.93572,-46.58272,-5.70219,42.80571,42.80571,309.09484,780.00000,732.00000,732.00000
132.43178,-9.60753,64.66431,22.10939,20.54973,22.02399,22.02399,46.11935,-90.73061,331.20422,44.82261,-46.60908,-5.71429,42.79280,42.79280,331.20422,780.00000,732.00000,732.00000
132.23155,-9.59242,64.59951,22.09805,21.13239,14.20425,14.20425,36.01798,-80.54555,353.30227,52.25018,-37.98704,-2.01207,46.01061,46.01061,353.30227,780.00000,732.00000,732.00000
132.03283,-9.55865,64.52898,22.12188,21.04783,13.80427,13.80427,35.48162,-79.93100,375.42415,52.54606,-37.45532,-1.79806,46.15272,46.15272,375.42415,780.00000,732.00000,732.00000
131.83420,-9.52381,64.45769,22.12407,20.94256,13.89910,13.89910,35.56077,-79.93195,397.54822,52.43627,-37.48641,-1.81049,46.14451,46.14451,397.54822,780.00000,732.00000,732.00000
131.63557,-9.48897,64.38595,22.12625,20.83703,13.99368,13.99368,35.64027,-79.93290,419.67447,52.32591,-37.51732,-1.82282,46.13628,46.13628,419.67447,780.00000,732.00000,732.00000
131.43694,-9.45413,64.31375,22.12843,20.73123,14.08799,14.08799,35.72011,-79.93384,441.80290,52.21496,-37.54806,-1.83504,46.12803,46.12803,441.80290,780.00000,732.00000,732.00000
131.23831,-9.41929,64.24112,22.13060,20.62517,14.18203,14.18203,35.80030,-79.93478,463.93349,52.10345,-37.57861,-1.84715,46.11975,46.11975,463.93349,780.00000,732.00000,732.00000
131.03968,-9.38446,64.16803,22.13276,20.51884,14.27581,14.27581,35.88085,-79.93571,486.06625,51.99135,-37.60899,-1.85916,46.11144,46.11144,486.06625,780.00000,732.00000,732.00000
130.84105,-9.34962,64.09451,22.13491,20.41225,14.36931,14.36931,35.96176,-79.93664,508.20116,51.87868,-37.63919,-1.87106,46.10311,46.10311,508.20116,780.00000,732.00000,732.00000
130.64242,-9.31478,64.02055,22.13705,20.30540,14.46255,14.46255,36.04302,-79.93757,530.33821,51.76545,-37.66921,-1.88286,46.09476,46.09476,530.33821,780.00000,732.00000,732.00000
130.44379,-9.27994,63.94616,22.13919,20.19830,14.55551,14.55551,36.12464,-79.93849,552.47740,51.65164,-37.69906,-1.89455,46.08639,46.08639,552.47740,780.00000,732.00000,732.00000
130.24516,-9.24510,63.87133,22.14132,20.09094,14.64820,14.64820,36.20663,-79.93941,574.61872,51.53726,-37.72873,-1.90613,46.07799,46.07799,574.61872,780.00000,732.00000,732.00000
130.04682,-9.20867,63.79562,22.14449,20.01184,13.98982,13.98982,35.35706,-79.00895,596.76322,52.02926,-36.91662,-1.59167,46.30255,46.30255,596.76322,780.00000,732.00000,732.00000
129.84885,-9.17025,63.71892,22.14793,19.91038,13.89739,13.89739,35.21006,-78.78149,618.91115,52.06114,-36.73878,-1.52346,46.35020,46.35020,618.91115,780.00000,732.00000,732.00000
129.65096,-9.13145,63.64165,22.15026,19.80248,13.98951,13.98951,35.29185,-78.78262,641.06141,51.94557,-36.76843,-1.53478,46.34225,46.34225,641.06141,780.00000,732.00000,732.00000
129.45307,-9.09264,63.56395,22.15257,19.69431,14.08135,14.08135,35.37400,-78.78374,663.21398,51.82945,-36.79789,-1.54600,46.33428,46.33428,663.21398,780.00000,732.00000,732.00000
129.25517,-9.05384,63.48582,22.15488,19.58590,14.17292,14.17292,35.45651,-78.78486,685.36886,51.71276,-36.82716,-1.55710,46.32629,46.32629,685.36886,780.00000,732.00000,732.00000
129.05728,-9.01503,63.40724,22.15717,19.47724,14.26421,14.26421,35.53937,-78.78597,707.52603,51.59550,-36.85624,-1.56809,46.31829,46.31829,707.52603,780.00000,732.00000,732.00000
128.85939,-8.97623,63.32822,22.15946,19.36833,14.35521,14.35521,35.62260,-78.78708,729.68549,51.47768,-36.88512,-1.57897,46.31027,46.31027,729.68549,780.00000,732.00000,732.00000
128.66149,-8.93743,63.24878,22.16174,19.25916,14.44593,14.44593,35.70619,-78.78818,751.84723,51.35930,-36.91382,-1.58976,46.30223,46.30223,751.84723,780.00000,732.00000,732.00000
128.46360,-8.89862,63.16891,22.16400,19.14975,14.53637,14.53637,35.79015,-78.78928,774.01123,51.24037,-36.94233,-1.60043,46.29418,46.29418,774.01123,780.00000,732.00000,732.00000
128.26570,-8.85982,63.08861,22.16626,19.04010,14.62653,14.62653,35.87448,-78.79037,796.17749,51.12087,-36.97065,-1.61100,46.28611,46.28611,796.17749,780.00000,732.00000,732.00000
128.06781,-8.82101,63.00789,22.16850,18.93021,14.71639,14.71639,35.95918,-78.79145,818.34599,51.00082,-36.99878,-1.62146,46.27803,46.27803,818.34599,780.00000,732.00000,732.00000
127.86992,-8.78221,62.92674,22.17074,18.82007,14.80597,14.80597,36.04425,-78.79253,840.51673,50.88022,-37.02672,-1.63181,46.26993,46.26993,840.51673,780.00000,732.00000,732.00000
127.67202,-8.74340,62.84518,22.17297,18.70969,14.89526,14.89526,36.12971,-78.79361,862.68970,50.75907,-37.05447,-1.64206,46.26182,46.26182,862.68970,780.00000,732.00000,732.00000
127.48119,-8.68952,62.75995,21.60474,18.61563,7.08771,7.08771,26.64095,-69.22722,884.29444,56.09698,-28.14143,1.47123,48.09555,48.09555,884.29444,780.00000,732.00000,732.00000
127.31111,-8.59139,62.66458,22.27285,17.06165,-8.60345,-8.60345,8.01767,-50.54926,906.56729,62.05204,-8.74036,7.32994,47.84649,47.84649,906.56729,780.00000,732.00000,732.00000
127.15471,-8.46408,62.56216,22.27727,16.95516,-8.51210,-8.51210,8.06346,-50.55846,928.84456,61.94363,-8.77559,7.32028,47.85136,47.85136,884.29002,780.00000,732.00000,732.00000
126.99831,-8.33677,62.45898,22.28163,16.84838,-8.42103,-8.42103,8.10897,-50.56751,951.12619,61.83449,-8.81023,7.31082,47.85610,47.85610,862.00839,780.00000,732.00000,732.00000
126.84192,-8.20946,62.35505,22.28592,16.74130,-8.33025,-8.33025,8.15419,-50.57642,973.41212,61.72463,-8.84429,7.30156,47.86072,47.86072,839.72246,780.00000,732.00000,732.00000
126.68552,-8.08215,62.25036,22.29015,16.63393,-8.23977,-8.23977,8.19913,-50.58519,995.70227,61.61406,-8.87776,7.29250,47.86521,47.86521,817.43231,780.00000,732.00000,732.00000
126.52912,-7.95485,62.14491,22.29432,16.52627,-8.14956,-8.14956,8.24378,-50.59381,1017.99659,61.50276,-8.91066,7.28364,47.86959,47.86959,795.13799,780.00000,732.00000,732.00000
126.37272,-7.82754,62.03871,22.29842,16.41831,-8.05966,-8.05966,8.28814,-50.60230,1040.29500,61.39075,-8.94297,7.27498,47.87385,47.87385,772.83958,780.00000,732.00000,732.00000
126.21632,-7.70023,61.93175,22.30245,16.31007,-7.97005,-7.97005,8.33222,-50.61064,1062.59745,61.27803,-8.97470,7.26651,47.87800,47.87800,750.53713,780.00000,732.00000,732.00000
126.05992,-7.57292,61.82405,22.30642,16.20154,-7.88073,-7.88073,8.37602,-50.61884,1084.90387,61.16460,-9.00585,7.25824,47.88203,47.88203,728.23071,780.00000,732.00000,732.00000
125.90353,-7.44561,61.71560,22.31032,16.09273,-7.79171,-7.79171,8.41954,-50.62690,1107.21419,61.05046,-9.03643,7.25016,47.88595,47.88595,705.92039,780.00000,732.00000,732.00000
125.74713,-7.31830,61.60641,22.31416,15.98364,-7.70298,-7.70298,8.46278,-50.63481,1129.52835,60.93561,-9.06643,7.24227,47.88976,47.88976,683.60623,780.00000,732.00000,732.00000
125.59073,-7.19100,61.49646,22.31793,15.87426,-7.61456,-7.61456,8.50575,-50.64259,1151.84628,60.82006,-9.09586,7.23457,47.89346,47.89346,661.28830,780.00000,732.00000,732.00000
125.43433,-7.06369,61.38577,22.32164,15.76461,-7.52643,-7.52643,8.54844,-50.65022,1174.16792,60.70380,-9.12472,7.22706,47.89706,47.89706,638.96666,780.00000,732.00000,732.00000
125.27793,-6.93638,61.27434,22.32528,15.65468,-7.43861,-7.43861,8.59085,-50.65771,1196.49320,60.58685,-9.15300,7.21973,47.90055,47.90055,616.64138,780.00000,732.00000,732.00000
125.12154,-6.80907,61.16216,22.32885,15.54448,-7.35109,-7.35109,8.63299,-50.66506,1218.82205,60.46920,-9.18072,7.21258,47.90394,47.90394,594.31253,780.00000,732.00000,732.00000
124.96514,-6.68176,61.04925,22.33236,15.43399,-7.26387,-7.26387,8.67485,-50.67227,1241.15442,60.35086,-9.20787,7.20562,47.90722,47.90722,571.98016,780.00000,732.00000,732.00000
124.80874,-6.55446,60.93560,22.33581,15.32325,-7.17696,-7.17696,8.71645,-50.67934,1263.49022,60.23182,-9.23446,7.19884,47.91040,47.91040,549.64436,780.00000,732.00000,732.00000
124.65234,-6.42715,60.82121,22.33919,15.21223,-7.09036,-7.09036,8.75777,-50.68627,1285.82941,60.11209,-9.26048,7.19224,47.91349,47.91349,527.30517,780.00000,732.00000,732.00000
124.49594,-6.29984,60.70609,22.34250,15.10094,-7.00407,-7.00407,8.79883,-50.69306,1308.17191,59.99167,-9.28594,7.18581,47.91648,47.91648,504.96267,780.00000,732.00000,732.00000
124.32733,-6.19332,60.59455,22.14809,16.26884,4.72283,4.72283,22.66440,-64.51182,1330.32000,55.91530,-23.34907,3.37973,48.19323,48.19323,482.81458,780.00000,732.00000,732.00000
124.14327,-6.11306,60.48786,22.31392,16.33655,7.83864,7.83864,26.35054,-68.13240,1352.63392,54.20288,-26.84825,2.34363,47.79407,47.79407,460.50066,780.00000,732.00000,732.00000
123.95598,-6.03828,60.38176,22.31659,16.22269,7.92331,7.92331,26.42301,-68.13503,1374.95050,54.07387,-26.86958,2.33721,47.79097,47.79097,438.18407,780.00000,732.00000,732.00000
123.76869,-5.96350,60.27513,22.31922,16.10859,8.00765,8.00765,26.49571,-68.13763,1397.26973,53.94430,-26.89059,2.33092,47.78787,47.78787,415.86485,780.00000,732.00000,732.00000
123.58141,-5.88873,60.16796,22.32183,15.99427,8.09168,8.09168,26.56865,-68.14019,1419.59155,53.81417,-26.91130,2.32475,47.78478,47.78478,393.54302,780.00000,732.00000,732.00000
123.39412,-5.81395,60.06025,22.32440,15.87973,8.17537,8.17537,26.64181,-68.14271,1441.91595,53.68349,-26.93170,2.31870,47.78169,47.78169,371.21863,780.00000,732.00000,732.00000
123.20683,-5.73918,59.95201,22.32694,15.76497,8.25874,8.25874,26.71521,-68.14521,1464.24289,53.55226,-26.95179,2.31278,47.77862,47.77862,348.89169,780.00000,732.00000,732.00000
123.01955,-5.66440,59.84324,22.32944,15.64998,8.34178,8.34178,26.78884,-68.14767,1486.57233,53.42048,-26.97157,2.30697,47.77554,47.77554,326.56225,780.00000,732.00000,732.00000
122.83226,-5.58962,59.73394,22.33192,15.53478,8.42450,8.42450,26.86271,-68.15009,1508.90425,53.28815,-26.99104,2.30128,47.77248,47.77248,304.23033,780.00000,732.00000,732.00000
122.64497,-5.51485,59.62411,22.33436,15.41936,8.50689,8.50689,26.93684,-68.15248,1531.23861,53.15528,-27.01020,2.29571,47.76943,47.76943,281.89597,780.00000,732.00000,732.00000
122.45769,-5.44007,59.51377,22.33677,15.30373,8.58895,8.58895,27.01121,-68.15484,1553.57537,53.02187,-27.02906,2.29025,47.76640,47.76640,259.55921,780.00000,732.00000,732.00000
122.27040,-5.36529,59.40291,22.33914,15.18788,8.67068,8.67068,27.08584,-68.15716,1575.91451,52.88792,-27.04762,2.28491,47.76338,47.76338,237.22007,780.00000,732.00000,732.00000
122.08311,-5.29052,59.29153,22.34148,15.07182,8.75207,8.75207,27.16072,-68.15945,1598.25600,52.75343,-27.06587,2.27968,47.76037,47.76037,214.87858,780.00000,732.00000,732.00000
121.89583,-5.21574,59.17964,22.34379,14.95556,8.83313,8.83313,27.23586,-68.16170,1620.59979,52.61840,-27.08382,2.27456,47.75737,47.75737,192.53479,780.00000,732.00000,732.00000
121.70854,-5.14097,59.06723,22.34607,14.83908,8.91386,8.91386,27.31126,-68.16392,1642.94586,52.48283,-27.10148,2.26956,47.75439,47.75439,170.18872,780.00000,732.00000,732.00000
121.53299,-5.04719,58.95004,22.05502,13.85326,-1.81568,-1.81568,14.56492,-55.35718,1665.00088,57.05558,-14.82457,5.48529,48.55000,48.55000,148.13370,780.00000,732.00000,732.00000
121.37578,-4.92376,58.82554,22.37772,12.95061,-7.75176,-7.75176,7.47274,-48.22708,1687.37860,58.32592,-7.65053,7.15191,47.95510,47.95510,125.75598,780.00000,732.00000,732.00000
121.22515,-4.78968,58.69792,22.38019,12.83497,-7.67155,-7.67155,7.50752,-48.23256,1709.75879,58.19474,-7.66925,7.14777,47.95758,47.95758,103.37579,780.00000,732.00000,732.00000
121.07452,-4.65559,58.56959,22.38260,12.71910,-7.59167,-7.59167,7.54199,-48.23789,1732.14140,58.06290,-7.68742,7.14377,47.95996,47.95996,80.99318,780.00000,732.00000,732.00000
120.92389,-4.52151,58.44054,22.38494,12.60300,-7.51211,-7.51211,7.57616,-48.24306,1754.52634,57.93038,-7.70503,7.13992,47.96226,47.96226,58.60824,780.00000,732.00000,732.00000
120.77326,-4.38742,58.31078,22.38721,12.48666,-7.43288,-7.43288,7.61002,-48.24807,1776.91355,57.79720,-7.72208,7.13623,47.96446,47.96446,36.22103,780.00000,732.00000,732.00000
120.62263,-4.25334,58.18031,22.38941,12.37010,-7.35397,-7.35397,7.64359,-48.25293,1799.30296,57.66336,-7.73859,7.13268,47.96657,47.96657,13.83162,780.00000,732.00000,732.00000
4.73732,38.82094,31.96775,22.23106,31.88308,20.50573,0.00000,4.17094,-83.50555,22.23106,31.88308,2.32509,2.32509,2.34066,0.00000,22.23106,304.00000,0.00000,301.00000
4.48231,38.84327,31.83605,22.22417,31.74432,20.52604,0.00000,4.35046,-83.50351,44.45524,31.74432,2.41499,2.41499,2.39863,0.00000,44.45524,304.00000,0.00000,301.00000
4.22731,38.86561,31.70404,22.21728,31.60496,20.54593,0.00000,4.53093,-83.50148,66.67252,31.60496,2.50453,2.50453,2.45668,0.00000,66.67252,304.00000,0.00000,301.00000
3.97230,38.88795,31.57172,22.21039,31.46500,20.56538,0.00000,4.71236,-83.49944,88.88291,31.46500,2.59373,2.59373,2.51482,0.00000,88.88291,304.00000,0.00000,301.00000
3.71706,38.90178,31.43913,22.11284,31.43913,20.72878,0.00000,0.00238,-88.38420,110.99575,31.43913,-0.00131,-0.00131,0.81127,0.00000,110.99575,304.00000,0.00000,301.00000
3.46141,38.89989,31.30623,22.16099,31.22978,20.76080,0.00000,4.00504,-92.53877,133.15673,31.22978,-2.18656,-2.18656,-0.63546,0.00000,133.15673,304.00000,0.00000,301.00000
3.20559,38.89078,31.17297,22.16382,31.10222,20.78818,0.00000,3.86089,-92.53845,155.32056,31.10222,-2.09901,-2.09901,-0.57710,0.00000,155.32056,304.00000,0.00000,301.00000
2.94978,38.88168,31.03928,22.16666,30.97402,20.81515,0.00000,3.71626,-92.53813,177.48722,30.97402,-2.01182,-2.01182,-0.51867,0.00000,177.48722,304.00000,0.00000,301.00000
2.69401,38.87478,30.90519,22.14308,30.88038,20.84678,0.00000,2.29592,-91.26534,199.63030,30.88038,-1.23808,-1.23808,0.00249,0.00000,199.63030,304.00000,0.00000,301.00000
2.43860,38.88279,30.77074,22.20419,30.64594,20.69522,0.00000,5.16213,-83.97407,221.83449,30.64594,2.76858,2.76858,2.70774,0.00000,221.83449,304.00000,0.00000,301.00000
2.18346,38.90347,30.63599,22.19779,30.50267,20.71220,0.00000,5.34718,-83.97232,244.03228,30.50267,2.85498,2.85498,2.76624,0.00000,244.03228,304.00000,0.00000,301.00000
1.92831,38.92416,30.50096,22.19139,30.35884,20.72875,0.00000,5.53327,-83.97056,266.22367,30.35884,2.94102,2.94102,2.82482,0.00000,266.22367,304.00000,0.00000,301.00000
1.67317,38.94484,30.36564,22.18499,30.21442,20.74487,0.00000,5.72043,-83.96880,288.40867,30.21442,3.02668,3.02668,2.88348,0.00000,288.40867,304.00000,0.00000,301.00000
1.41802,38.96553,30.23004,22.17859,30.06943,20.76057,0.00000,5.90869,-83.96704,310.58725,30.06943,3.11198,3.11198,2.94221,0.00000,310.58725,304.00000,0.00000,301.00000
1.16291,38.98663,30.09418,22.17592,29.91024,20.76312,0.00000,6.33796,-83.72591,332.76318,29.91024,3.32218,3.32218,3.08773,0.00000,288.41133,304.00000,0.00000,301.00000
0.90784,39.00816,29.95807,22.16936,29.76339,20.77738,0.00000,6.53554,-83.71811,354.93253,29.76339,3.40981,3.40981,3.14873,0.00000,266.24197,304.00000,0.00000,301.00000
0.65276,39.02970,29.82170,22.16268,29.61631,20.79154,0.00000,6.72840,-83.71619,377.09521,29.61631,3.49400,3.49400,3.20767,0.00000,244.07929,304.00000,0.00000,301.00000
0.39769,39.05123,29.68507,22.15601,29.46867,20.80527,0.00000,6.92243,-83.71428,399.25122,29.46867,3.57781,3.57781,3.26667,0.00000,221.92329,304.00000,0.00000,301.00000
0.14262,39.07277,29.54817,22.14933,29.32047,20.81856,0.00000,7.11766,-83.71236,421.40055,29.32047,3.66123,3.66123,3.32574,0.00000,199.77396,304.00000,0.00000,301.00000
-0.11246,39.09431,29.41103,22.14264,29.17171,20.83143,0.00000,7.31410,-83.71045,443.54319,29.17171,3.74428,3.74428,3.38487,0.00000,177.63131,304.00000,0.00000,301.00000
-0.36694,39.11957,29.27402,22.13885,28.85759,20.69933,0.00000,9.67578,-81.54958,465.68204,28.85759,4.92016,4.92016,4.22643,0.00000,155.49246,304.00000,0.00000,301.00000
-0.61847,39.16327,29.13873,22.44753,27.65671,19.85524,0.00000,18.35213,-73.09982,488.12958,27.65671,9.17451,9.17451,7.27928,0.00000,133.04493,304.00000,0.00000,301.00000
-0.86770,39.22169,29.00488,22.43044,27.48814,19.85540,0.00000,18.61098,-73.08652,510.56002,27.48814,9.25665,9.25665,7.33843,0.00000,110.61449,304.00000,0.00000,301.00000
-1.11692,39.28011,28.87103,22.41333,27.31905,19.85509,0.00000,18.87183,-73.07319,532.97334,27.31905,9.33840,9.33840,7.39767,0.00000,88.20116,304.00000,0.00000,301.00000
-1.36615,39.33853,28.73716,22.39620,27.14945,19.85431,0.00000,19.13470,-73.05982,555.36954,27.14945,9.41976,9.41976,7.45698,0.00000,65.80497,304.00000,0.00000,301.00000
-1.61537,39.39695,28.60330,22.37904,26.97935,19.85306,0.00000,19.39960,-73.04641,577.74858,26.97935,9.50072,9.50072,7.51637,0.00000,43.42592,304.00000,0.00000,301.00000
-1.86460,39.45537,28.46944,22.36187,26.80873,19.85134,0.00000,19.66658,-73.03296,600.11045,26.80873,9.58127,9.58127,7.57584,0.00000,21.06405,304.00000,0.00000,301.00000
-2.11383,39.51380,28.33559,22.34468,26.63761,19.84916,0.00000,19.93566,-73.01948,622.45513,26.63761,9.66144,9.66144,7.63538,0.00000,-1.28063,304.00000,0.00000,301.00000
-4.08843,40.18884,27.29081,22.39734,25.60876,22.75518,0.00000,20.22114,-75.15268,22.39734,25.60876,9.43292,9.43292,7.42053,0.00000,22.39734,304.00000,0.00000,317.00000
-4.34340,40.24017,27.15459,22.38148,25.43448,22.76917,0.00000,20.50286,-75.14189,44.77882,25.43448,9.51101,9.51101,7.49018,0.00000,44.77882,304.00000,0.00000,317.00000
-4.59836,40.29151,27.01843,22.36560,25.25971,22.78262,0.00000,20.78690,-75.13108,67.14442,25.25971,9.58866,9.58866,7.55995,0.00000,67.14442,304.00000,0.00000,317.00000
-4.85333,40.34284,26.88232,22.34971,25.08447,22.79552,0.00000,21.07329,-75.12024,89.49413,25.08447,9.66586,9.66586,7.62984,0.00000,89.49413,304.00000,0.00000,317.00000
-5.10829,40.39417,26.74629,22.33381,24.90874,22.80787,0.00000,21.36206,-75.10937,111.82794,24.90874,9.74261,9.74261,7.69985,0.00000,111.82794,304.00000,0.00000,317.00000
-5.36325,40.44551,26.61033,22.31789,24.73255,22.81967,0.00000,21.65324,-75.09848,134.14583,24.73255,9.81890,9.81890,7.76998,0.00000,134.14583,304.00000,0.00000,317.00000
-5.61822,40.49684,26.47448,22.30195,24.55590,22.83093,0.00000,21.94686,-75.08756,156.44778,24.55590,9.89474,9.89474,7.84022,0.00000,156.44778,304.00000,0.00000,317.00000
-5.87318,40.54818,26.33871,22.28599,24.37877,22.84164,0.00000,22.24296,-75.07661,178.73377,24.37877,9.97012,9.97012,7.91058,0.00000,178.73377,304.00000,0.00000,317.00000
-6.12815,40.59951,26.20306,22.27002,24.20119,22.85179,0.00000,22.54158,-75.06563,201.00379,24.20119,10.04504,10.04504,7.98105,0.00000,201.00379,304.00000,0.00000,317.00000
-6.38318,40.65049,26.06746,22.24526,24.05873,22.88966,0.00000,22.64005,-75.25677,223.24906,24.05873,10.03442,10.03442,7.97098,0.00000,178.75853,304.00000,0.00000,317.00000
-6.63864,40.69926,25.93150,22.18743,24.06624,23.04585,0.00000,21.86410,-76.32149,245.43649,24.06624,9.65706,9.65706,7.61078,0.00000,156.57110,304.00000,0.00000,317.00000
-6.89446,40.74616,25.79527,22.17266,23.88950,23.05603,0.00000,22.16224,-76.31218,267.60915,23.88950,9.73076,9.73076,7.68164,0.00000,134.39844,304.00000,0.00000,317.00000
-7.15027,40.79307,25.65914,22.15788,23.71230,23.06566,0.00000,22.46296,-76.30286,289.76704,23.71230,9.80400,9.80400,7.75260,0.00000,112.24055,304.00000,0.00000,317.00000
-7.40609,40.83997,25.52314,22.14309,23.53466,23.07475,0.00000,22.76628,-76.29351,311.91013,23.53466,9.87677,9.87677,7.82366,0.00000,90.09746,304.00000,0.00000,317.00000
-7.66191,40.88687,25.38728,22.12829,23.35658,23.08328,0.00000,23.07225,-76.28414,334.03841,23.35658,9.94906,9.94906,7.89482,0.00000,67.96917,304.00000,0.00000,317.00000
-7.91772,40.93378,25.25155,22.11347,23.17807,23.09128,0.00000,23.38090,-76.27475,356.15188,23.17807,10.02087,10.02087,7.96608,0.00000,45.85571,304.00000,0.00000,317.00000
-8.17354,40.98068,25.11597,22.09863,22.99912,23.09874,0.00000,23.69227,-76.26533,378.25051,22.99912,10.09221,10.09221,8.03743,0.00000,23.75707,304.00000,0.00000,317.00000
-8.42936,41.02758,24.98056,22.08379,22.81974,23.10564,0.00000,24.00640,-76.25590,400.33430,22.81974,10.16306,10.16306,8.10888,0.00000,1.67329,304.00000,0.00000,317.00000
8.58890,37.54720,32.44336,24.43633,6.87577,-1.01908,0.00000,77.76443,-175.90376,24.43633,6.87577,-31.70639,-31.70639,-33.95565,0.00000,24.43633,307.00000,0.00000,304.00000
8.56913,37.32800,32.40152,24.43669,6.68905,-1.14297,0.00000,78.08605,-175.89183,48.87302,6.68905,-31.70355,-31.70355,-33.95610,0.00000,48.87302,307.00000,0.00000,304.00000
8.54936,37.10880,32.36076,24.43706,6.50216,-1.26692,0.00000,78.40882,-175.87996,73.31008,6.50216,-31.70080,-31.70080,-33.95661,0.00000,73.31008,307.00000,0.00000,304.00000
8.52959,36.88960,32.32109,24.43742,6.31510,-1.39092,0.00000,78.73270,-175.86816,97.74750,6.31510,-31.69815,-31.69815,-33.95716,0.00000,97.74750,307.00000,0.00000,304.00000
8.50982,36.67039,32.28252,24.43778,6.12788,-1.51499,0.00000,79.05770,-175.85641,122.18529,6.12788,-31.69559,-31.69559,-33.95776,0.00000,122.18529,307.00000,0.00000,304.00000
8.49005,36.45119,32.24505,24.43815,5.94050,-1.63909,0.00000,79.38376,-175.84473,146.62343,5.94050,-31.69311,-31.69311,-33.95840,0.00000,146.62343,307.00000,0.00000,304.00000
8.47028,36.23199,32.20868,24.43851,5.75296,-1.76325,0.00000,79.71089,-175.83310,171.06194,5.75296,-31.69073,-31.69073,-33.95910,0.00000,171.06194,307.00000,0.00000,304.00000
8.45051,36.01279,32.17342,24.43887,5.56526,-1.88746,0.00000,80.03905,-175.82154,195.50081,5.56526,-31.68843,-31.68843,-33.95984,0.00000,195.50081,307.00000,0.00000,304.00000
8.43083,35.79358,32.13935,24.43975,5.35637,-2.03426,0.00000,80.40626,-175.84808,219.94056,5.35637,-31.68985,-31.68985,-33.95933,0.00000,219.94056,307.00000,0.00000,304.00000
8.41217,35.57428,32.10715,24.44613,4.94860,-2.39389,0.00000,81.13379,-176.23363,244.38669,4.94860,-31.72350,-31.72350,-33.94487,0.00000,244.38669,307.00000,0.00000,304.00000
8.39444,35.35491,32.07677,24.44642,4.75912,-2.51966,0.00000,81.46772,-176.22342,268.83311,4.75912,-31.72176,-31.72176,-33.94575,0.00000,268.83311,307.00000,0.00000,304.00000
8.37671,35.13553,32.04754,24.44671,4.56950,-2.64546,0.00000,81.80254,-176.21326,293.27982,4.56950,-31.72010,-31.72010,-33.94667,0.00000,293.27982,307.00000,0.00000,304.00000
8.35898,34.91616,32.01946,24.44699,4.37975,-2.77130,0.00000,82.13821,-176.20315,317.72681,4.37975,-31.71851,-31.71851,-33.94763,0.00000,317.72681,307.00000,0.00000,304.00000
8.34124,34.69678,31.99255,24.44728,4.18987,-2.89716,0.00000,82.47470,-176.19311,342.17409,4.18987,-31.71700,-31.71700,-33.94863,0.00000,342.17409,307.00000,0.00000,304.00000
8.32351,34.47741,31.96679,24.44756,3.99987,-3.02303,0.00000,82.81198,-176.18311,366.62165,3.99987,-31.71556,-31.71556,-33.94967,0.00000,366.62165,307.00000,0.00000,304.00000
8.30578,34.25803,31.94221,24.44785,3.80974,-3.14894,0.00000,83.15004,-176.17318,391.06950,3.80974,-31.71420,-31.71420,-33.95075,0.00000,391.06950,307.00000,0.00000,304.00000
8.28805,34.03865,31.91879,24.44813,3.61949,-3.27486,0.00000,83.48884,-176.16329,415.51763,3.61949,-31.71291,-31.71291,-33.95186,0.00000,415.51763,307.00000,0.00000,304.00000
8.26563,33.82358,31.89316,23.56925,4.67968,-2.05775,0.00000,81.56254,-173.89500,439.08688,4.67968,-31.54797,-31.54797,-34.05795,0.00000,439.08688,307.00000,0.00000,304.00000
8.14352,33.70017,31.79575,20.48220,31.39496,31.81772,0.00000,9.10686,-101.25787,459.56908,31.39496,-5.03252,-5.03252,-12.18256,0.00000,459.56908,307.00000,0.00000,304.00000
7.92642,33.66402,31.62881,20.49048,31.23681,31.72858,0.00000,9.02998,-101.25329,480.05955,31.23681,-4.96418,-4.96418,-12.11322,0.00000,480.05955,307.00000,0.00000,304.00000
7.70932,33.62787,31.46144,20.49875,31.07811,31.63889,0.00000,8.95316,-101.24872,500.55831,31.07811,-4.89625,-4.89625,-12.04414,0.00000,500.55831,307.00000,0.00000,304.00000
7.49222,33.59172,31.29365,20.50702,30.91886,31.54866,0.00000,8.87642,-101.24416,521.06533,30.91886,-4.82873,-4.82873,-11.97533,0.00000,521.06533,307.00000,0.00000,304.00000
7.27511,33.55557,31.12544,20.51528,30.75906,31.45787,0.00000,8.79977,-101.23960,541.58061,30.75906,-4.76163,-4.76163,-11.90678,0.00000,541.58061,307.00000,0.00000,304.00000
7.05801,33.51942,30.95682,20.52353,30.59873,31.36653,0.00000,8.72319,-101.23506,562.10414,30.59873,-4.69494,-4.69494,-11.83850,0.00000,562.10414,307.00000,0.00000,304.00000
6.84091,33.48327,30.78778,20.53178,30.43785,31.27466,0.00000,8.64669,-101.23052,582.63592,30.43785,-4.62867,-4.62867,-11.77048,0.00000,541.57237,307.00000,0.00000,304.00000
6.62381,33.44712,30.61832,20.54001,30.27643,31.18223,0.00000,8.57026,-101.22599,603.17594,30.27643,-4.56281,-4.56281,-11.70273,0.00000,521.03235,307.00000,0.00000,304.00000
6.40671,33.41097,30.44845,20.54824,30.11448,31.08926,0.00000,8.49390,-101.22147,623.72418,30.11448,-4.49736,-4.49736,-11.63525,0.00000,500.48411,307.00000,0.00000,304.00000
6.18960,33.37482,30.27817,20.55646,29.95199,30.99575,0.00000,8.41761,-101.21695,644.28064,29.95199,-4.43233,-4.43233,-11.56804,0.00000,479.92765,307.00000,0.00000,304.00000
5.97250,33.33867,30.10748,20.56468,29.78898,30.90170,0.00000,8.34138,-101.21245,664.84532,29.78898,-4.36772,-4.36772,-11.50109,0.00000,459.36297,307.00000,0.00000,304.00000
5.75540,33.30252,29.93638,20.57288,29.62544,30.80711,0.00000,8.26523,-101.20795,685.41821,29.62544,-4.30352,-4.30352,-11.43442,0.00000,438.79008,307.00000,0.00000,304.00000
5.53830,33.26637,29.76487,20.58108,29.46137,30.71199,0.00000,8.18913,-101.20346,705.99929,29.46137,-4.23975,-4.23975,-11.36801,0.00000,418.20900,307.00000,0.00000,304.00000
5.32120,33.23022,29.59296,20.58927,29.29678,30.61633,0.00000,8.11310,-101.19898,726.58856,29.29678,-4.17638,-4.17638,-11.30188,0.00000,397.61973,307.00000,0.00000,304.00000
5.10409,33.19407,29.42064,20.59745,29.13167,30.52013,0.00000,8.03712,-101.19450,747.18601,29.13167,-4.11344,-4.11344,-11.23602,0.00000,377.02228,307.00000,0.00000,304.00000
4.89771,33.12606,29.25466,21.33088,25.79644,24.71840,0.00000,28.14105,-121.31027,768.51689,25.79644,-13.79778,-13.79778,-20.97492,0.00000,355.69140,307.00000,0.00000,304.00000
4.70263,33.02470,29.09544,21.44527,25.42823,24.30993,0.00000,29.07794,-122.18350,789.96216,25.42823,-14.14035,-14.14035,-21.30281,0.00000,334.24613,307.00000,0.00000,304.00000
4.50807,32.92182,28.93622,21.46315,25.27951,24.23403,0.00000,29.11692,-122.15354,811.42531,25.27951,-14.08017,-14.08017,-21.24519,0.00000,312.78298,307.00000,0.00000,304.00000
4.31350,32.81895,28.77668,21.48099,25.13011,24.15746,0.00000,29.15793,-122.12372,832.90631,25.13011,-14.02054,-14.02054,-21.18794,0.00000,291.30198,307.00000,0.00000,304.00000
4.11893,32.71607,28.61683,21.49879,24.98002,24.08021,0.00000,29.20101,-122.09403,854.40510,24.98002,-13.96144,-13.96144,-21.13105,0.00000,269.80319,307.00000,0.00000,304.00000
3.92436,32.61320,28.45666,21.51655,24.82925,24.00229,0.00000,29.24619,-122.06447,875.92165,24.82925,-13.90288,-13.90288,-21.07452,0.00000,248.28664,307.00000,0.00000,304.00000
3.72979,32.51032,28.29619,21.53426,24.67781,23.92371,0.00000,29.29350,-122.03504,897.45591,24.67781,-13.84486,-13.84486,-21.01835,0.00000,226.75238,307.00000,0.00000,304.00000
3.53523,32.40745,28.13542,21.55193,24.52569,23.84445,0.00000,29.34299,-122.00575,919.00783,24.52569,-13.78739,-13.78739,-20.96255,0.00000,205.20046,307.00000,0.00000,304.00000
3.34066,32.30457,27.97435,21.56955,24.37292,23.76453,0.00000,29.39467,-121.97658,940.57738,24.37292,-13.73044,-13.73044,-20.90711,0.00000,183.63091,307.00000,0.00000,304.00000
3.14567,32.20257,27.81268,21.55219,24.34975,23.88312,0.00000,28.89685,-121.39757,962.12957,24.34975,-13.44004,-13.44004,-20.62312,0.00000,162.07872,307.00000,0.00000,304.00000
2.94713,32.10795,27.64815,21.37391,25.09910,25.22474,0.00000,24.79640,-117.22914,983.50347,25.09910,-11.59550,-11.59550,-18.79129,0.00000,140.70481,307.00000,0.00000,304.00000
2.74544,32.01984,27.48102,21.39018,24.94112,25.13874,0.00000,24.82746,-117.20679,1004.89365,24.94112,-11.53893,-11.53893,-18.73436,0.00000,119.31463,307.00000,0.00000,304.00000
2.54376,31.93173,27.31355,21.40642,24.78253,25.05210,0.00000,24.86042,-117.18453,1026.30007,24.78253,-11.48286,-11.48286,-18.67777,0.00000,97.90822,307.00000,0.00000,304.00000
2.34207,31.84362,27.14574,21.42262,24.62331,24.96485,0.00000,24.89532,-117.16236,1047.72269,24.62331,-11.42732,-11.42732,-18.62153,0.00000,76.48560,307.00000,0.00000,304.00000
2.14039,31.75551,26.97760,21.43878,24.46349,24.87697,0.00000,24.93218,-117.14028,1069.16147,24.46349,-11.37228,-11.37228,-18.56564,0.00000,55.04682,307.00000,0.00000,304.00000
1.93871,31.66740,26.80914,21.45491,24.30305,24.78848,0.00000,24.97104,-117.11829,1090.61637,24.30305,-11.31775,-11.31775,-18.51011,0.00000,33.59192,307.00000,0.00000,304.00000
1.73702,31.57929,26.64035,21.47099,24.14202,24.69937,0.00000,25.01192,-117.09639,1112.08737,24.14202,-11.26372,-11.26372,-18.45492,0.00000,12.12092,307.00000,0.00000,304.00000
1.53534,31.49118,26.47125,21.48705,23.98037,24.60964,0.00000,25.05488,-117.07457,1133.57441,23.98037,-11.21021,-11.21021,-18.40009,0.00000,-9.36612,307.00000,0.00000,304.00000
-68.02667,-8.23288,50.16100,22.16258,30.74583,75.71762,43.97964,52.21986,-79.70859,22.16258,-30.73029,-39.64561,-38.34236,-94.02920,15.55422,22.16258,902.00000,2031.00000,224.00000
-68.22481,-8.19723,49.89829,22.16451,31.04587,74.82723,43.88470,52.58132,-79.70943,44.32709,-30.31994,-39.63005,-38.35811,-94.06758,15.53182,44.32709,902.00000,2031.00000,224.00000
-68.42295,-8.16157,49.63751,22.16643,31.34564,73.93605,43.78917,52.94725,-79.71027,66.49352,-29.90909,-39.61476,-38.37395,-94.10535,15.50957,66.49352,902.00000,2031.00000,224.00000
-68.62109,-8.12591,49.37871,22.16834,31.64512,73.04409,43.69306,53.31767,-79.71111,88.66186,-29.49774,-39.59974,-38.38988,-94.14251,15.48745,88.66186,902.00000,2031.00000,224.00000
-68.81923,-8.09026,49.12191,22.17024,31.94433,72.15135,43.59637,53.69264,-79.71194,110.83211,-29.08590,-39.58500,-38.40588,-94.17905,15.46548,110.83211,902.00000,2031.00000,224.00000
-69.01737,-8.05460,48.86717,22.17214,32.24327,71.25787,43.49910,54.07217,-79.71277,133.00425,-28.67358,-39.57052,-38.42196,-94.21498,15.44366,133.00425,902.00000,2031.00000,224.00000
-69.21551,-8.01894,48.61455,22.17402,32.54190,70.36364,43.40124,54.45631,-79.71360,155.17827,-28.26079,-39.55632,-38.43813,-94.25031,15.42198,155.17827,902.00000,2031.00000,224.00000
-69.41365,-7.98329,48.36408,22.17590,32.84025,69.46867,43.30280,54.84508,-79.71442,177.35417,-27.84751,-39.54238,-38.45437,-94.28505,15.40044,177.35417,902.00000,2031.00000,224.00000
-69.61179,-7.94763,48.11581,22.17777,33.13831,68.57298,43.20379,55.23852,-79.71523,199.53194,-27.43378,-39.52872,-38.47068,-94.31918,15.37906,199.53194,902.00000,2031.00000,224.00000
-69.80993,-7.91197,47.86979,22.17963,33.43607,67.67657,43.10420,55.63666,-79.71605,221.71157,-27.01958,-39.51531,-38.48707,-94.35272,15.35781,221.71157,902.00000,2031.00000,224.00000
-70.00807,-7.87632,47.62607,22.18148,33.73352,66.77947,43.00403,56.03952,-79.71685,243.89306,-26.60492,-39.50217,-38.50353,-94.38567,15.33670,243.89306,902.00000,2031.00000,224.00000
-70.20621,-7.84066,47.38470,22.18333,34.03067,65.88169,42.90329,56.44715,-79.71766,266.07639,-26.18980,-39.48929,-38.52006,-94.41803,15.31575,266.07639,902.00000,2031.00000,224.00000
-70.40435,-7.80500,47.14572,22.18517,34.32751,64.98322,42.80198,56.85955,-79.71846,288.26155,-25.77425,-39.47667,-38.53666,-94.44982,15.29493,288.26155,902.00000,2031.00000,224.00000
-70.60249,-7.76934,46.90919,22.18699,34.62403,64.08409,42.70009,57.27675,-79.71926,310.44855,-25.35825,-39.46431,-38.55333,-94.48102,15.27426,310.44855,902.00000,2031.00000,224.00000
-70.80063,-7.73369,46.67516,22.18881,34.92024,63.18430,42.59764,57.69878,-79.72005,332.63736,-24.94182,-39.45220,-38.57007,-94.51165,15.25373,332.63736,902.00000,2031.00000,224.00000
-70.99342,-7.68178,46.47776,22.00149,41.30474,77.55100,39.25791,68.00471,-69.86059,354.63885,-17.40734,-43.09486,-32.01318,-82.40610,22.29480,354.63885,902.00000,2031.00000,224.00000
-71.17741,-7.60316,46.33949,22.22785,44.86992,85.24736,36.47412,74.79099,-63.55694,376.86670,-12.15675,-44.71646,-27.28693,-73.47700,26.44844,376.86670,902.00000,2031.00000,224.00000
-71.35797,-7.51411,46.22669,22.23152,45.17025,84.35220,36.37581,75.28505,-63.56151,399.09822,-11.74205,-44.71052,-27.30930,-73.51913,26.43034,399.09822,902.00000,2031.00000,224.00000
-71.53852,-7.42505,46.11749,22.23516,45.47023,83.45628,36.27688,75.78216,-63.56603,421.33338,-11.32688,-44.70486,-27.33154,-73.56032,26.41251,421.33338,902.00000,2031.00000,224.00000
-71.71908,-7.33600,46.01192,22.23874,45.76986,82.55961,36.17732,76.28224,-63.57049,443.57212,-10.91123,-44.69946,-27.35367,-73.60058,26.39493,443.57212,902.00000,2031.00000,224.00000
-71.89963,-7.24695,45.91003,22.24229,46.06913,81.66220,36.07714,76.78524,-63.57489,465.81441,-10.49511,-44.69433,-27.37568,-73.63993,26.37762,465.81441,902.00000,2031.00000,224.00000
-72.08018,-7.15789,45.81184,22.24579,46.36804,80.76408,35.97634,77.29106,-63.57924,488.06021,-10.07854,-44.68946,-27.39756,-73.67838,26.36056,488.06021,902.00000,2031.00000,224.00000
-72.26074,-7.06884,45.71739,22.24925,46.66658,79.86525,35.87492,77.79963,-63.58353,510.30946,-9.66151,-44.68485,-27.41931,-73.71593,26.34377,465.81095,902.00000,2031.00000,224.00000
-72.44129,-6.97978,45.62672,22.25267,46.96475,78.96573,35.77289,78.31089,-63.58776,532.56214,-9.24403,-44.68048,-27.44092,-73.75260,26.32723,443.55828,902.00000,2031.00000,224.00000
-72.62185,-6.89073,45.53985,22.25605,47.26255,78.06553,35.67024,78.82475,-63.59194,554.81818,-8.82610,-44.67637,-27.46240,-73.78839,26.31095,421.30224,902.00000,2031.00000,224.00000
-72.80240,-6.80167,45.45681,22.25938,47.55997,77.16465,35.56698,79.34113,-63.59606,577.07756,-8.40775,-44.67249,-27.48373,-73.82332,26.29492,399.04286,902.00000,2031.00000,224.00000
-72.98296,-6.71262,45.37763,22.26267,47.85700,76.26313,35.46310,79.85994,-63.60012,599.34023,-7.98896,-44.66885,-27.50493,-73.85739,26.27914,376.78019,902.00000,2031.00000,224.00000
-73.16351,-6.62356,45.30235,22.26591,48.15365,75.36096,35.35862,80.38111,-63.60413,621.60614,-7.56974,-44.66544,-27.52597,-73.89062,26.26363,354.51428,902.00000,2031.00000,224.00000
-73.34407,-6.53451,45.23098,22.26911,48.44990,74.45816,35.25352,80.90453,-63.60808,643.87525,-7.15011,-44.66226,-27.54685,-73.92301,26.24836,332.24517,902.00000,2031.00000,224.00000
-73.52462,-6.44545,45.16355,22.27227,48.74576,73.55475,35.14782,81.43013,-63.61198,666.14752,-6.73007,-44.65930,-27.56758,-73.95458,26.23334,309.97289,902.00000,2031.00000,224.00000
-73.70517,-6.35640,45.10009,22.27539,49.04122,72.65073,35.04151,81.95780,-63.61582,688.42291,-6.30961,-44.65655,-27.58816,-73.98534,26.21857,287.69750,902.00000,2031.00000,224.00000
-73.88573,-6.26735,45.04064,22.27846,49.33628,71.74613,34.93460,82.48745,-63.61960,710.70138,-5.88876,-44.65402,-27.60857,-74.01530,26.20405,265.41904,902.00000,2031.00000,224.00000
-74.06628,-6.17829,44.98520,22.28149,49.63092,70.84095,34.82709,83.01899,-63.62333,732.98287,-5.46751,-44.65170,-27.62881,-74.04446,26.18978,243.13755,902.00000,2031.00000,224.00000
-74.24684,-6.08924,44.93379,22.28448,49.92516,69.93520,34.71897,83.55233,-63.62700,755.26735,-5.04588,-44.64958,-27.64888,-74.07284,26.17576,220.85307,902.00000,2031.00000,224.00000
-74.42739,-6.00018,44.88645,22.28742,50.21898,69.02891,34.61025,84.08734,-63.63061,777.55477,-4.62386,-44.64766,-27.66877,-74.10045,26.16199,198.56565,902.00000,2031.00000,224.00000
-74.60952,-5.91447,44.83515,22.28658,49.45880,65.34655,35.44021,82.51282,-65.74409,799.84135,-5.84222,-44.45288,-29.52382,-76.60124,24.85832,176.27907,902.00000,2031.00000,224.00000
-74.79324,-5.83216,44.77972,22.28952,49.73185,64.38869,35.34593,83.01161,-65.78443,822.13087,-5.44827,-44.44704,-29.57513,-76.66834,24.82171,153.98955,902.00000,2031.00000,224.00000
-74.97700,-5.74991,44.72823,22.29222,50.02371,63.48022,35.23489,83.54945,-65.78742,844.42309,-5.02502,-44.44506,-29.59399,-76.69252,24.80836,131.69733,902.00000,2031.00000,224.00000
-75.16075,-5.66766,44.68084,22.29488,50.31515,62.57127,35.12325,84.08896,-65.79037,866.71797,-4.60142,-44.44327,-29.61269,-76.71601,24.79525,109.40244,902.00000,2031.00000,224.00000
-75.34451,-5.58541,44.63756,22.29751,50.60616,61.66185,35.01104,84.63003,-65.79327,889.01548,-4.17747,-44.44166,-29.63122,-76.73882,24.78237,87.10494,902.00000,2031.00000,224.00000
-75.52826,-5.50316,44.59843,22.30009,50.89674,60.75197,34.89824,85.17256,-65.79612,911.31557,-3.75318,-44.44022,-29.64959,-76.76098,24.76972,64.80485,902.00000,2031.00000,224.00000
-75.71201,-5.42091,44.56344,22.30264,51.18687,59.84165,34.78487,85.71644,-65.79893,933.61821,-3.32856,-44.43895,-29.66779,-76.78248,24.75729,42.50221,902.00000,2031.00000,224.00000
-75.89577,-5.33866,44.53262,22.30514,51.47657,58.93091,34.67092,86.26156,-65.80170,955.92335,-2.90360,-44.43786,-29.68582,-76.80334,24.74509,20.19707,902.00000,2031.00000,224.00000
-76.07952,-5.25641,44.50599,22.30761,51.76583,58.01975,34.55639,86.80782,-65.80442,978.23096,-2.47832,-44.43693,-29.70368,-76.82356,24.73312,-2.11055,902.00000,2031.00000,224.00000
-76.26328,-5.17416,44.48355,22.31005,52.05463,57.10818,34.44129,87.35510,-65.80709,1000.54101,-2.05273,-44.43616,-29.72136,-76.84316,24.72138,-24.42059,902.00000,2031.00000,224.00000
-76.40647,-5.03367,44.61930,22.23049,58.31941,93.69666,7.36545,47.93735,-21.61964,22.23049,29.89238,-33.12594,15.07254,-15.68291,41.68043,22.23049,902.00000,2031.00000,224.00000
-76.48041,-4.84781,44.91446,22.23133,58.61901,92.80921,7.25045,47.53356,-21.62502,44.46182,30.32437,-33.13218,15.06043,-15.70223,41.67891,44.46182,902.00000,2031.00000,224.00000
-76.55434,-4.66194,45.21164,22.23215,58.91780,91.92071,7.13503,47.13502,-21.63020,66.69396,30.75626,-33.13827,15.04871,-15.72065,41.67748,66.69396,902.00000,2031.00000,224.00000
-76.62828,-4.47608,45.51079,22.23293,59.21576,91.03118,7.01921,46.74166,-21.63517,88.92689,31.18804,-33.14420,15.03739,-15.73818,41.67612,88.92689,902.00000,2031.00000,224.00000
-76.70221,-4.29022,45.81187,22.23368,59.51288,90.14063,6.90296,46.35342,-21.63993,111.16057,31.61972,-33.14997,15.02648,-15.75484,41.67484,111.16057,902.00000,2031.00000,224.00000
-76.77615,-4.10435,46.11483,22.23440,59.80917,89.24907,6.78630,45.97022,-21.64449,133.39497,32.05129,-33.15558,15.01598,-15.77063,41.67363,133.39497,902.00000,2031.00000,224.00000
-76.85008,-3.91849,46.41962,22.23509,60.10463,88.35651,6.66923,45.59199,-21.64884,155.63006,32.48274,-33.16101,15.00589,-15.78557,41.67250,155.63006,902.00000,2031.00000,224.00000
-76.92402,-3.73263,46.72618,22.23575,60.39924,87.46298,6.55175,45.21867,-21.65298,177.86581,32.91406,-33.16626,14.99622,-15.79967,41.67144,177.86581,902.00000,2031.00000,224.00000
-76.99795,-3.54676,47.03448,22.23637,60.69301,86.56848,6.43386,44.85017,-21.65692,200.10218,33.34526,-33.17132,14.98697,-15.81296,41.67045,200.10218,902.00000,2031.00000,224.00000
-77.07189,-3.36090,47.34447,22.23696,60.98593,85.67301,6.31557,44.48643,-21.66064,222.33914,33.77632,-33.17618,14.97816,-15.82544,41.66953,222.33914,902.00000,2031.00000,224.00000
-77.14582,-3.17504,47.65608,22.23752,61.27799,84.77660,6.19687,44.12739,-21.66416,244.57666,34.20723,-33.18084,14.96978,-15.83712,41.66867,244.57666,902.00000,2031.00000,224.00000
-77.21958,-2.98913,47.96953,22.23151,61.54189,83.90802,6.00212,43.66934,-21.56345,266.80817,34.69812,-33.12274,15.07333,-15.69489,41.67895,266.80817,902.00000,2031.00000,224.00000
-77.26174,-2.79629,48.32396,22.24211,53.87173,83.68296,-7.63977,24.90187,-3.07971,289.05028,43.83129,-20.34754,33.84888,11.56895,41.41255,289.05028,902.00000,2031.00000,224.00000
-77.27250,-2.59655,48.71812,22.24212,54.16025,82.78566,-7.76353,24.68786,-3.08019,311.29240,44.26512,-20.34832,33.84793,11.56748,41.41268,311.29240,902.00000,2031.00000,224.00000
-77.28326,-2.39681,49.11246,22.24213,54.44807,81.88733,-7.88726,24.47749,-3.08064,333.53453,44.69843,-20.34905,33.84704,11.56613,41.41281,289.05027,902.00000,2031.00000,224.00000
-77.29402,-2.19708,49.50695,22.24214,54.73517,80.98798,-8.01094,24.27067,-3.08105,355.77667,45.13122,-20.34972,33.84622,11.56491,41.41293,266.80813,902.00000,2031.00000,224.00000
-77.30477,-1.99734,49.90159,22.24215,55.02157,80.08763,-8.13458,24.06731,-3.08143,378.01882,45.56349,-20.35035,33.84546,11.56380,41.41304,244.56599,902.00000,2031.00000,224.00000
-77.31553,-1.79760,50.29634,22.24215,55.30726,79.18630,-8.25817,23.86733,-3.08176,400.26097,45.99524,-20.35092,33.84478,11.56281,41.41314,222.32383,902.00000,2031.00000,224.00000
-77.33790,-1.59967,50.67874,22.13187,59.18095,79.09908,-3.46262,30.38691,-9.82325,422.39285,43.71696,-25.63517,27.10121,2.23969,42.10353,200.19196,902.00000,2031.00000,224.00000
-77.38017,-1.40484,51.04024,22.24176,61.53232,78.10781,-0.03449,34.94784,-14.64441,444.63460,41.83635,-29.23741,22.01851,-4.37972,42.25077,177.95020,902.00000,2031.00000,224.00000
-77.43076,-1.21132,51.39360,22.24187,61.81629,77.20329,-0.15680,34.67522,-14.64540,466.87647,42.26560,-29.23905,22.01610,-4.38275,42.25077,155.70833,902.00000,2031.00000,224.00000
-77.48134,-1.01779,51.74770,22.24196,62.09939,76.29786,-0.27936,34.40633,-14.64624,489.11843,42.69450,-29.24046,22.01405,-4.38531,42.25078,133.46637,902.00000,2031.00000,224.00000
-77.53192,-0.82426,52.10250,22.24204,62.38160,75.39152,-0.40216,34.14110,-14.64691,511.36047,43.12305,-29.24164,22.01234,-4.38739,42.25079,111.22433,902.00000,2031.00000,224.00000
-77.58251,-0.63074,52.45798,22.24210,62.66292,74.48428,-0.52520,33.87947,-14.64743,533.60257,43.55125,-29.24258,22.01098,-4.38901,42.25080,88.98223,902.00000,2031.00000,224.00000
-77.65832,-0.44772,52.77528,22.22861,66.55696,69.62153,10.81489,49.28560,-30.35953,555.83118,34.42473,-40.00210,4.18059,-24.27339,40.83098,66.75362,902.00000,2031.00000,224.00000
-77.75976,-0.27540,53.05458,22.24212,66.85384,68.60577,10.86985,49.18613,-30.61007,578.07330,34.67668,-40.15366,3.88798,-24.57656,40.78342,44.51150,902.00000,2031.00000,224.00000
-77.86162,-0.10324,53.33495,22.24218,67.13234,67.69578,10.74605,48.83917,-30.61017,600.31548,35.10372,-40.15402,3.88729,-24.57726,40.78331,22.26933,902.00000,2031.00000,224.00000
-77.96347,0.06891,53.61698,22.24218,67.40999,66.78519,10.62175,48.49566,-30.61004,622.55766,35.53072,-40.15405,3.88722,-24.57733,40.78330,0.02715,902.00000,2031.00000,224.00000
-78.06532,0.24107,53.90062,22.24213,67.68678,65.87402,10.49694,48.15558,-30.60968,644.79979,35.95766,-40.15375,3.88779,-24.57677,40.78339,-22.21499,902.00000,2031.00000,224.00000
-78.23770,0.41271,54.80676,22.26364,56.36843,36.26832,33.18997,43.89028,-68.12028,22.26364,39.49752,-37.99641,-38.26167,-59.17277,25.15309,22.26364,902.00000,2015.00000,224.00000
-78.42351,0.48732,55.12558,22.26345,56.64488,35.35631,33.04533,43.57070,-68.11996,44.52709,39.93983,-37.99526,-38.26003,-59.17173,25.15406,44.52709,902.00000,2015.00000,224.00000
-78.60931,0.56193,55.44573,22.26322,56.92082,34.44416,32.90016,43.25486,-68.11960,66.79031,40.38183,-37.99390,-38.25811,-59.17055,25.15517,66.79031,902.00000,2015.00000,224.00000
-78.79512,0.63654,55.76717,22.26296,57.19625,33.53189,32.75447,42.94273,-68.11921,89.05327,40.82353,-37.99233,-38.25590,-59.16924,25.15644,89.05327,902.00000,2015.00000,224.00000
-78.98092,0.71116,56.08987,22.26267,57.47115,32.61950,32.60827,42.63424,-68.11879,111.31594,41.26489,-37.99055,-38.25342,-59.16780,25.15786,111.31594,902.00000,2015.00000,224.00000
-79.16673,0.78577,56.41378,22.26234,57.74554,31.70701,32.46154,42.32935,-68.11833,133.57828,41.70593,-37.98855,-38.25064,-59.16625,25.15942,133.57828,902.00000,2015.00000,224.00000
-79.34472,0.87487,56.75985,22.15161,63.51278,40.08633,27.74419,32.60793,-58.66816,155.72989,47.81324,-30.58716,-28.22515,-53.23069,30.13711,155.72989,902.00000,2015.00000,224.00000
-79.51204,0.98377,57.13520,22.26193,65.36912,42.30968,25.73095,28.92656,-55.21419,177.99182,50.00704,-27.63562,-24.33636,-50.74445,31.75065,177.99182,902.00000,2015.00000,224.00000
-79.67650,1.09799,57.51851,22.26138,65.64106,41.39649,25.58220,28.71183,-55.21305,200.25320,50.44643,-27.63215,-24.33183,-50.74156,31.75242,200.25320,902.00000,2015.00000,224.00000
-79.84095,1.21220,57.90204,22.26078,65.91237,40.48320,25.43291,28.49978,-55.21181,222.51398,50.88541,-27.62827,-24.32678,-50.73842,31.75438,222.51398,902.00000,2015.00000,224.00000
-80.00540,1.32642,58.28579,22.26012,66.18306,39.56983,25.28307,28.29035,-55.21046,244.77410,51.32397,-27.62396,-24.32122,-50.73505,31.75651,244.77410,902.00000,2015.00000,224.00000
-80.16986,1.44063,58.66972,22.25939,66.45311,38.65639,25.13268,28.08350,-55.20900,267.03349,51.76209,-27.61923,-24.31513,-50.73145,31.75883,267.03349,902.00000,2015.00000,224.00000
-80.33431,1.55485,59.05382,22.25861,66.72253,37.74289,24.98175,27.87916,-55.20744,289.29210,52.19978,-27.61405,-24.30851,-50.72765,31.76132,289.29210,902.00000,2015.00000,224.00000
-80.49877,1.66907,59.43806,22.25777,66.99130,36.82934,24.83028,27.67728,-55.20577,311.54987,52.63703,-27.60844,-24.30135,-50.72366,31.76398,311.54987,902.00000,2015.00000,224.00000
-80.66322,1.78328,59.82242,22.25687,67.25943,35.91578,24.67826,27.47783,-55.20399,333.80674,53.07382,-27.60239,-24.29366,-50.71949,31.76682,333.80674,902.00000,2015.00000,224.00000
-80.82768,1.89750,60.20688,22.25591,67.52691,35.00219,24.52571,27.28074,-55.20211,356.06264,53.51015,-27.59588,-24.28542,-50.71516,31.76983,356.06264,902.00000,2015.00000,224.00000
-80.99213,2.01171,60.59143,22.25489,67.79374,34.08861,24.37263,27.08596,-55.20012,378.31753,53.94602,-27.58890,-24.27664,-50.71068,31.77300,378.31753,902.00000,2015.00000,224.00000
-81.15659,2.12593,60.97603,22.25380,68.05991,33.17503,24.21902,26.89346,-55.19802,400.57133,54.38143,-27.58146,-24.26731,-50.70606,31.77634,400.57133,902.00000,2015.00000,224.00000
-81.32104,2.24014,61.36068,22.25266,68.32542,32.26147,24.06488,26.70317,-55.19582,422.82400,54.81635,-27.57355,-24.25743,-50.70132,31.77984,422.82400,902.00000,2015.00000,224.00000
-81.48549,2.35436,61.74534,22.25146,68.59027,31.34796,23.91021,26.51505,-55.19351,445.07546,55.25079,-27.56516,-24.24699,-50.69646,31.78350,445.07546,902.00000,2015.00000,224.00000
-81.64995,2.46858,62.13002,22.25020,68.85445,30.43450,23.75502,26.32907,-55.19109,467.32567,55.68474,-27.55628,-24.23598,-50.69152,31.78731,467.32567,902.00000,2015.00000,224.00000
-81.81306,2.58440,62.51628,22.21313,69.60729,30.57095,22.93219,24.95564,-53.99521,489.53880,56.67943,-26.37665,-22.78238,-50.05108,32.27744,489.53880,902.00000,2015.00000,224.00000
-81.96485,2.71379,62.91601,22.25162,72.56071,37.06857,17.48248,15.87075,-45.05350,511.79042,60.51772,-17.20552,-11.65718,-44.75794,35.44007,511.79042,902.00000,2015.00000,224.00000
-82.10665,2.85515,63.32727,22.25028,72.82054,36.15385,17.32521,15.75469,-45.04989,534.04071,60.94825,-17.19458,-11.64408,-44.75135,35.44321,534.04071,902.00000,2015.00000,224.00000
-82.24846,2.99651,63.73801,22.24888,73.07956,35.23917,17.16741,15.63974,-45.04610,556.28958,61.37817,-17.18299,-11.63026,-44.74459,35.44647,556.28958,902.00000,2015.00000,224.00000
-82.39026,3.13787,64.14825,22.24740,73.33778,34.32452,17.00908,15.52586,-45.04214,578.53699,61.80746,-17.17077,-11.61573,-44.73768,35.44986,578.53699,902.00000,2015.00000,224.00000
-82.53206,3.27923,64.55795,22.24586,73.59519,33.40992,16.85023,15.41300,-45.03800,600.78285,62.23613,-17.15788,-11.60047,-44.73065,35.45337,556.29112,902.00000,2015.00000,224.00000
-82.67386,3.42060,64.96712,22.24426,73.85179,32.49538,16.69086,15.30116,-45.03369,623.02711,62.66417,-17.14434,-11.58448,-44.72350,35.45701,534.04687,902.00000,2015.00000,224.00000
-82.81566,3.56196,65.37573,22.24258,74.10757,31.58093,16.53098,15.19031,-45.02921,645.26969,63.09156,-17.13014,-11.56776,-44.71626,35.46076,511.80429,902.00000,2015.00000,224.00000
-82.95746,3.70332,65.78379,22.24084,74.36254,30.66657,16.37058,15.08040,-45.02454,667.51052,63.51831,-17.11525,-11.55031,-44.70894,35.46463,489.56345,902.00000,2015.00000,224.00000
-83.09926,3.84468,66.19127,22.23902,74.61668,29.75232,16.20966,14.97143,-45.01971,689.74955,63.94439,-17.09968,-11.53211,-44.70156,35.46861,467.32443,902.00000,2015.00000,224.00000
-83.24106,3.98604,66.59818,22.23715,74.86999,28.83819,16.04823,14.86337,-45.01469,711.98669,64.36982,-17.08343,-11.51317,-44.69414,35.47270,445.08728,902.00000,2015.00000,224.00000
-83.38286,4.12740,67.00449,22.23520,75.12246,27.92420,15.88630,14.75619,-45.00951,734.22189,64.79458,-17.06647,-11.49348,-44.68669,35.47689,422.85209,902.00000,2015.00000,224.00000
-83.52466,4.26876,67.41021,22.23318,75.37410,27.01035,15.72386,14.64986,-45.00414,756.45508,65.21867,-17.04881,-11.47303,-44.67922,35.48119,400.61890,902.00000,2015.00000,224.00000
-83.66646,4.41012,67.81532,22.23110,75.62490,26.09667,15.56092,14.54436,-44.99861,778.68618,65.64207,-17.03043,-11.45183,-44.67177,35.48558,378.38780,902.00000,2015.00000,224.00000
-83.80826,4.55149,68.21980,22.22895,75.87485,25.18316,15.39748,14.43968,-44.99289,800.91513,66.06479,-17.01133,-11.42986,-44.66433,35.49007,356.15885,902.00000,2015.00000,224.00000
-83.94624,4.69644,68.62604,22.22259,76.61719,26.57567,13.35286,11.34141,-41.98374,823.13773,67.28597,-13.49564,-7.40953,-43.29976,36.24804,333.93625,902.00000,2015.00000,224.00000
-84.07939,4.84592,69.03459,22.22951,76.95826,26.25321,12.68991,10.47260,-41.19145,845.36724,67.88461,-12.54809,-6.33296,-42.92943,36.43061,311.70674,902.00000,2015.00000,224.00000
-84.21153,4.99635,69.44303,22.22733,77.20404,25.33917,12.52497,10.39261,-41.18485,867.59457,68.30380,-12.52699,-6.30907,-42.92143,36.43452,289.47941,902.00000,2015.00000,224.00000
-84.34368,5.14678,69.85071,22.22509,77.44891,24.42531,12.35956,10.31305,-41.17807,889.81965,68.72222,-12.50511,-6.28438,-42.91348,36.43849,267.25432,902.00000,2015.00000,224.00000
-84.47583,5.29720,70.25762,22.22277,77.69286,23.51166,12.19366,10.23389,-41.17108,912.04243,69.13987,-12.48245,-6.25887,-42.90560,36.44253,245.03155,902.00000,2015.00000,224.00000
-84.60797,5.44763,70.66377,22.22040,77.93589,22.59823,12.02728,10.15511,-41.16390,934.26282,69.55675,-12.45899,-6.23255,-42.89780,36.44662,222.81116,902.00000,2015.00000,224.00000
-84.74012,5.59805,71.06914,22.21795,78.17800,21.68503,11.86043,10.07671,-41.15652,956.48077,69.97285,-12.43472,-6.20541,-42.89010,36.45077,200.59320,902.00000,2015.00000,224.00000
-84.87226,5.74848,71.47373,22.21544,78.41918,20.77206,11.69311,9.99867,-41.14894,978.69621,70.38817,-12.40965,-6.17743,-42.88252,36.45499,178.37776,902.00000,2015.00000,224.00000
-85.00441,5.89891,71.87752,22.21287,78.65943,19.85935,11.52531,9.92098,-41.14116,1000.90908,70.80269,-12.38377,-6.14863,-42.87506,36.45924,156.16490,902.00000,2015.00000,224.00000
-85.13656,6.04933,72.28051,22.21022,78.89874,18.94692,11.35704,9.84362,-41.13319,1023.11930,71.21640,-12.35705,-6.11900,-42.86777,36.46355,133.95467,902.00000,2015.00000,224.00000
-85.26870,6.19976,72.68270,22.20752,79.13711,18.03477,11.18831,9.76658,-41.12502,1045.32682,71.62931,-12.32951,-6.08852,-42.86064,36.46789,111.74716,902.00000,2015.00000,224.00000
-85.40085,6.35018,73.08407,22.20474,79.37453,17.12292,11.01911,9.68985,-41.11666,1067.53156,72.04140,-12.30113,-6.05721,-42.85370,36.47228,89.54241,902.00000,2015.00000,224.00000
-85.53299,6.50061,73.48462,22.20190,79.61101,16.21137,10.84945,9.61341,-41.10809,1089.73347,72.45268,-12.27190,-6.02504,-42.84695,36.47670,67.34051,902.00000,2015.00000,224.00000
-85.66514,6.65103,73.88434,22.19900,79.84653,15.30016,10.67933,9.53725,-41.09933,1111.93247,72.86312,-12.24181,-5.99203,-42.84042,36.48116,45.14151,902.00000,2015.00000,224.00000
-85.79729,6.80146,74.28322,22.19603,80.08109,14.38929,10.50876,9.46136,-41.09037,1134.12849,73.27273,-12.21086,-5.95817,-42.83414,36.48565,22.94548,902.00000,2015.00000,224.00000
-85.92943,6.95189,74.68127,22.19299,80.31470,13.47877,10.33773,9.38574,-41.08121,1156.32149,73.68149,-12.17905,-5.92344,-42.82811,36.49016,0.75249,902.00000,2015.00000,224.00000
-78.95663,11.68265,103.16986,22.30245,79.14981,-29.44860,-29.44860,36.67069,-17.28828,22.30245,82.75061,61.61458,16.24686,18.06558,18.06558,22.30245,902.00000,2000.00000,101.00000
-79.01752,11.87416,103.41422,22.30107,79.37310,-29.50630,-29.50630,36.59367,-17.27685,44.60352,83.02956,61.64896,16.27972,18.05336,18.05336,44.60352,902.00000,2000.00000,101.00000
-79.07841,12.06566,103.65800,22.29968,79.59527,-29.56375,-29.56375,36.51778,-17.26524,66.90320,83.30705,61.68400,16.31322,18.04092,18.04092,66.90320,902.00000,2000.00000,101.00000
-79.13431,12.25859,103.89653,22.30847,78.88752,-30.49495,-30.49495,39.33895,-14.35417,89.21167,80.35456,65.86072,20.35777,16.50819,16.50819,89.21167,902.00000,2000.00000,101.00000
-79.18461,12.45312,104.12934,22.31277,78.97752,-30.65325,-30.65325,39.61456,-13.98375,111.52445,80.21617,66.39492,20.88297,16.30475,16.30475,111.52445,902.00000,2000.00000,101.00000
-79.23428,12.64784,104.36109,22.31179,79.19613,-30.70797,-30.70797,39.53025,-13.97351,133.83623,80.49252,66.42432,20.91190,16.29353,16.29353,133.83623,902.00000,2000.00000,101.00000
-79.28396,12.84255,104.59233,22.31079,79.41363,-30.76240,-30.76240,39.44703,-13.96310,156.14702,80.76749,66.45426,20.94135,16.28212,16.28212,156.14702,902.00000,2000.00000,101.00000
-79.33364,13.03726,104.82308,22.30977,79.63002,-30.81654,-30.81654,39.36489,-13.95254,178.45679,81.04108,66.48476,20.97133,16.27051,16.27051,178.45679,902.00000,2000.00000,101.00000
-79.38331,13.23197,105.05332,22.30874,79.84529,-30.87039,-30.87039,39.28383,-13.94183,200.76553,81.31327,66.51582,21.00184,16.25871,16.25871,200.76553,902.00000,2000.00000,101.00000
-79.43299,13.42668,105.28305,22.30770,80.05944,-30.92394,-30.92394,39.20384,-13.93096,223.07323,81.58406,66.54743,21.03288,16.24671,16.24671,223.07323,902.00000,2000.00000,101.00000
-79.48267,13.62140,105.51224,22.30664,80.27247,-30.97719,-30.97719,39.12491,-13.91993,245.37987,81.85346,66.57961,21.06445,16.23452,16.23452,245.37987,902.00000,2000.00000,101.00000
-79.53234,13.81611,105.74091,22.30557,80.48438,-31.03015,-31.03015,39.04704,-13.90875,267.68545,82.12146,66.61236,21.09654,16.22215,16.22215,267.68545,902.00000,2000.00000,101.00000
-79.58202,14.01082,105.96903,22.30449,80.69516,-31.08282,-31.08282,38.97022,-13.89742,289.98993,82.38805,66.64566,21.12917,16.20957,16.20957,289.98993,902.00000,2000.00000,101.00000
-79.63170,14.20553,106.19659,22.30339,80.90481,-31.13518,-31.13518,38.89445,-13.88592,312.29332,82.65323,66.67953,21.16234,16.19680,16.19680,312.29332,902.00000,2000.00000,101.00000
-79.68137,14.40025,106.42360,22.30227,81.11332,-31.18724,-31.18724,38.81972,-13.87428,334.59559,82.91700,66.71398,21.19605,16.18384,16.18384,334.59559,902.00000,2000.00000,101.00000
-79.71784,14.59737,106.63748,22.32934,77.89228,-33.06852,-33.06852,46.17081,-6.43016,356.92494,73.84761,76.92908,31.55718,11.99680,11.99680,356.92494,902.00000,2000.00000,101.00000
-79.74072,14.79699,106.83809,22.33541,77.98475,-33.15948,-33.15948,46.28101,-6.21342,379.26035,73.83815,77.21596,31.85998,11.86815,11.86815,379.26035,902.00000,2000.00000,101.00000
-79.76321,14.99668,107.03809,22.33517,78.19308,-33.20606,-33.20606,46.18065,-6.20766,401.59551,74.11177,77.23081,31.87564,11.86149,11.86149,401.59551,902.00000,2000.00000,101.00000
-79.78571,15.19636,107.23781,22.33492,78.40037,-33.25226,-33.25226,46.08119,-6.20184,423.93043,74.38426,77.24591,31.89156,11.85474,11.85474,423.93043,902.00000,2000.00000,101.00000
-79.80820,15.39605,107.43726,22.33467,78.60660,-33.29808,-33.29808,45.98262,-6.19593,446.26511,74.65563,77.26126,31.90773,11.84788,11.84788,446.26511,902.00000,2000.00000,101.00000
-79.83070,15.59574,107.63641,22.33442,78.81178,-33.34352,-33.34352,45.88494,-6.18995,468.59953,74.92586,77.27685,31.92415,11.84093,11.84093,468.59953,902.00000,2000.00000,101.00000
-79.85320,15.79542,107.83528,22.33417,79.01590,-33.38858,-33.38858,45.78815,-6.18390,490.93369,75.19498,77.29270,31.94082,11.83388,11.83388,490.93369,902.00000,2000.00000,101.00000
-79.87569,15.99511,108.03384,22.33391,79.21895,-33.43326,-33.43326,45.69224,-6.17777,513.26760,75.46296,77.30881,31.95773,11.82674,11.82674,513.26760,902.00000,2000.00000,101.00000
-79.89819,16.19479,108.23209,22.33365,79.42095,-33.47756,-33.47756,45.59720,-6.17157,535.60125,75.72980,77.32517,31.97490,11.81949,11.81949,535.60125,902.00000,2000.00000,101.00000
-79.94138,16.38901,108.44713,22.06585,84.48807,-30.39092,-30.39092,33.69420,-17.98648,557.66710,90.22913,60.16215,15.02392,18.42456,18.42456,557.66710,902.00000,2000.00000,101.00000
-80.01291,16.57573,108.68489,22.20299,85.58386,-28.95878,-28.95878,29.30156,-22.32027,579.87010,94.77930,53.19107,8.61564,20.66085,20.66085,579.87010,902.00000,2000.00000,101.00000
-80.09207,16.76043,108.92800,22.19990,85.78215,-29.01433,-29.01433,29.27190,-22.30072,602.07000,95.01890,53.26086,8.67864,20.63954,20.63954,602.07000,902.00000,2000.00000,101.00000
-80.17123,16.94513,109.17013,22.19678,85.97926,-29.06967,-29.06967,29.24323,-22.28095,624.26678,95.25681,53.33158,8.74249,20.61795,20.61795,624.26678,902.00000,2000.00000,101.00000
-80.25039,17.12983,109.41129,22.19363,86.17517,-29.12480,-29.12480,29.21553,-22.26097,646.46041,95.49305,53.40324,8.80717,20.59608,20.59608,646.46041,902.00000,2000.00000,101.00000
-80.32955,17.31453,109.65146,22.19045,86.36988,-29.17972,-29.17972,29.18883,-22.24078,668.65086,95.72761,53.47586,8.87269,20.57395,20.57395,624.26996,902.00000,2000.00000,101.00000
-80.40871,17.49923,109.89065,22.18723,86.56340,-29.23443,-29.23443,29.16309,-22.22037,690.83809,95.96049,53.54941,8.93904,20.55153,20.55153,602.08273,902.00000,2000.00000,101.00000
-80.48787,17.68393,110.12884,22.18399,86.75571,-29.28893,-29.28893,29.13832,-22.19974,713.02208,96.19168,53.62391,9.00624,20.52884,20.52884,579.89874,902.00000,2000.00000,101.00000
-80.56702,17.86863,110.36604,22.18072,86.94682,-29.34321,-29.34321,29.11452,-22.17890,735.20279,96.42117,53.69935,9.07428,20.50588,20.50588,557.71803,902.00000,2000.00000,101.00000
-80.64618,18.05333,110.60224,22.17741,87.13672,-29.39727,-29.39727,29.09168,-22.15785,757.38021,96.64897,53.77575,9.14316,20.48264,20.48264,535.54061,902.00000,2000.00000,101.00000
-80.72534,18.23803,110.83742,22.17408,87.32541,-29.45113,-29.45113,29.06979,-22.13658,779.55429,96.87507,53.85309,9.21288,20.45911,20.45911,513.36654,902.00000,2000.00000,101.00000
-80.80450,18.42273,111.07160,22.17072,87.51288,-29.50475,-29.50475,29.04885,-22.11510,801.72500,97.09946,53.93139,9.28346,20.43531,20.43531,491.19582,902.00000,2000.00000,101.00000
-80.88295,18.60772,111.30429,22.16984,87.62839,-29.70665,-29.70665,29.44746,-21.67437,823.89484,96.92455,54.71999,9.99532,20.19465,20.19465,469.02598,902.00000,2000.00000,101.00000
-80.95655,18.79463,111.53284,22.20562,87.30424,-30.59239,-30.59239,31.86785,-19.20911,846.10046,94.72127,58.88509,13.79718,18.88415,18.88415,446.82036,902.00000,2000.00000,101.00000
-81.02599,18.98320,111.75774,22.20291,87.48601,-30.64248,-30.64248,31.83867,-19.18896,868.30337,94.94232,58.95548,13.86205,18.86142,18.86142,424.61745,902.00000,2000.00000,101.00000
-81.09544,19.17177,111.98171,22.20018,87.66654,-30.69232,-30.69232,31.81042,-19.16861,890.50355,95.16170,59.02672,13.92769,18.83844,18.83844,402.41728,902.00000,2000.00000,101.00000
-81.16488,19.36034,112.20474,22.19743,87.84584,-30.74190,-30.74190,31.78310,-19.14805,912.70097,95.37942,59.09881,13.99409,18.81520,18.81520,380.21985,902.00000,2000.00000,101.00000
-81.23432,19.54891,112.42681,22.19465,88.02389,-30.79122,-30.79122,31.75671,-19.12731,934.89562,95.59546,59.17176,14.06127,18.79170,18.79170,358.02520,902.00000,2000.00000,101.00000
-81.30377,19.73748,112.64794,22.19185,88.20070,-30.84028,-30.84028,31.73125,-19.10636,957.08747,95.80982,59.24556,14.12921,18.76793,18.76793,335.83335,902.00000,2000.00000,101.00000
-81.37321,19.92605,112.86811,22.18903,88.37625,-30.88907,-30.88907,31.70669,-19.08522,979.27650,96.02251,59.32021,14.19793,18.74391,18.74391,313.64432,902.00000,2000.00000,101.00000
-81.44266,20.11461,113.08732,22.18618,88.55056,-30.93761,-30.93761,31.68306,-19.06388,1001.46268,96.23352,59.39572,14.26742,18.71962,18.71962,291.45814,902.00000,2000.00000,101.00000
-81.51210,20.30318,113.30555,22.18332,88.72361,-30.98588,-30.98588,31.66033,-19.04234,1023.64600,96.44283,59.47209,14.33768,18.69508,18.69508,269.27483,902.00000,2000.00000,101.00000
-81.58154,20.49175,113.52283,22.18042,88.89540,-31.03388,-31.03388,31.63850,-19.02061,1045.82642,96.65046,59.54931,14.40872,18.67028,18.67028,247.09440,902.00000,2000.00000,101.00000
-81.65099,20.68032,113.73912,22.17751,89.06593,-31.08161,-31.08161,31.61757,-18.99868,1068.00393,96.85639,59.62740,14.48054,18.64521,18.64521,224.91689,902.00000,2000.00000,101.00000
-81.72043,20.86889,113.95443,22.17458,89.23520,-31.12908,-31.12908,31.59754,-18.97655,1090.17851,97.06062,59.70635,14.55313,18.61988,18.61988,202.74231,902.00000,2000.00000,101.00000
-81.78988,21.05746,114.16876,22.17162,89.40319,-31.17628,-31.17628,31.57840,-18.95423,1112.35013,97.26315,59.78616,14.62649,18.59430,18.59430,180.57069,902.00000,2000.00000,101.00000
-81.85932,21.24603,114.38210,22.16864,89.56991,-31.22321,-31.22321,31.56015,-18.93171,1134.51877,97.46398,59.86683,14.70063,18.56845,18.56845,158.40205,902.00000,2000.00000,101.00000
-81.92876,21.43460,114.59444,22.16564,89.73536,-31.26988,-31.26988,31.54277,-18.90899,1156.68442,97.66310,59.94836,14.77555,18.54233,18.54233,136.23641,902.00000,2000.00000,101.00000
-81.99821,21.62316,114.80579,22.16262,89.89953,-31.31626,-31.31626,31.52628,-18.88607,1178.84703,97.86050,60.03076,14.85126,18.51596,18.51596,114.07379,902.00000,2000.00000,101.00000
-82.06765,21.81173,115.01614,22.15957,90.06242,-31.36238,-31.36238,31.51066,-18.86296,1201.00661,98.05619,60.11402,14.92774,18.48932,18.48932,91.91421,902.00000,2000.00000,101.00000
-82.13613,22.00064,115.22490,22.16481,90.07655,-31.58322,-31.58322,32.04297,-18.29210,1223.17142,97.67044,61.13316,15.86571,18.16157,18.16157,69.74940,902.00000,2000.00000,101.00000
-82.20199,22.19047,115.43110,22.18130,89.96144,-31.92292,-31.92292,32.97088,-17.32421,1245.35271,96.84061,62.81907,17.42618,17.61113,17.61113,47.56811,902.00000,2000.00000,101.00000
-82.26619,22.38089,115.63533,22.17862,90.11968,-31.96647,-31.96647,32.95173,-17.30193,1267.53133,97.03297,62.89779,17.49930,17.58519,17.58519,25.38949,902.00000,2000.00000,101.00000
-82.33039,22.57131,115.83859,22.17592,90.27663,-32.00973,-32.00973,32.93344,-17.27946,1289.70725,97.22364,62.97732,17.57315,17.55900,17.55900,3.21357,902.00000,2000.00000,101.00000
-68.02667,-8.23288,50.16100,22.16258,30.74583,75.71762,43.97964,52.21986,-79.70859,22.16258,-30.73029,-39.64561,-38.34236,-94.02920,15.55422,22.16258,902.00000,2031.00000,224.00000
-68.22481,-8.19723,49.89829,22.16451,31.04587,74.82723,43.88470,52.58132,-79.70943,44.32709,-30.31994,-39.63005,-38.35811,-94.06758,15.53182,44.32709,902.00000,2031.00000,224.00000
-68.42295,-8.16157,49.63751,22.16643,31.34564,73.93605,43.78917,52.94725,-79.71027,66.49352,-29.90909,-39.61476,-38.37395,-94.10535,15.50957,66.49352,902.00000,2031.00000,224.00000
-68.62109,-8.12591,49.37871,22.16834,31.64512,73.04409,43.69306,53.31767,-79.71111,88.66186,-29.49774,-39.59974,-38.38988,-94.14251,15.48745,88.66186,902.00000,2031.00000,224.00000
-68.81923,-8.09026,49.12191,22.17024,31.94433,72.15135,43.59637,53.69264,-79.71194,110.83211,-29.08590,-39.58500,-38.40588,-94.17905,15.46548,110.83211,902.00000,2031.00000,224.00000
-69.01737,-8.05460,48.86717,22.17214,32.24327,71.25787,43.49910,54.07217,-79.71277,133.00425,-28.67358,-39.57052,-38.42196,-94.21498,15.44366,133.00425,902.00000,2031.00000,224.00000
-69.21551,-8.01894,48.61455,22.17402,32.54190,70.36364,43.40124,54.45631,-79.71360,155.17827,-28.26079,-39.55632,-38.43813,-94.25031,15.42198,155.17827,902.00000,2031.00000,224.00000
-69.41365,-7.98329,48.36408,22.17590,32.84025,69.46867,43.30280,54.84508,-79.71442,177.35417,-27.84751,-39.54238,-38.45437,-94.28505,15.40044,177.35417,902.00000,2031.00000,224.00000
-69.61179,-7.94763,48.11581,22.17777,33.13831,68.57298,43.20379,55.23852,-79.71523,199.53194,-27.43378,-39.52872,-38.47068,-94.31918,15.37906,199.53194,902.00000,2031.00000,224.00000
-69.80993,-7.91197,47.86979,22.17963,33.43607,67.67657,43.10420,55.63666,-79.71605,221.71157,-27.01958,-39.51531,-38.48707,-94.35272,15.35781,221.71157,902.00000,2031.00000,224.00000
-70.00807,-7.87632,47.62607,22.18148,33.73352,66.77947,43.00403,56.03952,-79.71685,243.89306,-26.60492,-39.50217,-38.50353,-94.38567,15.33670,243.89306,902.00000,2031.00000,224.00000
-70.20621,-7.84066,47.38470,22.18333,34.03067,65.88169,42.90329,56.44715,-79.71766,266.07639,-26.18980,-39.48929,-38.52006,-94.41803,15.31575,266.07639,902.00000,2031.00000,224.00000
-70.40435,-7.80500,47.14572,22.18517,34.32751,64.98322,42.80198,56.85955,-79.71846,288.26155,-25.77425,-39.47667,-38.53666,-94.44982,15.29493,288.26155,902.00000,2031.00000,224.00000
-70.60249,-7.76934,46.90919,22.18699,34.62403,64.08409,42.70009,57.27675,-79.71926,310.44855,-25.35825,-39.46431,-38.55333,-94.48102,15.27426,310.44855,902.00000,2031.00000,224.00000
-70.80063,-7.73369,46.67516,22.18881,34.92024,63.18430,42.59764,57.69878,-79.72005,332.63736,-24.94182,-39.45220,-38.57007,-94.51165,15.25373,332.63736,902.00000,2031.00000,224.00000
-70.99342,-7.68178,46.47776,22.00149,41.30474,77.55100,39.25791,68.00471,-69.86059,354.63885,-17.40734,-43.09486,-32.01318,-82.40610,22.29480,354.63885,902.00000,2031.00000,224.00000
-71.17741,-7.60316,46.33949,22.22785,44.86992,85.24736,36.47412,74.79099,-63.55694,376.86670,-12.15675,-44.71646,-27.28693,-73.47700,26.44844,376.86670,902.00000,2031.00000,224.00000
-71.35797,-7.51411,46.22669,22.23152,45.17025,84.35220,36.37581,75.28505,-63.56151,399.09822,-11.74205,-44.71052,-27.30930,-73.51913,26.43034,399.09822,902.00000,2031.00000,224.00000
-71.53852,-7.42505,46.11749,22.23516,45.47023,83.45628,36.27688,75.78216,-63.56603,421.33338,-11.32688,-44.70486,-27.33154,-73.56032,26.41251,421.33338,902.00000,2031.00000,224.00000
-71.71908,-7.33600,46.01192,22.23874,45.76986,82.55961,36.17732,76.28224,-63.57049,443.57212,-10.91123,-44.69946,-27.35367,-73.60058,26.39493,443.57212,902.00000,2031.00000,224.00000
-71.89963,-7.24695,45.91003,22.24229,46.06913,81.66220,36.07714,76.78524,-63.57489,465.81441,-10.49511,-44.69433,-27.37568,-73.63993,26.37762,465.81441,902.00000,2031.00000,224.00000
-72.08018,-7.15789,45.81184,22.24579,46.36804,80.76408,35.97634,77.29106,-63.57924,488.06021,-10.07854,-44.68946,-27.39756,-73.67838,26.36056,488.06021,902.00000,2031.00000,224.00000
-72.26074,-7.06884,45.71739,22.24925,46.66658,79.86525,35.87492,77.79963,-63.58353,510.30946,-9.66151,-44.68485,-27.41931,-73.71593,26.34377,465.81095,902.00000,2031.00000,224.00000
-72.44129,-6.97978,45.62672,22.25267,46.96475,78.96573,35.77289,78.31089,-63.58776,532.56214,-9.24403,-44.68048,-27.44092,-73.75260,26.32723,443.55828,902.00000,2031.00000,224.00000
-72.62185,-6.89073,45.53985,22.25605,47.26255,78.06553,35.67024,78.82475,-63.59194,554.81818,-8.82610,-44.67637,-27.46240,-73.78839,26.31095,421.30224,902.00000,2031.00000,224.00000
-72.80240,-6.80167,45.45681,22.25938,47.55997,77.16465,35.56698,79.34113,-63.59606,577.07756,-8.40775,-44.67249,-27.48373,-73.82332,26.29492,399.04286,902.00000,2031.00000,224.00000
-72.98296,-6.71262,45.37763,22.26267,47.85700,76.26313,35.46310,79.85994,-63.60012,599.34023,-7.98896,-44.66885,-27.50493,-73.85739,26.27914,376.78019,902.00000,2031.00000,224.00000
-73.16351,-6.62356,45.30235,22.26591,48.15365,75.36096,35.35862,80.38111,-63.60413,621.60614,-7.56974,-44.66544,-27.52597,-73.89062,26.26363,354.51428,902.00000,2031.00000,224.00000
-73.34407,-6.53451,45.23098,22.26911,48.44990,74.45816,35.25352,80.90453,-63.60808,643.87525,-7.15011,-44.66226,-27.54685,-73.92301,26.24836,332.24517,902.00000,2031.00000,224.00000
-73.52462,-6.44545,45.16355,22.27227,48.74576,73.55475,35.14782,81.43013,-63.61198,666.14752,-6.73007,-44.65930,-27.56758,-73.95458,26.23334,309.97289,902.00000,2031.00000,224.00000
-73.70517,-6.35640,45.10009,22.27539,49.04122,72.65073,35.04151,81.95780,-63.61582,688.42291,-6.30961,-44.65655,-27.58816,-73.98534,26.21857,287.69750,902.00000,2031.00000,224.00000
-73.88573,-6.26735,45.04064,22.27846,49.33628,71.74613,34.93460,82.48745,-63.61960,710.70138,-5.88876,-44.65402,-27.60857,-74.01530,26.20405,265.41904,902.00000,2031.00000,224.00000
-74.06628,-6.17829,44.98520,22.28149,49.63092,70.84095,34.82709,83.01899,-63.62333,732.98287,-5.46751,-44.65170,-27.62881,-74.04446,26.18978,243.13755,902.00000,2031.00000,224.00000
-74.24684,-6.08924,44.93379,22.28448,49.92516,69.93520,34.71897,83.55233,-63.62700,755.26735,-5.04588,-44.64958,-27.64888,-74.07284,26.17576,220.85307,902.00000,2031.00000,224.00000
-74.42739,-6.00018,44.88645,22.28742,50.21898,69.02891,34.61025,84.08734,-63.63061,777.55477,-4.62386,-44.64766,-27.66877,-74.10045,26.16199,198.56565,902.00000,2031.00000,224.00000
-74.60952,-5.91447,44.83515,22.28658,49.45880,65.34655,35.44021,82.51282,-65.74409,799.84135,-5.84222,-44.45288,-29.52382,-76.60124,24.85832,176.27907,902.00000,2031.00000,224.00000
-74.79324,-5.83216,44.77972,22.28952,49.73185,64.38869,35.34593,83.01161,-65.78443,822.13087,-5.44827,-44.44704,-29.57513,-76.66834,24.82171,153.98955,902.00000,2031.00000,224.00000
-74.97700,-5.74991,44.72823,22.29222,50.02371,63.48022,35.23489,83.54945,-65.78742,844.42309,-5.02502,-44.44506,-29.59399,-76.69252,24.80836,131.69733,902.00000,2031.00000,224.00000
-75.16075,-5.66766,44.68084,22.29488,50.31515,62.57127,35.12325,84.08896,-65.79037,866.71797,-4.60142,-44.44327,-29.61269,-76.71601,24.79525,109.40244,902.00000,2031.00000,224.00000
-75.34451,-5.58541,44.63756,22.29751,50.60616,61.66185,35.01104,84.63003,-65.79327,889.01548,-4.17747,-44.44166,-29.63122,-76.73882,24.78237,87.10494,902.00000,2031.00000,224.00000
-75.52826,-5.50316,44.59843,22.30009,50.89674,60.75197,34.89824,85.17256,-65.79612,911.31557,-3.75318,-44.44022,-29.64959,-76.76098,24.76972,64.80485,902.00000,2031.00000,224.00000
-75.71201,-5.42091,44.56344,22.30264,51.18687,59.84165,34.78487,85.71644,-65.79893,933.61821,-3.32856,-44.43895,-29.66779,-76.78248,24.75729,42.50221,902.00000,2031.00000,224.00000
-75.89577,-5.33866,44.53262,22.30514,51.47657,58.93091,34.67092,86.26156,-65.80170,955.92335,-2.90360,-44.43786,-29.68582,-76.80334,24.74509,20.19707,902.00000,2031.00000,224.00000
-76.07952,-5.25641,44.50599,22.30761,51.76583,58.01975,34.55639,86.80782,-65.80442,978.23096,-2.47832,-44.43693,-29.70368,-76.82356,24.73312,-2.11055,902.00000,2031.00000,224.00000
-76.26328,-5.17416,44.48355,22.31005,52.05463,57.10818,34.44129,87.35510,-65.80709,1000.54101,-2.05273,-44.43616,-29.72136,-76.84316,24.72138,-24.42059,902.00000,2031.00000,224.00000
-76.40647,-5.03367,44.61930,22.23049,58.31941,93.69666,7.36545,47.93735,-21.61964,22.23049,29.89238,-33.12594,15.07254,-15.68291,41.68043,22.23049,902.00000,2031.00000,224.00000
-76.48041,-4.84781,44.91446,22.23133,58.61901,92.80921,7.25045,47.53356,-21.62502,44.46182,30.32437,-33.13218,15.06043,-15.70223,41.67891,44.46182,902.00000,2031.00000,224.00000
-76.55434,-4.66194,45.21164,22.23215,58.91780,91.92071,7.13503,47.13502,-21.63020,66.69396,30.75626,-33.13827,15.04871,-15.72065,41.67748,66.69396,902.00000,2031.00000,224.00000
-76.62828,-4.47608,45.51079,22.23293,59.21576,91.03118,7.01921,46.74166,-21.63517,88.92689,31.18804,-33.14420,15.03739,-15.73818,41.67612,88.92689,902.00000,2031.00000,224.00000
-76.70221,-4.29022,45.81187,22.23368,59.51288,90.14063,6.90296,46.35342,-21.63993,111.16057,31.61972,-33.14997,15.02648,-15.75484,41.67484,111.16057,902.00000,2031.00000,224.00000
-76.77615,-4.10435,46.11483,22.23440,59.80917,89.24907,6.78630,45.97022,-21.64449,133.39497,32.05129,-33.15558,15.01598,-15.77063,41.67363,133.39497,902.00000,2031.00000,224.00000
-76.85008,-3.91849,46.41962,22.23509,60.10463,88.35651,6.66923,45.59199,-21.64884,155.63006,32.48274,-33.16101,15.00589,-15.78557,41.67250,155.63006,902.00000,2031.00000,224.00000
-76.92402,-3.73263,46.72618,22.23575,60.39924,87.46298,6.55175,45.21867,-21.65298,177.86581,32.91406,-33.16626,14.99622,-15.79967,41.67144,177.86581,902.00000,2031.00000,224.00000
-76.99795,-3.54676,47.03448,22.23637,60.69301,86.56848,6.43386,44.85017,-21.65692,200.10218,33.34526,-33.17132,14.98697,-15.81296,41.67045,200.10218,902.00000,2031.00000,224.00000
-77.07189,-3.36090,47.34447,22.23696,60.98593,85.67301,6.31557,44.48643,-21.66064,222.33914,33.77632,-33.17618,14.97816,-15.82544,41.66953,222.33914,902.00000,2031.00000,224.00000
-77.14582,-3.17504,47.65608,22.23752,61.27799,84.77660,6.19687,44.12739,-21.66416,244.57666,34.20723,-33.18084,14.96978,-15.83712,41.66867,244.57666,902.00000,2031.00000,224.00000
-77.21958,-2.98913,47.96953,22.23151,61.54189,83.90802,6.00212,43.66934,-21.56345,266.80817,34.69812,-33.12274,15.07333,-15.69489,41.67895,266.80817,902.00000,2031.00000,224.00000
-77.26174,-2.79629,48.32396,22.24211,53.87173,83.68296,-7.63977,24.90187,-3.07971,289.05028,43.83129,-20.34754,33.84888,11.56895,41.41255,289.05028,902.00000,2031.00000,224.00000
-77.27250,-2.59655,48.71812,22.24212,54.16025,82.78566,-7.76353,24.68786,-3.08019,311.29240,44.26512,-20.34832,33.84793,11.56748,41.41268,311.29240,902.00000,2031.00000,224.00000
-77.28326,-2.39681,49.11246,22.24213,54.44807,81.88733,-7.88726,24.47749,-3.08064,333.53453,44.69843,-20.34905,33.84704,11.56613,41.41281,289.05027,902.00000,2031.00000,224.00000
-77.29402,-2.19708,49.50695,22.24214,54.73517,80.98798,-8.01094,24.27067,-3.08105,355.77667,45.13122,-20.34972,33.84622,11.56491,41.41293,266.80813,902.00000,2031.00000,224.00000
-77.30477,-1.99734,49.90159,22.24215,55.02157,80.08763,-8.13458,24.06731,-3.08143,378.01882,45.56349,-20.35035,33.84546,11.56380,41.41304,244.56599,902.00000,2031.00000,224.00000
-77.31553,-1.79760,50.29634,22.24215,55.30726,79.18630,-8.25817,23.86733,-3.08176,400.26097,45.99524,-20.35092,33.84478,11.56281,41.41314,222.32383,902.00000,2031.00000,224.00000
-77.33790,-1.59967,50.67874,22.13187,59.18095,79.09908,-3.46262,30.38691,-9.82325,422.39285,43.71696,-25.63517,27.10121,2.23969,42.10353,200.19196,902.00000,2031.00000,224.00000
-77.38017,-1.40484,51.04024,22.24176,61.53232,78.10781,-0.03449,34.94784,-14.64441,444.63460,41.83635,-29.23741,22.01851,-4.37972,42.25077,177.95020,902.00000,2031.00000,224.00000
-77.43076,-1.21132,51.39360,22.24187,61.81629,77.20329,-0.15680,34.67522,-14.64540,466.87647,42.26560,-29.23905,22.01610,-4.38275,42.25077,155.70833,902.00000,2031.00000,224.00000
-77.48134,-1.01779,51.74770,22.24196,62.09939,76.29786,-0.27936,34.40633,-14.64624,489.11843,42.69450,-29.24046,22.01405,-4.38531,42.25078,133.46637,902.00000,2031.00000,224.00000
-77.53192,-0.82426,52.10250,22.24204,62.38160,75.39152,-0.40216,34.14110,-14.64691,511.36047,43.12305,-29.24164,22.01234,-4.38739,42.25079,111.22433,902.00000,2031.00000,224.00000
-77.58251,-0.63074,52.45798,22.24210,62.66292,74.48428,-0.52520,33.87947,-14.64743,533.60257,43.55125,-29.24258,22.01098,-4.38901,42.25080,88.98223,902.00000,2031.00000,224.00000
-77.65832,-0.44772,52.77528,22.22861,66.55696,69.62153,10.81489,49.28560,-30.35953,555.83118,34.42473,-40.00210,4.18059,-24.27339,40.83098,66.75362,902.00000,2031.00000,224.00000
-77.75976,-0.27540,53.05458,22.24212,66.85384,68.60577,10.86985,49.18613,-30.61007,578.07330,34.67668,-40.15366,3.88798,-24.57656,40.78342,44.51150,902.00000,2031.00000,224.00000
-77.86162,-0.10324,53.33495,22.24218,67.13234,67.69578,10.74605,48.83917,-30.61017,600.31548,35.10372,-40.15402,3.88729,-24.57726,40.78331,22.26933,902.00000,2031.00000,224.00000
-77.96347,0.06891,53.61698,22.24218,67.40999,66.78519,10.62175,48.49566,-30.61004,622.55766,35.53072,-40.15405,3.88722,-24.57733,40.78330,0.02715,902.00000,2031.00000,224.00000
-78.06532,0.24107,53.90062,22.24213,67.68678,65.87402,10.49694,48.15558,-30.60968,644.79979,35.95766,-40.15375,3.88779,-24.57677,40.78339,-22.21499,902.00000,2031.00000,224.00000
-78.23770,0.41271,54.80676,22.26364,56.36843,36.26832,33.18997,43.89028,-68.12028,22.26364,39.49752,-37.99641,-38.26167,-59.17277,25.15309,22.26364,902.00000,2015.00000,224.00000
-78.42351,0.48732,55.12558,22.26345,56.64488,35.35631,33.04533,43.57070,-68.11996,44.52709,39.93983,-37.99526,-38.26003,-59.17173,25.15406,44.52709,902.00000,2015.00000,224.00000
-78.60931,0.56193,55.44573,22.26322,56.92082,34.44416,32.90016,43.25486,-68.11960,66.79031,40.38183,-37.99390,-38.25811,-59.17055,25.15517,66.79031,902.00000,2015.00000,224.00000
-78.79512,0.63654,55.76717,22.26296,57.19625,33.53189,32.75447,42.94273,-68.11921,89.05327,40.82353,-37.99233,-38.25590,-59.16924,25.15644,89.05327,902.00000,2015.00000,224.00000
-78.98092,0.71116,56.08987,22.26267,57.47115,32.61950,32.60827,42.63424,-68.11879,111.31594,41.26489,-37.99055,-38.25342,-59.16780,25.15786,111.31594,902.00000,2015.00000,224.00000
-79.16673,0.78577,56.41378,22.26234,57.74554,31.70701,32.46154,42.32935,-68.11833,133.57828,41.70593,-37.98855,-38.25064,-59.16625,25.15942,133.57828,902.00000,2015.00000,224.00000
-79.34472,0.87487,56.75985,22.15161,63.51278,40.08633,27.74419,32.60793,-58.66816,155.72989,47.81324,-30.58716,-28.22515,-53.23069,30.13711,155.72989,902.00000,2015.00000,224.00000
-79.51204,0.98377,57.13520,22.26193,65.36912,42.30968,25.73095,28.92656,-55.21419,177.99182,50.00704,-27.63562,-24.33636,-50.74445,31.75065,177.99182,902.00000,2015.00000,224.00000
-79.67650,1.09799,57.51851,22.26138,65.64106,41.39649,25.58220,28.71183,-55.21305,200.25320,50.44643,-27.63215,-24.33183,-50.74156,31.75242,200.25320,902.00000,2015.00000,224.00000
-79.84095,1.21220,57.90204,22.26078,65.91237,40.48320,25.43291,28.49978,-55.21181,222.51398,50.88541,-27.62827,-24.32678,-50.73842,31.75438,222.51398,902.00000,2015.00000,224.00000
-80.00540,1.32642,58.28579,22.26012,66.18306,39.56983,25.28307,28.29035,-55.21046,244.77410,51.32397,-27.62396,-24.32122,-50.73505,31.75651,244.77410,902.00000,2015.00000,224.00000
-80.16986,1.44063,58.66972,22.25939,66.45311,38.65639,25.13268,28.08350,-55.20900,267.03349,51.76209,-27.61923,-24.31513,-50.73145,31.75883,267.03349,902.00000,2015.00000,224.00000
-80.33431,1.55485,59.05382,22.25861,66.72253,37.74289,24.98175,27.87916,-55.20744,289.29210,52.19978,-27.61405,-24.30851,-50.72765,31.76132,289.29210,902.00000,2015.00000,224.00000
-80.49877,1.66907,59.43806,22.25777,66.99130,36.82934,24.83028,27.67728,-55.20577,311.54987,52.63703,-27.60844,-24.30135,-50.72366,31.76398,311.54987,902.00000,2015.00000,224.00000
-80.66322,1.78328,59.82242,22.25687,67.25943,35.91578,24.67826,27.47783,-55.20399,333.80674,53.07382,-27.60239,-24.29366,-50.71949,31.76682,333.80674,902.00000,2015.00000,224.00000
-80.82768,1.89750,60.20688,22.25591,67.52691,35.00219,24.52571,27.28074,-55.20211,356.06264,53.51015,-27.59588,-24.28542,-50.71516,31.76983,356.06264,902.00000,2015.00000,224.00000
-80.99213,2.01171,60.59143,22.25489,67.79374,34.08861,24.37263,27.08596,-55.20012,378.31753,53.94602,-27.58890,-24.27664,-50.71068,31.77300,378.31753,902.00000,2015.00000,224.00000
-81.15659,2.12593,60.97603,22.25380,68.05991,33.17503,24.21902,26.89346,-55.19802,400.57133,54.38143,-27.58146,-24.26731,-50.70606,31.77634,400.57133,902.00000,2015.00000,224.00000
-81.32104,2.24014,61.36068,22.25266,68.32542,32.26147,24.06488,26.70317,-55.19582,422.82400,54.81635,-27.57355,-24.25743,-50.70132,31.77984,422.82400,902.00000,2015.00000,224.00000
-81.48549,2.35436,61.74534,22.25146,68.59027,31.34796,23.91021,26.51505,-55.19351,445.07546,55.25079,-27.56516,-24.24699,-50.69646,31.78350,445.07546,902.00000,2015.00000,224.00000
-81.64995,2.46858,62.13002,22.25020,68.85445,30.43450,23.75502,26.32907,-55.19109,467.32567,55.68474,-27.55628,-24.23598,-50.69152,31.78731,467.32567,902.00000,2015.00000,224.00000
-81.81306,2.58440,62.51628,22.21313,69.60729,30.57095,22.93219,24.95564,-53.99521,489.53880,56.67943,-26.37665,-22.78238,-50.05108,32.27744,489.53880,902.00000,2015.00000,224.00000
-81.96485,2.71379,62.91601,22.25162,72.56071,37.06857,17.48248,15.87075,-45.05350,511.79042,60.51772,-17.20552,-11.65718,-44.75794,35.44007,511.79042,902.00000,2015.00000,224.00000
-82.10665,2.85515,63.32727,22.25028,72.82054,36.15385,17.32521,15.75469,-45.04989,534.04071,60.94825,-17.19458,-11.64408,-44.75135,35.44321,534.04071,902.00000,2015.00000,224.00000
-82.24846,2.99651,63.73801,22.24888,73.07956,35.23917,17.16741,15.63974,-45.04610,556.28958,61.37817,-17.18299,-11.63026,-44.74459,35.44647,556.28958,902.00000,2015.00000,224.00000
-82.39026,3.13787,64.14825,22.24740,73.33778,34.32452,17.00908,15.52586,-45.04214,578.53699,61.80746,-17.17077,-11.61573,-44.73768,35.44986,578.53699,902.00000,2015.00000,224.00000
-82.53206,3.27923,64.55795,22.24586,73.59519,33.40992,16.85023,15.41300,-45.03800,600.78285,62.23613,-17.15788,-11.60047,-44.73065,35.45337,556.29112,902.00000,2015.00000,224.00000
-82.67386,3.42060,64.96712,22.24426,73.85179,32.49538,16.69086,15.30116,-45.03369,623.02711,62.66417,-17.14434,-11.58448,-44.72350,35.45701,534.04687,902.00000,2015.00000,224.00000
-82.81566,3.56196,65.37573,22.24258,74.10757,31.58093,16.53098,15.19031,-45.02921,645.26969,63.09156,-17.13014,-11.56776,-44.71626,35.46076,511.80429,902.00000,2015.00000,224.00000
-82.95746,3.70332,65.78379,22.24084,74.36254,30.66657,16.37058,15.08040,-45.02454,667.51052,63.51831,-17.11525,-11.55031,-44.70894,35.46463,489.56345,902.00000,2015.00000,224.00000
-83.09926,3.84468,66.19127,22.23902,74.61668,29.75232,16.20966,14.97143,-45.01971,689.74955,63.94439,-17.09968,-11.53211,-44.70156,35.46861,467.32443,902.00000,2015.00000,224.00000
-83.24106,3.98604,66.59818,22.23715,74.86999,28.83819,16.04823,14.86337,-45.01469,711.98669,64.36982,-17.08343,-11.51317,-44.69414,35.47270,445.08728,902.00000,2015.00000,224.00000
-83.38286,4.12740,67.00449,22.23520,75.12246,27.92420,15.88630,14.75619,-45.00951,734.22189,64.79458,-17.06647,-11.49348,-44.68669,35.47689,422.85209,902.00000,2015.00000,224.00000
-83.52466,4.26876,67.41021,22.23318,75.37410,27.01035,15.72386,14.64986,-45.00414,756.45508,65.21867,-17.04881,-11.47303,-44.67922,35.48119,400.61890,902.00000,2015.00000,224.00000
-83.66646,4.41012,67.81532,22.23110,75.62490,26.09667,15.56092,14.54436,-44.99861,778.68618,65.64207,-17.03043,-11.45183,-44.67177,35.48558,378.38780,902.00000,2015.00000,224.00000
-83.80826,4.55149,68.21980,22.22895,75.87485,25.18316,15.39748,14.43968,-44.99289,800.91513,66.06479,-17.01133,-11.42986,-44.66433,35.49007,356.15885,902.00000,2015.00000,224.00000
-83.94624,4.69644,68.62604,22.22259,76.61719,26.57567,13.35286,11.34141,-41.98374,823.13773,67.28597,-13.49564,-7.40953,-43.29976,36.24804,333.93625,902.00000,2015.00000,224.00000
-84.07939,4.84592,69.03459,22.22951,76.95826,26.25321,12.68991,10.47260,-41.19145,845.36724,67.88461,-12.54809,-6.33296,-42.92943,36.43061,311.70674,902.00000,2015.00000,224.00000
-84.21153,4.99635,69.44303,22.22733,77.20404,25.33917,12.52497,10.39261,-41.18485,867.59457,68.30380,-12.52699,-6.30907,-42.92143,36.43452,289.47941,902.00000,2015.00000,224.00000
-84.34368,5.14678,69.85071,22.22509,77.44891,24.42531,12.35956,10.31305,-41.17807,889.81965,68.72222,-12.50511,-6.28438,-42.91348,36.43849,267.25432,902.00000,2015.00000,224.00000
-84.47583,5.29720,70.25762,22.22277,77.69286,23.51166,12.19366,10.23389,-41.17108,912.04243,69.13987,-12.48245,-6.25887,-42.90560,36.44253,245.03155,902.00000,2015.00000,224.00000
-84.60797,5.44763,70.66377,22.22040,77.93589,22.59823,12.02728,10.15511,-41.16390,934.26282,69.55675,-12.45899,-6.23255,-42.89780,36.44662,222.81116,902.00000,2015.00000,224.00000
-84.74012,5.59805,71.06914,22.21795,78.17800,21.68503,11.86043,10.07671,-41.15652,956.48077,69.97285,-12.43472,-6.20541,-42.89010,36.45077,200.59320,902.00000,2015.00000,224.00000
-84.87226,5.74848,71.47373,22.21544,78.41918,20.77206,11.69311,9.99867,-41.14894,978.69621,70.38817,-12.40965,-6.17743,-42.88252,36.45499,178.37776,902.00000,2015.00000,224.00000
-85.00441,5.89891,71.87752,22.21287,78.65943,19.85935,11.52531,9.92098,-41.14116,1000.90908,70.80269,-12.38377,-6.14863,-42.87506,36.45924,156.16490,902.00000,2015.00000,224.00000
-85.13656,6.04933,72.28051,22.21022,78.89874,18.94692,11.35704,9.84362,-41.13319,1023.11930,71.21640,-12.35705,-6.11900,-42.86777,36.46355,133.95467,902.00000,2015.00000,224.00000
-85.26870,6.19976,72.68270,22.20752,79.13711,18.03477,11.18831,9.76658,-41.12502,1045.32682,71.62931,-12.32951,-6.08852,-42.86064,36.46789,111.74716,902.00000,2015.00000,224.00000
-85.40085,6.35018,73.08407,22.20474,79.37453,17.12292,11.01911,9.68985,-41.11666,1067.53156,72.04140,-12.30113,-6.05721,-42.85370,36.47228,89.54241,902.00000,2015.00000,224.00000
-85.53299,6.50061,73.48462,22.20190,79.61101,16.21137,10.84945,9.61341,-41.10809,1089.73347,72.45268,-12.27190,-6.02504,-42.84695,36.47670,67.34051,902.00000,2015.00000,224.00000
-85.66514,6.65103,73.88434,22.19900,79.84653,15.30016,10.67933,9.53725,-41.09933,1111.93247,72.86312,-12.24181,-5.99203,-42.84042,36.48116,45.14151,902.00000,2015.00000,224.00000
-85.79729,6.80146,74.28322,22.19603,80.08109,14.38929,10.50876,9.46136,-41.09037,1134.12849,73.27273,-12.21086,-5.95817,-42.83414,36.48565,22.94548,902.00000,2015.00000,224.00000
-85.92943,6.95189,74.68127,22.19299,80.31470,13.47877,10.33773,9.38574,-41.08121,1156.32149,73.68149,-12.17905,-5.92344,-42.82811,36.49016,0.75249,902.00000,2015.00000,224.00000
-78.95663,11.68265,103.16986,22.30245,79.14981,-29.44860,-29.44860,36.67069,-17.28828,22.30245,82.75061,61.61458,16.24686,18.06558,18.06558,22.30245,902.00000,2000.00000,101.00000
-79.01752,11.87416,103.41422,22.30107,79.37310,-29.50630,-29.50630,36.59367,-17.27685,44.60352,83.02956,61.64896,16.27972,18.05336,18.05336,44.60352,902.00000,2000.00000,101.00000
-79.07841,12.06566,103.65800,22.29968,79.59527,-29.56375,-29.56375,36.51778,-17.26524,66.90320,83.30705,61.68400,16.31322,18.04092,18.04092,66.90320,902.00000,2000.00000,101.00000
-79.13431,12.25859,103.89653,22.30847,78.88752,-30.49495,-30.49495,39.33895,-14.35417,89.21167,80.35456,65.86072,20.35777,16.50819,16.50819,89.21167,902.00000,2000.00000,101.00000
-79.18461,12.45312,104.12934,22.31277,78.97752,-30.65325,-30.65325,39.61456,-13.98375,111.52445,80.21617,66.39492,20.88297,16.30475,16.30475,111.52445,902.00000,2000.00000,101.00000
-79.23428,12.64784,104.36109,22.31179,79.19613,-30.70797,-30.70797,39.53025,-13.97351,133.83623,80.49252,66.42432,20.91190,16.29353,16.29353,133.83623,902.00000,2000.00000,101.00000
-79.28396,12.84255,104.59233,22.31079,79.41363,-30.76240,-30.76240,39.44703,-13.96310,156.14702,80.76749,66.45426,20.94135,16.28212,16.28212,156.14702,902.00000,2000.00000,101.00000
-79.33364,13.03726,104.82308,22.30977,79.63002,-30.81654,-30.81654,39.36489,-13.95254,178.45679,81.04108,66.48476,20.97133,16.27051,16.27051,178.45679,902.00000,2000.00000,101.00000
-79.38331,13.23197,105.05332,22.30874,79.84529,-30.87039,-30.87039,39.28383,-13.94183,200.76553,81.31327,66.51582,21.00184,16.25871,16.25871,200.76553,902.00000,2000.00000,101.00000
-79.43299,13.42668,105.28305,22.30770,80.05944,-30.92394,-30.92394,39.20384,-13.93096,223.07323,81.58406,66.54743,21.03288,16.24671,16.24671,223.07323,902.00000,2000.00000,101.00000
-79.48267,13.62140,105.51224,22.30664,80.27247,-30.97719,-30.97719,39.12491,-13.91993,245.37987,81.85346,66.57961,21.06445,16.23452,16.23452,245.37987,902.00000,2000.00000,101.00000
-79.53234,13.81611,105.74091,22.30557,80.48438,-31.03015,-31.03015,39.04704,-13.90875,267.68545,82.12146,66.61236,21.09654,16.22215,16.22215,267.68545,902.00000,2000.00000,101.00000
-79.58202,14.01082,105.96903,22.30449,80.69516,-31.08282,-31.08282,38.97022,-13.89742,289.98993,82.38805,66.64566,21.12917,16.20957,16.20957,289.98993,902.00000,2000.00000,101.00000
-79.63170,14.20553,106.19659,22.30339,80.90481,-31.13518,-31.13518,38.89445,-13.88592,312.29332,82.65323,66.67953,21.16234,16.19680,16.19680,312.29332,902.00000,2000.00000,101.00000
-79.68137,14.40025,106.42360,22.30227,81.11332,-31.18724,-31.18724,38.81972,-13.87428,334.59559,82.91700,66.71398,21.19605,16.18384,16.18384,334.59559,902.00000,2000.00000,101.00000
-79.71784,14.59737,106.63748,22.32934,77.89228,-33.06852,-33.06852,46.17081,-6.43016,356.92494,73.84761,76.92908,31.55718,11.99680,11.99680,356.92494,902.00000,2000.00000,101.00000
-79.74072,14.79699,106.83809,22.33541,77.98475,-33.15948,-33.15948,46.28101,-6.21342,379.26035,73.83815,77.21596,31.85998,11.86815,11.86815,379.26035,902.00000,2000.00000,101.00000
-79.76321,14.99668,107.03809,22.33517,78.19308,-33.20606,-33.20606,46.18065,-6.20766,401.59551,74.11177,77.23081,31.87564,11.86149,11.86149,401.59551,902.00000,2000.00000,101.00000
-79.78571,15.19636,107.23781,22.33492,78.40037,-33.25226,-33.25226,46.08119,-6.20184,423.93043,74.38426,77.24591,31.89156,11.85474,11.85474,423.93043,902.00000,2000.00000,101.00000
-79.80820,15.39605,107.43726,22.33467,78.60660,-33.29808,-33.29808,45.98262,-6.19593,446.26511,74.65563,77.26126,31.90773,11.84788,11.84788,446.26511,902.00000,2000.00000,101.00000
-79.83070,15.59574,107.63641,22.33442,78.81178,-33.34352,-33.34352,45.88494,-6.18995,468.59953,74.92586,77.27685,31.92415,11.84093,11.84093,468.59953,902.00000,2000.00000,101.00000
-79.85320,15.79542,107.83528,22.33417,79.01590,-33.38858,-33.38858,45.78815,-6.18390,490.93369,75.19498,77.29270,31.94082,11.83388,11.83388,490.93369,902.00000,2000.00000,101.00000
-79.87569,15.99511,108.03384,22.33391,79.21895,-33.43326,-33.43326,45.69224,-6.17777,513.26760,75.46296,77.30881,31.95773,11.82674,11.82674,513.26760,902.00000,2000.00000,101.00000
-79.89819,16.19479,108.23209,22.33365,79.42095,-33.47756,-33.47756,45.59720,-6.17157,535.60125,75.72980,77.32517,31.97490,11.81949,11.81949,535.60125,902.00000,2000.00000,101.00000
-79.94138,16.38901,108.44713,22.06585,84.48807,-30.39092,-30.39092,33.69420,-17.98648,557.66710,90.22913,60.16215,15.02392,18.42456,18.42456,557.66710,902.00000,2000.00000,101.00000
-80.01291,16.57573,108.68489,22.20299,85.58386,-28.95878,-28.95878,29.30156,-22.32027,579.87010,94.77930,53.19107,8.61564,20.66085,20.66085,579.87010,902.00000,2000.00000,101.00000
-80.09207,16.76043,108.92800,22.19990,85.78215,-29.01433,-29.01433,29.27190,-22.30072,602.07000,95.01890,53.26086,8.67864,20.63954,20.63954,602.07000,902.00000,2000.00000,101.00000
-80.17123,16.94513,109.17013,22.19678,85.97926,-29.06967,-29.06967,29.24323,-22.28095,624.26678,95.25681,53.33158,8.74249,20.61795,20.61795,624.26678,902.00000,2000.00000,101.00000
-80.25039,17.12983,109.41129,22.19363,86.17517,-29.12480,-29.12480,29.21553,-22.26097,646.46041,95.49305,53.40324,8.80717,20.59608,20.59608,646.46041,902.00000,2000.00000,101.00000
-80.32955,17.31453,109.65146,22.19045,86.36988,-29.17972,-29.17972,29.18883,-22.24078,668.65086,95.72761,53.47586,8.87269,20.57395,20.57395,624.26996,902.00000,2000.00000,101.00000
-80.40871,17.49923,109.89065,22.18723,86.56340,-29.23443,-29.23443,29.16309,-22.22037,690.83809,95.96049,53.54941,8.93904,20.55153,20.55153,602.08273,902.00000,2000.00000,101.00000
-80.48787,17.68393,110.12884,22.18399,86.75571,-29.28893,-29.28893,29.13832,-22.19974,713.02208,96.19168,53.62391,9.00624,20.52884,20.52884,579.89874,902.00000,2000.00000,101.00000
-80.56702,17.86863,110.36604,22.18072,86.94682,-29.34321,-29.34321,29.11452,-22.17890,735.20279,96.42117,53.69935,9.07428,20.50588,20.50588,557.71803,902.00000,2000.00000,101.00000
-80.64618,18.05333,110.60224,22.17741,87.13672,-29.39727,-29.39727,29.09168,-22.15785,757.38021,96.64897,53.77575,9.14316,20.48264,20.48264,535.54061,902.00000,2000.00000,101.00000
-80.72534,18.23803,110.83742,22.17408,87.32541,-29.45113,-29.45113,29.06979,-22.13658,779.55429,96.87507,53.85309,9.21288,20.45911,20.45911,513.36654,902.00000,2000.00000,101.00000
-80.80450,18.42273,111.07160,22.17072,87.51288,-29.50475,-29.50475,29.04885,-22.11510,801.72500,97.09946,53.93139,9.28346,20.43531,20.43531,491.19582,902.00000,2000.00000,101.00000
-80.88295,18.60772,111.30429,22.16984,87.62839,-29.70665,-29.70665,29.44746,-21.67437,823.89484,96.92455,54.71999,9.99532,20.19465,20.19465,469.02598,902.00000,2000.00000,101.00000
-80.95655,18.79463,111.53284,22.20562,87.30424,-30.59239,-30.59239,31.86785,-19.20911,846.10046,94.72127,58.88509,13.79718,18.88415,18.88415,446.82036,902.00000,2000.00000,101.00000
-81.02599,18.98320,111.75774,22.20291,87.48601,-30.64248,-30.64248,31.83867,-19.18896,868.30337,94.94232,58.95548,13.86205,18.86142,18.86142,424.61745,902.00000,2000.00000,101.00000
-81.09544,19.17177,111.98171,22.20018,87.66654,-30.69232,-30.69232,31.81042,-19.16861,890.50355,95.16170,59.02672,13.92769,18.83844,18.83844,402.41728,902.00000,2000.00000,101.00000
-81.16488,19.36034,112.20474,22.19743,87.84584,-30.74190,-30.74190,31.78310,-19.14805,912.70097,95.37942,59.09881,13.99409,18.81520,18.81520,380.21985,902.00000,2000.00000,101.00000
-81.23432,19.54891,112.42681,22.19465,88.02389,-30.79122,-30.79122,31.75671,-19.12731,934.89562,95.59546,59.17176,14.06127,18.79170,18.79170,358.02520,902.00000,2000.00000,101.00000
-81.30377,19.73748,112.64794,22.19185,88.20070,-30.84028,-30.84028,31.73125,-19.10636,957.08747,95.80982,59.24556,14.12921,18.76793,18.76793,335.83335,902.00000,2000.00000,101.00000
-81.37321,19.92605,112.86811,22.18903,88.37625,-30.88907,-30.88907,31.70669,-19.08522,979.27650,96.02251,59.32021,14.19793,18.74391,18.74391,313.64432,902.00000,2000.00000,101.00000
-81.44266,20.11461,113.08732,22.18618,88.55056,-30.93761,-30.93761,31.68306,-19.06388,1001.46268,96.23352,59.39572,14.26742,18.71962,18.71962,291.45814,902.00000,2000.00000,101.00000
-81.51210,20.30318,113.30555,22.18332,88.72361,-30.98588,-30.98588,31.66033,-19.04234,1023.64600,96.44283,59.47209,14.33768,18.69508,18.69508,269.27483,902.00000,2000.00000,101.00000
-81.58154,20.49175,113.52283,22.18042,88.89540,-31.03388,-31.03388,31.63850,-19.02061,1045.82642,96.65046,59.54931,14.40872,18.67028,18.67028,247.09440,902.00000,2000.00000,101.00000
-81.65099,20.68032,113.73912,22.17751,89.06593,-31.08161,-31.08161,31.61757,-18.99868,1068.00393,96.85639,59.62740,14.48054,18.64521,18.64521,224.91689,902.00000,2000.00000,101.00000
-81.72043,20.86889,113.95443,22.17458,89.23520,-31.12908,-31.12908,31.59754,-18.97655,1090.17851,97.06062,59.70635,14.55313,18.61988,18.61988,202.74231,902.00000,2000.00000,101.00000
-81.78988,21.05746,114.16876,22.17162,89.40319,-31.17628,-31.17628,31.57840,-18.95423,1112.35013,97.26315,59.78616,14.62649,18.59430,18.59430,180.57069,902.00000,2000.00000,101.00000
-81.85932,21.24603,114.38210,22.16864,89.56991,-31.22321,-31.22321,31.56015,-18.93171,1134.51877,97.46398,59.86683,14.70063,18.56845,18.56845,158.40205,902.00000,2000.00000,101.00000
-81.92876,21.43460,114.59444,22.16564,89.73536,-31.26988,-31.26988,31.54277,-18.90899,1156.68442,97.66310,59.94836,14.77555,18.54233,18.54233,136.23641,902.00000,2000.00000,101.00000
-81.99821,21.62316,114.80579,22.16262,89.89953,-31.31626,-31.31626,31.52628,-18.88607,1178.84703,97.86050,60.03076,14.85126,18.51596,18.51596,114.07379,902.00000,2000.00000,101.00000
-82.06765,21.81173,115.01614,22.15957,90.06242,-31.36238,-31.36238,31.51066,-18.86296,1201.00661,98.05619,60.11402,14.92774,18.48932,18.48932,91.91421,902.00000,2000.00000,101.00000
-82.13613,22.00064,115.22490,22.16481,90.07655,-31.58322,-31.58322,32.04297,-18.29210,1223.17142,97.67044,61.13316,15.86571,18.16157,18.16157,69.74940,902.00000,2000.00000,101.00000
-82.20199,22.19047,115.43110,22.18130,89.96144,-31.92292,-31.92292,32.97088,-17.32421,1245.35271,96.84061,62.81907,17.42618,17.61113,17.61113,47.56811,902.00000,2000.00000,101.00000
-82.26619,22.38089,115.63533,22.17862,90.11968,-31.96647,-31.96647,32.95173,-17.30193,1267.53133,97.03297,62.89779,17.49930,17.58519,17.58519,25.38949,902.00000,2000.00000,101.00000
-82.33039,22.57131,115.83859,22.17592,90.27663,-32.00973,-32.00973,32.93344,-17.27946,1289.70725,97.22364,62.97732,17.57315,17.55900,17.55900,3.21357,902.00000,2000.00000,101.00000
141.75779,55.69807,216.52299,23.96718,147.75880,-3.08783,-3.08783,38.43656,173.72836,23.96718,169.60179,-134.60102,-132.14216,19.66821,19.66821,23.96718,926.00000,662.00000,301.00000
141.79946,55.48381,216.40859,23.96874,147.44518,-3.02865,-3.02865,38.52897,173.69444,47.93592,169.29498,-134.80314,-132.31822,19.67185,19.67185,47.93592,926.00000,662.00000,301.00000
141.84113,55.26955,216.29246,23.97031,147.12968,-2.96948,-2.96948,38.62167,173.66061,71.90622,168.98595,-135.00437,-132.49344,19.67542,19.67542,71.90622,926.00000,662.00000,301.00000
141.88279,55.05529,216.17461,23.97188,146.81229,-2.91031,-2.91031,38.71464,173.62687,95.87810,168.67470,-135.20469,-132.66783,19.67891,19.67891,95.87810,926.00000,662.00000,301.00000
141.92446,54.84104,216.05503,23.97345,146.49303,-2.85116,-2.85116,38.80789,173.59322,119.85155,168.36124,-135.40410,-132.84137,19.68232,19.68232,119.85155,926.00000,662.00000,301.00000
141.96613,54.62678,215.93376,23.97503,146.17189,-2.79204,-2.79204,38.90143,173.55967,143.82658,168.04559,-135.60261,-133.01406,19.68565,19.68565,143.82658,926.00000,662.00000,301.00000
142.00779,54.41252,215.81078,23.97661,145.84890,-2.73292,-2.73292,38.99524,173.52621,167.80319,167.72775,-135.80021,-133.18591,19.68890,19.68890,167.80319,926.00000,662.00000,301.00000
142.04946,54.19826,215.68611,23.97820,145.52407,-2.67383,-2.67383,39.08934,173.49285,191.78139,167.40773,-135.99688,-133.35691,19.69207,19.69207,191.78139,926.00000,662.00000,301.00000
142.09113,53.98400,215.55976,23.97979,145.19740,-2.61476,-2.61476,39.18373,173.45958,215.76117,167.08554,-136.19264,-133.52705,19.69517,19.69517,215.76117,926.00000,662.00000,301.00000
142.13280,53.76974,215.43175,23.98138,144.86889,-2.55571,-2.55571,39.27840,173.42640,239.74256,166.76118,-136.38749,-133.69634,19.69819,19.69819,239.74256,926.00000,662.00000,301.00000
142.17446,53.55548,215.30206,23.98298,144.53856,-2.49667,-2.49667,39.37335,173.39332,263.72553,166.43467,-136.58140,-133.86477,19.70113,19.70113,263.72553,926.00000,662.00000,301.00000
142.21613,53.34122,215.17072,23.98458,144.20641,-2.43767,-2.43767,39.46859,173.36034,287.71012,166.10601,-136.77438,-134.03234,19.70399,19.70399,287.71012,926.00000,662.00000,301.00000
142.24299,53.12548,215.03285,24.16725,154.48638,-4.00160,-4.00160,34.81445,178.07571,311.87737,176.54309,-122.76670,-121.82161,19.44075,19.44075,311.87737,926.00000,662.00000,301.00000
142.24989,52.90774,214.88644,24.27040,157.74237,-4.52232,-4.52232,33.19322,179.73297,336.14777,179.82323,-117.64263,-117.33217,19.31818,19.31818,336.14777,926.00000,662.00000,301.00000
142.25157,52.68947,214.73618,24.27041,157.55151,-4.48468,-4.48468,33.22213,179.73163,360.41818,179.63814,-117.65104,-117.33955,19.31839,19.31839,360.41818,926.00000,662.00000,301.00000
142.25325,52.47120,214.58378,24.27041,157.35837,-4.44698,-4.44698,33.25146,179.73029,384.68859,179.45045,-117.65941,-117.34689,19.31860,19.31860,384.68859,926.00000,662.00000,301.00000
142.25493,52.25294,214.42926,24.27041,157.16296,-4.40923,-4.40923,33.28120,179.72896,408.95900,179.26017,-117.66775,-117.35420,19.31881,19.31881,408.95900,926.00000,662.00000,301.00000
142.25662,52.03467,214.27262,24.27041,156.96530,-4.37141,-4.37141,33.31136,179.72764,433.22941,179.06731,-117.67606,-117.36149,19.31901,19.31901,433.22941,926.00000,662.00000,301.00000
142.25830,51.81641,214.11386,24.27042,156.76536,-4.33353,-4.33353,33.34193,179.72631,457.49983,178.87187,-117.68433,-117.36874,19.31921,19.31921,457.49983,926.00000,662.00000,301.00000
142.25998,51.59814,213.95299,24.27042,156.56317,-4.29559,-4.29559,33.37292,179.72500,481.77025,178.67385,-117.69257,-117.37596,19.31941,19.31941,481.77025,926.00000,662.00000,301.00000
142.26166,51.37987,213.79002,24.27042,156.35872,-4.25759,-4.25759,33.40433,179.72368,506.04067,178.47325,-117.70078,-117.38315,19.31961,19.31961,506.04067,926.00000,662.00000,301.00000
142.26335,51.16161,213.62494,24.27043,156.15202,-4.21954,-4.21954,33.43616,179.72237,530.31110,178.27007,-117.70895,-117.39031,19.31980,19.31980,530.31110,926.00000,662.00000,301.00000
142.26145,50.94358,213.45681,24.21943,158.34236,-4.58088,-4.58088,32.28061,-179.09163,554.53053,180.46549,-114.00007,-114.13883,19.22882,19.22882,554.53053,926.00000,662.00000,301.00000
142.24316,50.72666,213.28210,24.12336,166.25695,-5.97394,-5.97394,28.00387,-174.79189,578.65389,188.31016,-100.14259,-101.94136,18.83220,18.83220,578.65389,926.00000,662.00000,301.00000
142.21213,50.51061,213.10157,24.12427,166.13489,-5.95249,-5.95249,27.98187,-174.76814,602.77817,188.18916,-99.98559,-101.80276,18.82723,18.82723,602.77817,926.00000,662.00000,301.00000
142.18109,50.29455,212.91860,24.12519,166.01006,-5.93089,-5.93089,27.96038,-174.74446,626.90335,188.06505,-99.82919,-101.66470,18.82229,18.82229,626.90335,926.00000,662.00000,301.00000
142.15005,50.07850,212.73321,24.12610,165.88245,-5.90915,-5.90915,27.93937,-174.72085,651.02946,187.93785,-99.67339,-101.52717,18.81738,18.81738,651.02946,926.00000,662.00000,301.00000
142.11901,49.86244,212.54540,24.12702,165.75207,-5.88727,-5.88727,27.91887,-174.69733,675.15648,187.80755,-99.51819,-101.39019,18.81251,18.81251,675.15648,926.00000,662.00000,301.00000
142.08797,49.64639,212.35516,24.12794,165.61893,-5.86525,-5.86525,27.89887,-174.67388,699.28442,187.67416,-99.36360,-101.25376,18.80767,18.80767,699.28442,926.00000,662.00000,301.00000
142.05694,49.43033,212.16251,24.12886,165.48303,-5.84310,-5.84310,27.87936,-174.65050,723.41327,187.53768,-99.20961,-101.11788,18.80286,18.80286,723.41327,926.00000,662.00000,301.00000
142.02590,49.21428,211.96743,24.12978,165.34436,-5.82081,-5.82081,27.86036,-174.62721,747.54305,187.39811,-99.05625,-100.98256,18.79809,18.79809,747.54305,926.00000,662.00000,301.00000
141.99486,48.99822,211.76994,24.13070,165.20292,-5.79837,-5.79837,27.84186,-174.60399,771.67375,187.25545,-98.90350,-100.84780,18.79336,18.79336,771.67375,926.00000,662.00000,301.00000
141.96290,48.78237,211.56986,24.10008,165.63867,-5.88440,-5.88440,27.49228,-174.24943,795.77383,187.67792,-97.66679,-99.75651,18.75482,18.75482,795.77383,926.00000,662.00000,301.00000
141.91549,48.56988,211.36442,23.71660,174.00998,-7.57374,-7.57374,22.15608,-168.91222,819.49043,195.75725,-79.71208,-83.85216,18.12465,18.12465,819.49043,926.00000,662.00000,301.00000
141.85363,48.36056,211.15362,23.72022,173.91582,-7.56510,-7.56510,22.08843,-168.86770,843.21065,195.65592,-79.40159,-83.57617,18.11264,18.11264,843.21065,926.00000,662.00000,301.00000
141.79177,48.15124,210.94017,23.72384,173.81833,-7.55623,-7.55623,22.02131,-168.82334,866.93448,195.55091,-79.09232,-83.30127,18.10068,18.10068,866.93448,926.00000,662.00000,301.00000
141.72991,47.94191,210.72407,23.72746,173.71750,-7.54713,-7.54713,21.95474,-168.77914,890.66194,195.44225,-78.78427,-83.02746,18.08878,18.08878,890.66194,926.00000,662.00000,301.00000
141.66806,47.73259,210.50533,23.73108,173.61335,-7.53780,-7.53780,21.88872,-168.73509,914.39302,195.32993,-78.47746,-82.75475,18.07694,18.07694,914.39302,926.00000,662.00000,301.00000
141.60620,47.52326,210.28394,23.73471,173.50588,-7.52825,-7.52825,21.82324,-168.69121,938.12773,195.21396,-78.17189,-82.48316,18.06515,18.06515,938.12773,926.00000,662.00000,301.00000
141.55776,47.31159,210.06330,23.94433,165.56822,-5.91612,-5.91612,26.76122,-173.64764,962.07206,187.56359,-94.58589,-97.02311,18.64166,18.64166,962.07206,926.00000,662.00000,301.00000
141.53373,47.09564,209.84643,24.24768,158.16680,-4.56538,-4.56538,30.78593,-177.66561,986.31974,180.27605,-107.40609,-108.30615,19.00698,19.00698,986.31974,926.00000,662.00000,301.00000
141.52071,46.87775,209.63015,24.24785,157.95375,-4.53278,-4.53278,30.80212,-177.65612,1010.56759,180.05993,-107.34627,-108.25367,19.00547,19.00547,1010.56759,926.00000,662.00000,301.00000
141.50769,46.65987,209.41167,24.24801,157.73826,-4.50009,-4.50009,30.81879,-177.64667,1034.81560,179.84105,-107.28673,-108.20144,19.00398,19.00398,1034.81560,926.00000,662.00000,301.00000
141.49467,46.44198,209.19099,24.24817,157.52033,-4.46732,-4.46732,30.83595,-177.63725,1059.06377,179.61942,-107.22748,-108.14948,19.00250,19.00250,1059.06377,926.00000,662.00000,301.00000
141.48165,46.22410,208.96811,24.24834,157.29998,-4.43446,-4.43446,30.85360,-177.62786,1083.31211,179.39504,-107.16851,-108.09776,19.00104,19.00104,1083.31211,926.00000,662.00000,301.00000
141.46863,46.00621,208.74304,24.24850,157.07720,-4.40151,-4.40151,30.87175,-177.61851,1107.56061,179.16791,-107.10983,-108.04632,18.99959,18.99959,1107.56061,926.00000,662.00000,301.00000
141.45561,45.78833,208.51578,24.24867,156.85199,-4.36847,-4.36847,30.89039,-177.60919,1131.80928,178.93803,-107.05145,-107.99513,18.99816,18.99816,1131.80928,926.00000,662.00000,301.00000
141.44259,45.57045,208.28634,24.24883,156.62437,-4.33535,-4.33535,30.90953,-177.59991,1156.05811,178.70541,-106.99335,-107.94421,18.99674,18.99674,1156.05811,926.00000,662.00000,301.00000
141.42957,45.35256,208.05473,24.24900,156.39433,-4.30214,-4.30214,30.92916,-177.59066,1180.30711,178.47006,-106.93554,-107.89355,18.99535,18.99535,1180.30711,926.00000,662.00000,301.00000
141.40188,45.13749,207.81678,23.83364,165.94099,-6.10202,-6.10202,25.34634,-171.98201,1204.14075,187.81164,-88.96405,-92.07828,18.48488,18.48488,1204.14075,926.00000,662.00000,301.00000
141.34635,44.92778,207.56843,23.66346,173.40800,-7.72951,-7.72951,20.12405,-166.76100,1227.80420,194.89635,-71.41473,-76.51722,17.85064,17.85064,1227.80420,926.00000,662.00000,301.00000
141.27764,44.72061,207.31363,23.66792,173.26824,-7.72023,-7.72023,20.05546,-166.71519,1251.47212,194.74236,-71.09396,-76.23182,17.83792,17.83792,1251.47212,926.00000,662.00000,301.00000
141.20893,44.51343,207.05614,23.67237,173.12509,-7.71070,-7.71070,19.98743,-166.66956,1275.14449,194.58466,-70.77468,-75.94775,17.82527,17.82527,1275.14449,926.00000,662.00000,301.00000
141.14021,44.30626,206.79597,23.67683,172.97856,-7.70092,-7.70092,19.91997,-166.62412,1298.82133,194.42325,-70.45688,-75.66501,17.81267,17.81267,1298.82133,926.00000,662.00000,301.00000
141.07150,44.09908,206.53312,23.68129,172.82864,-7.69089,-7.69089,19.85308,-166.57887,1322.50261,194.25814,-70.14059,-75.38360,17.80015,17.80015,1322.50261,926.00000,662.00000,301.00000
141.00279,43.89191,206.26757,23.68574,172.67535,-7.68062,-7.68062,19.78676,-166.53380,1346.18835,194.08934,-69.82580,-75.10354,17.78769,17.78769,1346.18835,926.00000,662.00000,301.00000
140.93408,43.68473,205.99935,23.69019,172.51869,-7.67010,-7.67010,19.72101,-166.48892,1369.87855,193.91685,-69.51252,-74.82483,17.77530,17.77530,1369.87855,926.00000,662.00000,301.00000
140.86026,43.47945,205.72786,23.49500,175.08757,-8.33396,-8.33396,17.46006,-164.25000,1393.37355,196.24922,-61.72676,-67.88835,17.45593,17.45593,1393.37355,926.00000,662.00000,301.00000
140.77923,43.27685,205.45278,23.42869,175.99941,-8.60720,-8.60720,16.45384,-163.27470,1416.80224,197.03913,-58.19300,-64.73378,17.30372,17.30372,1416.80224,926.00000,662.00000,301.00000
140.69608,43.07503,205.17469,23.43511,175.84050,-8.60098,-8.60098,16.36762,-163.22263,1440.23735,196.85966,-57.81806,-64.39888,17.28734,17.28734,1440.23735,926.00000,662.00000,301.00000
140.61293,42.87322,204.89386,23.44151,175.67801,-8.59448,-8.59448,16.28196,-163.17078,1463.67886,196.67630,-57.44498,-64.06562,17.27104,17.27104,1416.79584,926.00000,662.00000,301.00000
140.52979,42.67140,204.61026,23.44792,175.51194,-8.58768,-8.58768,16.19688,-163.11915,1487.12678,196.48905,-57.07376,-63.73403,17.25481,17.25481,1393.34792,926.00000,662.00000,301.00000
140.42897,42.47905,204.32514,22.53712,182.88045,-11.07303,-11.07303,7.46754,-154.42931,1509.66390,202.59218,-26.55501,-36.32689,15.75135,15.75135,1370.81081,926.00000,662.00000,301.00000
140.30871,42.29714,204.03855,22.48577,183.24910,-11.32812,-11.32812,6.40377,-153.43574,1532.14966,202.76547,-22.75729,-32.89670,15.54148,15.54148,1348.32504,926.00000,662.00000,301.00000
140.18662,42.11621,203.74934,22.49864,183.05133,-11.32994,-11.32994,6.26515,-153.37026,1554.64831,202.53246,-22.23509,-32.42474,15.51228,15.51228,1325.82639,926.00000,662.00000,301.00000
140.06453,41.93527,203.45738,22.51150,182.84957,-11.33137,-11.33137,6.12701,-153.30508,1577.15981,202.29518,-21.71558,-31.95519,15.48320,15.48320,1303.31489,926.00000,662.00000,301.00000
139.94245,41.75433,203.16266,22.52435,182.64383,-11.33239,-11.33239,5.98936,-153.24021,1599.68416,202.05365,-21.19877,-31.48803,15.45423,15.45423,1280.79054,926.00000,662.00000,301.00000
139.82036,41.57340,202.86518,22.53718,182.43413,-11.33302,-11.33302,5.85220,-153.17564,1622.22134,201.80790,-20.68466,-31.02330,15.42538,15.42538,1258.25336,926.00000,662.00000,301.00000
139.68801,41.40092,202.56944,21.77408,184.47218,-12.94730,-12.94730,0.55815,-146.84237,1643.99542,202.55983,1.97332,-10.46441,14.06490,14.06490,1236.47928,926.00000,662.00000,301.00000
139.53954,41.24174,202.27811,21.47294,184.47420,-13.84226,-13.84226,4.48650,-143.01195,1665.46836,201.65829,15.82305,2.17679,13.14701,13.14701,1215.00634,926.00000,662.00000,301.00000
139.38521,41.08739,201.98685,21.49124,184.18489,-13.84307,-13.84307,4.65954,-142.94726,1686.95961,201.31929,16.40833,2.71222,13.10680,13.10680,1193.51510,926.00000,662.00000,301.00000
139.23088,40.93303,201.69315,21.50951,183.89173,-13.84344,-13.84344,4.83226,-142.88288,1708.46912,200.97624,16.99042,3.24481,13.06674,13.06674,1172.00558,926.00000,662.00000,301.00000
139.07655,40.77868,201.39698,21.52776,183.59473,-13.84335,-13.84335,5.00469,-142.81881,1729.99688,200.62916,17.56934,3.77454,13.02683,13.02683,1150.47782,926.00000,662.00000,301.00000
138.93657,40.61295,201.09231,22.36602,181.74623,-11.66660,-11.66660,3.72750,-151.65263,1752.36290,200.66691,-13.07325,-24.12258,14.97477,14.97477,1128.11181,926.00000,662.00000,301.00000
138.81623,40.43165,200.77678,22.80921,179.95259,-10.83786,-10.83786,6.69587,-154.69456,1775.17210,199.40729,-23.41040,-33.46818,15.55625,15.55625,1105.30260,926.00000,662.00000,301.00000
138.70120,40.24615,200.45626,22.82066,179.72016,-10.83415,-10.83415,6.57119,-154.63383,1797.99277,199.13934,-22.93975,-33.04343,15.53065,15.53065,1082.48193,926.00000,662.00000,301.00000
138.58617,40.06065,200.13296,22.83210,179.48393,-10.83006,-10.83006,6.44700,-154.57341,1820.82487,198.86735,-22.47174,-32.62105,15.50518,15.50518,1059.64983,926.00000,662.00000,301.00000
138.44583,39.91170,199.84041,18.86650,177.54749,-16.02637,-16.02637,16.75595,-131.45044,1839.69137,191.35548,57.61313,40.65171,9.99381,9.99381,1040.78333,926.00000,662.00000,301.00000
138.25600,39.83422,199.61157,18.88250,139.26291,-18.78789,-18.78789,43.90676,-104.44437,1858.57387,143.81401,138.42799,117.03989,1.59952,1.59952,1021.90083,926.00000,662.00000,301.00000
138.04191,39.79166,199.41427,18.89346,138.70083,-18.75789,-18.75789,44.10717,-104.43583,1877.46734,143.18727,138.79286,117.39326,1.55178,1.55178,1003.00736,926.00000,662.00000,301.00000
137.82783,39.74911,199.21663,18.90441,138.13677,-18.72759,-18.72759,44.30797,-104.42730,1896.37175,142.55853,139.15577,117.74486,1.50417,1.50417,984.10295,926.00000,662.00000,301.00000
137.61374,39.70655,199.01864,18.91535,137.57073,-18.69698,-18.69698,44.50918,-104.41880,1915.28711,141.92780,139.51674,118.09469,1.45669,1.45669,965.18759,926.00000,662.00000,301.00000
137.39966,39.66400,198.82034,18.92629,137.00273,-18.66606,-18.66606,44.71078,-104.41031,1934.21339,141.29508,139.87576,118.44275,1.40933,1.40933,946.26131,926.00000,662.00000,301.00000
137.18557,39.62144,198.62172,18.93721,136.43278,-18.63483,-18.63483,44.91279,-104.40183,1953.15060,140.66038,140.23283,118.78903,1.36209,1.36209,927.32410,926.00000,662.00000,301.00000
136.97149,39.57889,198.42281,18.94812,135.86087,-18.60329,-18.60329,45.11520,-104.39338,1972.09872,140.02373,140.58794,119.13353,1.31498,1.31498,908.37598,926.00000,662.00000,301.00000
136.75740,39.53633,198.22362,18.95903,135.28704,-18.57144,-18.57144,45.31802,-104.38494,1991.05775,139.38512,140.94110,119.47625,1.26799,1.26799,889.41695,926.00000,662.00000,301.00000
136.54332,39.49378,198.02416,18.96992,134.71128,-18.53929,-18.53929,45.52126,-104.37652,2010.02767,138.74456,141.29231,119.81718,1.22113,1.22113,870.44703,926.00000,662.00000,301.00000
136.32924,39.45122,197.82445,18.98080,134.13360,-18.50684,-18.50684,45.72490,-104.36812,2029.00847,138.10207,141.64155,120.15633,1.17440,1.17440,851.46623,926.00000,662.00000,301.00000
136.12444,39.38317,197.59313,19.75521,163.38774,-17.29655,-17.29655,28.57735,-121.70215,2048.76368,173.52078,94.51765,75.16487,6.58862,6.58862,831.71102,926.00000,662.00000,301.00000
135.93123,39.28357,197.32205,20.20596,167.57745,-16.80102,-16.80102,24.94204,-125.50110,2068.96964,178.91878,83.21093,64.54708,7.68252,7.68252,811.50506,926.00000,662.00000,301.00000
135.74025,39.17788,197.04205,20.22612,167.09724,-16.78430,-16.78430,25.14164,-125.46042,2089.19577,178.37433,83.71480,65.01904,7.63516,7.63516,791.27894,926.00000,662.00000,301.00000
135.54927,39.07220,196.76061,20.24624,166.61423,-16.76719,-16.76719,25.34141,-125.41992,2109.44201,177.82702,84.21573,65.48835,7.58797,7.58797,771.03269,926.00000,662.00000,301.00000
135.35828,38.96652,196.47773,20.26633,166.12844,-16.74968,-16.74968,25.54133,-125.37959,2129.70834,177.27685,84.71374,65.95499,7.54097,7.54097,750.76636,926.00000,662.00000,301.00000
135.16730,38.86084,196.19342,20.28638,165.63988,-16.73177,-16.73177,25.74141,-125.33943,2149.99473,176.72384,85.20882,66.41899,7.49414,7.49414,730.47998,926.00000,662.00000,301.00000
134.97632,38.75515,195.90770,20.30640,165.14856,-16.71346,-16.71346,25.94167,-125.29944,2170.30112,176.16801,85.70098,66.88032,7.44750,7.44750,710.17358,926.00000,662.00000,301.00000
134.78534,38.64947,195.62058,20.32638,164.65450,-16.69476,-16.69476,26.14210,-125.25963,2190.62750,175.60938,86.19022,67.33900,7.40103,7.40103,689.84720,926.00000,662.00000,301.00000
134.59435,38.54379,195.33206,20.34632,164.15771,-16.67567,-16.67567,26.34272,-125.21998,2210.97382,175.04796,86.67654,67.79502,7.35476,7.35476,669.50088,926.00000,662.00000,301.00000
134.40337,38.43811,195.04215,20.36623,163.65822,-16.65618,-16.65618,26.54352,-125.18051,2231.34005,174.48377,87.15994,68.24839,7.30866,7.30866,649.13465,926.00000,662.00000,301.00000
134.21239,38.33242,194.75089,20.38610,163.15602,-16.63629,-16.63629,26.74452,-125.14120,2251.72615,173.91683,87.64042,68.69910,7.26274,7.26274,628.74855,926.00000,662.00000,301.00000
134.02094,38.22760,194.45931,20.36336,161.95314,-16.68727,-16.68727,27.51803,-124.53013,2272.08951,172.45925,89.84560,70.76888,7.05059,7.05059,608.38519,926.00000,662.00000,301.00000
133.82867,38.12430,194.16829,20.35213,160.89356,-16.71927,-16.71927,28.15802,-124.05421,2292.44164,171.18836,91.62898,72.44431,6.87723,6.87723,588.03306,926.00000,662.00000,301.00000
133.63604,38.02165,193.87680,20.37173,160.37750,-16.69748,-16.69748,28.36041,-124.01702,2312.81337,170.60713,92.09463,72.88199,6.83170,6.83170,567.66133,926.00000,662.00000,301.00000
133.44341,37.91899,193.58405,20.39129,159.85886,-16.67531,-16.67531,28.56303,-123.97998,2333.20465,170.02326,92.55741,73.31708,6.78636,6.78636,547.27005,926.00000,662.00000,301.00000
133.25078,37.81634,193.29005,20.41081,159.33763,-16.65276,-16.65276,28.76589,-123.94310,2353.61546,169.43676,93.01734,73.74955,6.74121,6.74121,526.85924,926.00000,662.00000,301.00000
133.05815,37.71369,192.99482,20.43030,158.81385,-16.62982,-16.62982,28.96900,-123.90638,2374.04576,168.84767,93.47441,74.17941,6.69623,6.69623,506.42894,926.00000,662.00000,301.00000
132.86552,37.61104,192.69837,20.44975,158.28752,-16.60650,-16.60650,29.17237,-123.86982,2394.49551,168.25598,93.92862,74.60668,6.65145,6.65145,485.97919,926.00000,662.00000,301.00000
132.67290,37.50839,192.40071,20.46916,157.75867,-16.58281,-16.58281,29.37599,-123.83341,2414.96467,167.66172,94.37998,75.03134,6.60686,6.60686,465.51003,926.00000,662.00000,301.00000
132.47510,37.41703,192.11732,20.01544,146.12604,-17.26983,-17.26983,37.03057,-116.35131,2434.98012,153.37000,115.70094,95.21350,4.35858,4.35858,445.49458,926.00000,662.00000,301.00000
132.27186,37.33753,191.84930,20.01799,144.91388,-17.26852,-17.26852,37.62242,-115.94378,2454.99810,151.95440,117.11539,96.56177,4.19857,4.19857,425.47660,926.00000,662.00000,301.00000
132.06836,37.25860,191.58139,20.03497,144.34034,-17.23809,-17.23809,37.83136,-115.92021,2475.03307,151.31470,117.50443,96.93283,4.15431,4.15431,405.44163,926.00000,662.00000,301.00000
131.86484,37.17971,191.31290,20.05018,143.71052,-17.20961,-17.20961,38.07260,-115.86484,2495.08325,150.60725,117.97493,97.38171,4.10062,4.10062,385.39145,926.00000,662.00000,301.00000
131.66130,37.10089,191.04387,20.06670,143.12017,-17.17899,-17.17899,38.28965,-115.83420,2515.14995,149.94809,118.37791,97.76630,4.05452,4.05452,365.32475,926.00000,662.00000,301.00000
131.45775,37.02207,190.77424,20.08358,142.54011,-17.14752,-17.14752,38.49983,-115.81093,2535.23353,149.30183,118.75931,98.13038,4.01077,4.01077,345.24117,926.00000,662.00000,301.00000
131.25421,36.94326,190.50401,20.10044,141.95794,-17.11570,-17.11570,38.71042,-115.78775,2555.33397,148.65345,119.13827,98.49223,3.96719,3.96719,325.14073,926.00000,662.00000,301.00000
131.05066,36.86444,190.23319,20.11726,141.37369,-17.08355,-17.08355,38.92143,-115.76464,2575.45123,148.00298,119.51479,98.85183,3.92378,3.92378,305.02347,926.00000,662.00000,301.00000
130.84711,36.78563,189.96181,20.13406,140.78738,-17.05106,-17.05106,39.13287,-115.74162,2595.58529,147.35042,119.88887,99.20919,3.88055,3.88055,284.88941,926.00000,662.00000,301.00000
130.64869,36.69602,189.67421,20.53160,151.50576,-16.40704,-16.40704,32.18354,-122.87503,2616.11689,160.53005,101.02678,81.30205,5.93034,5.93034,264.35781,926.00000,662.00000,301.00000
130.45729,36.59168,189.36431,20.76751,154.42674,-16.10082,-16.10082,29.84261,-125.38776,2636.88441,164.25378,94.23131,74.90101,6.61051,6.61051,243.59029,926.00000,662.00000,301.00000
130.26779,36.48337,189.04752,20.78684,153.87815,-16.07389,-16.07389,30.04860,-125.35000,2657.67125,163.63972,94.66261,75.30654,6.56819,6.56819,222.80346,926.00000,662.00000,301.00000
130.07828,36.37506,188.72959,20.80612,153.32714,-16.04659,-16.04659,30.25490,-125.31241,2678.47737,163.02319,95.09099,75.70941,6.52607,6.52607,201.99733,926.00000,662.00000,301.00000
129.89000,36.26482,188.40784,20.89967,154.47273,-15.86643,-15.86643,29.15077,-126.58469,2699.37704,164.54428,91.77524,72.59375,6.84910,6.84910,181.09766,926.00000,662.00000,301.00000
129.70731,36.14581,188.07265,21.26638,159.22792,-15.24861,-15.24861,24.80094,-131.09704,2720.64342,170.72682,78.89027,60.53777,8.04490,8.04490,159.83128,926.00000,662.00000,301.00000
129.52897,36.01996,187.72648,21.28570,158.70213,-15.22366,-15.22366,25.00041,-131.05176,2741.92912,170.13740,79.33786,60.95524,8.00488,8.00488,138.54558,926.00000,662.00000,301.00000
129.35063,35.89411,187.37884,21.30498,158.17372,-15.19833,-15.19833,25.20010,-131.00670,2763.23411,169.54531,79.78232,61.36986,7.96508,7.96508,117.24060,926.00000,662.00000,301.00000
129.17229,35.76826,187.02975,21.32422,157.64269,-15.17260,-15.17260,25.40000,-130.96186,2784.55832,168.95057,80.22364,61.78161,7.92548,7.92548,95.91638,926.00000,662.00000,301.00000
128.99395,35.64241,186.67921,21.34340,157.10908,-15.14649,-15.14649,25.60014,-130.91723,2805.90173,168.35319,80.66183,62.19050,7.88609,7.88609,74.57298,926.00000,662.00000,301.00000
128.81561,35.51656,186.32723,21.36255,156.57289,-15.11999,-15.11999,25.80051,-130.87282,2827.26427,167.75319,81.09690,62.59654,7.84691,7.84691,53.21043,926.00000,662.00000,301.00000
128.62602,35.41294,186.00837,20.33159,135.38148,-16.56439,-16.56439,40.46156,-116.37900,2847.59586,141.52288,120.70786,99.98898,3.78892,3.78892,32.87884,926.00000,662.00000,301.00000
128.42214,35.33743,185.73250,20.29901,127.44889,-16.74988,-16.74988,44.68058,-112.35451,2867.89487,132.06283,130.59851,109.49081,2.58455,2.58455,12.57983,926.00000,662.00000,301.00000
89.67316,14.03565,0.00000,22.53601,9.92570,-3.81050,9.92570,nan,-69.81013,22.53601,0.00000,0.00000,-8.14707,-1.78213,-8.14707,22.53601,529.00000,606.00000,301.00000
89.47832,14.10836,0.00000,22.50356,10.10522,-3.67609,10.10522,nan,-68.05712,45.03957,0.00000,0.00000,-7.83230,-1.89978,-7.83230,45.03957,529.00000,606.00000,301.00000
89.28973,14.19520,0.00000,22.60035,10.91244,-3.34090,10.91244,nan,-61.10810,67.63991,0.00000,0.00000,-6.54749,-2.32874,-6.54749,67.63991,529.00000,606.00000,301.00000
89.10614,14.29333,0.00000,22.59281,10.84671,-3.26173,10.84671,nan,-61.09742,90.23273,0.00000,0.00000,-6.53691,-2.33194,-6.53691,90.23273,529.00000,606.00000,301.00000
88.92254,14.39147,0.00000,22.58523,10.78090,-3.18254,10.78090,nan,-61.08665,112.81796,0.00000,0.00000,-6.52632,-2.33510,-6.52632,112.81796,529.00000,606.00000,301.00000
88.73894,14.48960,0.00000,22.57760,10.71502,-3.10330,10.71502,nan,-61.07581,135.39555,0.00000,0.00000,-6.51573,-2.33819,-6.51573,135.39555,529.00000,606.00000,301.00000
88.55535,14.58773,0.00000,22.56991,10.64906,-3.02403,10.64906,nan,-61.06489,157.96547,0.00000,0.00000,-6.50513,-2.34123,-6.50513,157.96547,529.00000,606.00000,301.00000
88.37175,14.68586,0.00000,22.56218,10.58302,-2.94474,10.58302,nan,-61.05389,180.52764,0.00000,0.00000,-6.49453,-2.34422,-6.49453,180.52764,529.00000,606.00000,301.00000
88.18815,14.78399,0.00000,22.55439,10.51691,-2.86541,10.51691,nan,-61.04281,203.08204,0.00000,0.00000,-6.48391,-2.34714,-6.48391,203.08204,529.00000,606.00000,301.00000
88.00456,14.88213,0.00000,22.54656,10.45072,-2.78606,10.45072,nan,-61.03165,225.62860,0.00000,0.00000,-6.47330,-2.35000,-6.47330,225.62860,529.00000,606.00000,301.00000
87.82096,14.98026,0.00000,22.53868,10.38446,-2.70668,10.38446,nan,-61.02042,248.16728,0.00000,0.00000,-6.46268,-2.35280,-6.46268,248.16728,529.00000,606.00000,301.00000
87.63737,15.07839,0.00000,22.53074,10.31813,-2.62727,10.31813,nan,-61.00910,270.69802,0.00000,0.00000,-6.45206,-2.35554,-6.45206,270.69802,529.00000,606.00000,301.00000
87.45377,15.17652,0.00000,22.52276,10.25173,-2.54785,10.25173,nan,-60.99771,293.22078,0.00000,0.00000,-6.44145,-2.35821,-6.44145,293.22078,529.00000,606.00000,301.00000
87.27017,15.27466,0.00000,22.51473,10.18525,-2.46840,10.18525,nan,-60.98623,315.73551,0.00000,0.00000,-6.43083,-2.36082,-6.43083,315.73551,529.00000,606.00000,301.00000
87.08947,15.37738,0.00000,22.49040,10.44518,-2.26009,10.44518,nan,-57.93226,338.22592,0.00000,0.00000,-5.87216,-2.48886,-5.87216,338.22592,529.00000,606.00000,301.00000
86.91669,15.49267,0.00000,22.60560,10.87220,-1.94210,10.87220,nan,-52.64865,360.83152,0.00000,0.00000,-4.87976,-2.68450,-4.87976,360.83152,529.00000,606.00000,301.00000
86.74894,15.61595,0.00000,22.59705,10.80361,-1.86185,10.80361,nan,-52.63193,383.42857,0.00000,0.00000,-4.86812,-2.68654,-4.86812,383.42857,529.00000,606.00000,301.00000
86.58098,15.73877,0.00000,22.56386,10.71159,-1.79448,10.71159,nan,-52.88953,405.99243,0.00000,0.00000,-4.90801,-2.67976,-4.90801,405.99243,529.00000,606.00000,301.00000
86.39596,15.82546,0.00000,22.32443,7.97406,-2.60382,7.97406,nan,-75.25668,428.31686,0.00000,0.00000,-8.59450,-1.81208,-8.59450,428.31686,529.00000,606.00000,301.00000
86.19413,15.87646,0.00000,22.31916,7.90958,-2.52548,7.90958,nan,-75.25304,450.63602,0.00000,0.00000,-8.58636,-1.81471,-8.58636,450.63602,529.00000,606.00000,301.00000
85.99229,15.92746,0.00000,22.31386,7.84504,-2.44711,7.84504,nan,-75.24938,472.94988,0.00000,0.00000,-8.57827,-1.81726,-8.57827,472.94988,529.00000,606.00000,301.00000
85.78936,15.96355,0.00000,21.93821,6.41716,-2.61358,6.41716,nan,-83.81271,494.88809,0.00000,0.00000,-9.63908,-1.44088,-9.63908,494.88809,529.00000,606.00000,301.00000
85.58378,15.96365,0.00000,22.26475,4.17970,-2.78275,4.17970,nan,-95.98130,517.15284,0.00000,0.00000,-10.76344,-0.86829,-10.76344,517.15284,529.00000,606.00000,301.00000
85.37666,15.94269,0.00000,22.26705,4.11710,-2.70545,4.11710,nan,-95.98071,539.41989,0.00000,0.00000,-10.75927,-0.87105,-10.75927,539.41989,529.00000,606.00000,301.00000
85.16954,15.92172,0.00000,22.26935,4.05442,-2.62811,4.05442,nan,-95.98012,561.68924,0.00000,0.00000,-10.75517,-0.87372,-10.75517,561.68924,529.00000,606.00000,301.00000
84.96242,15.90076,0.00000,22.27165,3.99166,-2.55074,3.99166,nan,-95.97954,583.96088,0.00000,0.00000,-10.75114,-0.87632,-10.75114,583.96088,529.00000,606.00000,301.00000
84.75530,15.87980,0.00000,22.27394,3.92883,-2.47332,3.92883,nan,-95.97895,606.23482,0.00000,0.00000,-10.74718,-0.87883,-10.74718,606.23482,529.00000,606.00000,301.00000
84.54818,15.85883,0.00000,22.27623,3.86593,-2.39586,3.86593,nan,-95.97837,628.51106,0.00000,0.00000,-10.74328,-0.88126,-10.74328,628.51106,529.00000,606.00000,301.00000
84.34107,15.83787,0.00000,22.27852,3.80295,-2.31837,3.80295,nan,-95.97779,650.78958,0.00000,0.00000,-10.73946,-0.88362,-10.73946,650.78958,529.00000,606.00000,301.00000
84.13395,15.81690,0.00000,22.28081,3.73991,-2.24083,3.73991,nan,-95.97720,673.07039,0.00000,0.00000,-10.73570,-0.88589,-10.73570,673.07039,529.00000,606.00000,301.00000
83.92683,15.79594,0.00000,22.28309,3.67678,-2.16326,3.67678,nan,-95.97662,695.35348,0.00000,0.00000,-10.73201,-0.88808,-10.73201,695.35348,529.00000,606.00000,301.00000
83.71971,15.77498,0.00000,22.28537,3.61360,-2.08566,3.61360,nan,-95.97604,717.63885,0.00000,0.00000,-10.72838,-0.89019,-10.72838,717.63885,529.00000,606.00000,301.00000
83.51259,15.75401,0.00000,22.28765,3.55034,-2.00802,3.55034,nan,-95.97546,739.92649,0.00000,0.00000,-10.72483,-0.89222,-10.72483,739.92649,529.00000,606.00000,301.00000
83.30547,15.73305,0.00000,22.28992,3.48702,-1.93034,3.48702,nan,-95.97489,762.21641,0.00000,0.00000,-10.72134,-0.89418,-10.72134,762.21641,529.00000,606.00000,301.00000
83.09790,15.72123,0.00000,22.27051,4.38716,-1.76303,4.38716,nan,-90.73916,784.48692,0.00000,0.00000,-10.35745,-1.06485,-10.35745,784.48692,529.00000,606.00000,301.00000
82.88978,15.71981,0.00000,22.28241,4.45343,-1.67161,4.45343,nan,-90.01725,806.76933,0.00000,0.00000,-10.29740,-1.08818,-10.29740,806.76933,529.00000,606.00000,301.00000
82.68161,15.71965,0.00000,22.28242,4.38948,-1.59371,4.38948,nan,-90.01725,829.05175,0.00000,0.00000,-10.29305,-1.08979,-10.29305,829.05175,529.00000,606.00000,301.00000
82.47343,15.71949,0.00000,22.28244,4.32546,-1.51579,4.32546,nan,-90.01725,851.33419,0.00000,0.00000,-10.28876,-1.09132,-10.28876,851.33419,529.00000,606.00000,301.00000
82.26525,15.71933,0.00000,22.28246,4.26139,-1.43784,4.26139,nan,-90.01725,873.61665,0.00000,0.00000,-10.28453,-1.09277,-10.28453,873.61665,529.00000,606.00000,301.00000
82.05708,15.71917,0.00000,22.28248,4.19727,-1.35987,4.19727,nan,-90.01725,895.89913,0.00000,0.00000,-10.28037,-1.09415,-10.28037,895.89913,529.00000,606.00000,301.00000
81.84890,15.71901,0.00000,22.28249,4.13309,-1.28189,4.13309,nan,-90.01726,918.18162,0.00000,0.00000,-10.27627,-1.09545,-10.27627,918.18162,529.00000,606.00000,301.00000
81.64072,15.71885,0.00000,22.28251,4.06885,-1.20390,4.06885,nan,-90.01726,940.46414,0.00000,0.00000,-10.27223,-1.09667,-10.27223,940.46414,529.00000,606.00000,301.00000
81.43255,15.71869,0.00000,22.28253,4.00456,-1.12588,4.00456,nan,-90.01726,962.74666,0.00000,0.00000,-10.26826,-1.09782,-10.26826,962.74666,529.00000,606.00000,301.00000
81.22437,15.71853,0.00000,22.28255,3.94022,-1.04785,3.94022,nan,-90.01726,985.02921,0.00000,0.00000,-10.26435,-1.09889,-10.26435,985.02921,529.00000,606.00000,301.00000
81.01619,15.71837,0.00000,22.28256,3.87583,-0.96980,3.87583,nan,-90.01726,1007.31178,0.00000,0.00000,-10.26050,-1.09988,-10.26050,1007.31178,529.00000,606.00000,301.00000
80.80802,15.71822,0.00000,22.28258,3.81138,-0.89175,3.81138,nan,-90.01726,1029.59436,0.00000,0.00000,-10.25672,-1.10080,-10.25672,1029.59436,529.00000,606.00000,301.00000
80.59984,15.71806,0.00000,22.28260,3.74688,-0.81368,3.74688,nan,-90.01726,1051.87696,0.00000,0.00000,-10.25300,-1.10164,-10.25300,1051.87696,529.00000,606.00000,301.00000
80.39425,15.73673,0.00000,22.12518,5.55486,-0.51328,5.55486,nan,-79.10954,1074.00214,0.00000,0.00000,-9.36031,-1.22897,-9.36031,1074.00214,529.00000,606.00000,301.00000
80.19251,15.78353,0.00000,22.33997,6.33810,-0.31849,6.33810,nan,-73.75559,1096.34211,0.00000,0.00000,-8.79850,-1.26827,-8.79850,1096.34211,529.00000,606.00000,301.00000
79.99204,15.83964,0.00000,22.33426,6.27217,-0.23999,6.27217,nan,-73.75123,1118.67636,0.00000,0.00000,-8.79201,-1.26856,-8.79201,1118.67636,529.00000,606.00000,301.00000
79.79156,15.89575,0.00000,22.32853,6.20621,-0.16151,6.20621,nan,-73.74686,1141.00489,0.00000,0.00000,-8.78558,-1.26877,-8.78558,1141.00489,529.00000,606.00000,301.00000
79.59109,15.95186,0.00000,22.32278,6.14022,-0.08304,6.14022,nan,-73.74247,1163.32766,0.00000,0.00000,-8.77920,-1.26890,-8.77920,1163.32766,529.00000,606.00000,301.00000
79.39062,16.00797,0.00000,22.31700,6.07420,-0.00458,6.07420,nan,-73.73806,1185.64467,0.00000,0.00000,-8.77285,-1.26894,-8.77285,1185.64467,529.00000,606.00000,301.00000
79.19015,16.06408,0.00000,22.31122,6.00815,0.07386,6.00815,nan,-73.73364,1207.95588,0.00000,0.00000,-8.76656,-1.26891,-8.76656,1207.95588,529.00000,606.00000,301.00000
78.98967,16.12019,0.00000,22.30541,5.94206,0.15229,5.94206,nan,-73.72920,1230.26129,0.00000,0.00000,-8.76031,-1.26879,-8.76031,1230.26129,529.00000,606.00000,301.00000
78.78920,16.17630,0.00000,22.29958,5.87595,0.23070,5.87595,nan,-73.72474,1252.56087,0.00000,0.00000,-8.75411,-1.26858,-8.75411,1252.56087,529.00000,606.00000,301.00000
78.58873,16.23241,0.00000,22.29373,5.80982,0.30908,5.80982,nan,-73.72027,1274.85459,0.00000,0.00000,-8.74795,-1.26830,-8.74795,1274.85459,529.00000,606.00000,301.00000
78.38826,16.28851,0.00000,22.28786,5.74366,0.38745,5.74366,nan,-73.71577,1297.14245,0.00000,0.00000,-8.74185,-1.26793,-8.74185,1297.14245,529.00000,606.00000,301.00000
78.18778,16.34462,0.00000,22.28197,5.67747,0.46580,5.67747,nan,-73.71127,1319.42443,0.00000,0.00000,-8.73580,-1.26748,-8.73580,1319.42443,529.00000,606.00000,301.00000
77.98731,16.40073,0.00000,22.27606,5.61126,0.54413,5.61126,nan,-73.70674,1341.70049,0.00000,0.00000,-8.72980,-1.26695,-8.72980,1341.70049,529.00000,606.00000,301.00000
77.78684,16.45684,0.00000,22.27014,5.54502,0.62243,5.54502,nan,-73.70220,1363.97063,0.00000,0.00000,-8.72384,-1.26632,-8.72384,1363.97063,529.00000,606.00000,301.00000
77.58637,16.51295,0.00000,22.26419,5.47876,0.70071,5.47876,nan,-73.69764,1386.23482,0.00000,0.00000,-8.71793,-1.26561,-8.71793,1386.23482,529.00000,606.00000,301.00000
77.38589,16.56906,0.00000,22.25823,5.41248,0.77896,5.41248,nan,-73.69306,1408.49305,0.00000,0.00000,-8.71209,-1.26482,-8.71209,1408.49305,529.00000,606.00000,301.00000
77.18542,16.62517,0.00000,22.25224,5.34618,0.85719,5.34618,nan,-73.68847,1430.74529,0.00000,0.00000,-8.70629,-1.26394,-8.70629,1430.74529,529.00000,606.00000,301.00000
76.98495,16.68128,0.00000,22.24624,5.27986,0.93539,5.27986,nan,-73.68385,1452.99152,0.00000,0.00000,-8.70054,-1.26297,-8.70054,1452.99152,529.00000,606.00000,301.00000
76.78448,16.73739,0.00000,22.24021,5.21352,1.01356,5.21352,nan,-73.67922,1475.23173,0.00000,0.00000,-8.69485,-1.26191,-8.69485,1475.23173,529.00000,606.00000,301.00000
76.58543,16.79692,0.00000,22.17005,5.46314,1.13722,5.46314,nan,-71.56816,1497.40178,0.00000,0.00000,-8.49276,-1.22120,-8.49276,1453.06168,529.00000,606.00000,301.00000
76.39626,16.88003,0.00000,22.40047,7.09611,1.45052,7.09611,nan,-59.12964,1519.80225,0.00000,0.00000,-7.11774,-0.93794,-7.11774,1430.66121,529.00000,606.00000,301.00000
76.21551,16.98331,0.00000,22.39141,7.02785,1.52889,7.02785,nan,-59.11564,1542.19366,0.00000,0.00000,-7.10954,-0.93620,-7.10954,1408.26980,529.00000,606.00000,301.00000
76.03477,17.08660,0.00000,22.38230,6.95957,1.60722,6.95957,nan,-59.10155,1564.57596,0.00000,0.00000,-7.10138,-0.93438,-7.10138,1385.88750,529.00000,606.00000,301.00000
75.85402,17.18989,0.00000,22.37314,6.89128,1.68549,6.89128,nan,-59.08736,1586.94910,0.00000,0.00000,-7.09325,-0.93244,-7.09325,1363.51436,529.00000,606.00000,301.00000
75.67327,17.29317,0.00000,22.36392,6.82298,1.76372,6.82298,nan,-59.07309,1609.31302,0.00000,0.00000,-7.08514,-0.93040,-7.08514,1341.15044,529.00000,606.00000,301.00000
75.49253,17.39646,0.00000,22.35466,6.75466,1.84190,6.75466,nan,-59.05871,1631.66768,0.00000,0.00000,-7.07707,-0.92827,-7.07707,1318.79578,529.00000,606.00000,301.00000
75.31178,17.49974,0.00000,22.34534,6.68633,1.92003,6.68633,nan,-59.04425,1654.01301,0.00000,0.00000,-7.06904,-0.92602,-7.06904,1296.45045,529.00000,606.00000,301.00000
75.13103,17.60303,0.00000,22.33596,6.61799,1.99811,6.61799,nan,-59.02969,1676.34898,0.00000,0.00000,-7.06103,-0.92366,-7.06103,1274.11448,529.00000,606.00000,301.00000
74.95028,17.70631,0.00000,22.32654,6.54964,2.07613,6.54964,nan,-59.01503,1698.67552,0.00000,0.00000,-7.05307,-0.92119,-7.05307,1251.78794,529.00000,606.00000,301.00000
74.76954,17.80960,0.00000,22.31707,6.48129,2.15410,6.48129,nan,-59.00028,1720.99259,0.00000,0.00000,-7.04515,-0.91862,-7.04515,1229.47088,529.00000,606.00000,301.00000
74.58879,17.91288,0.00000,22.30754,6.41293,2.23202,6.41293,nan,-58.98544,1743.30012,0.00000,0.00000,-7.03725,-0.91594,-7.03725,1207.16334,529.00000,606.00000,301.00000
74.40804,18.01617,0.00000,22.29796,6.34456,2.30987,6.34456,nan,-58.97050,1765.59808,0.00000,0.00000,-7.02940,-0.91314,-7.02940,1184.86538,529.00000,606.00000,301.00000
74.22729,18.11946,0.00000,22.28833,6.27619,2.38767,6.27619,nan,-58.95547,1787.88641,0.00000,0.00000,-7.02159,-0.91023,-7.02159,1162.57705,529.00000,606.00000,301.00000
74.04655,18.22274,0.00000,22.27865,6.20782,2.46541,6.20782,nan,-58.94034,1810.16506,0.00000,0.00000,-7.01382,-0.90721,-7.01382,1140.29840,529.00000,606.00000,301.00000
73.86580,18.32603,0.00000,22.26891,6.13944,2.54309,6.13944,nan,-58.92512,1832.43397,0.00000,0.00000,-7.00609,-0.90408,-7.00609,1118.02949,529.00000,606.00000,301.00000
73.68505,18.42931,0.00000,22.25913,6.07106,2.62071,6.07106,nan,-58.90980,1854.69310,0.00000,0.00000,-6.99840,-0.90082,-6.99840,1095.77036,529.00000,606.00000,301.00000
73.50431,18.53260,0.00000,22.24929,6.00268,2.69826,6.00268,nan,-58.89439,1876.94239,0.00000,0.00000,-6.99075,-0.89745,-6.99075,1073.52107,529.00000,606.00000,301.00000
73.32356,18.63588,0.00000,22.23940,5.93431,2.77575,5.93431,nan,-58.87888,1899.18179,0.00000,0.00000,-6.98315,-0.89397,-6.98315,1051.28167,529.00000,606.00000,301.00000
73.14281,18.73917,0.00000,22.22946,5.86593,2.85317,5.86593,nan,-58.86327,1921.41125,0.00000,0.00000,-6.97560,-0.89036,-6.97560,1029.05221,529.00000,606.00000,301.00000
72.96206,18.84245,0.00000,22.21947,5.79756,2.93052,5.79756,nan,-58.84757,1943.63072,0.00000,0.00000,-6.96809,-0.88664,-6.96809,1006.83274,529.00000,606.00000,301.00000
72.78132,18.94574,0.00000,22.20943,5.72919,3.00781,5.72919,nan,-58.83177,1965.84015,0.00000,0.00000,-6.96063,-0.88280,-6.96063,984.62331,529.00000,606.00000,301.00000
72.60057,19.04903,0.00000,22.19933,5.66082,3.08502,5.66082,nan,-58.81588,1988.03948,0.00000,0.00000,-6.95321,-0.87884,-6.95321,962.42398,529.00000,606.00000,301.00000
72.42894,19.16310,0.00000,22.00441,6.49975,3.25284,6.49975,nan,-50.84598,2010.04389,0.00000,0.00000,-6.09981,-0.43402,-6.09981,940.41957,529.00000,606.00000,301.00000
72.28161,19.30597,0.00000,22.63276,7.63911,3.34175,7.63911,nan,-37.76156,2032.67665,0.00000,0.00000,-4.47154,0.32525,-4.47154,917.78681,529.00000,606.00000,301.00000
72.14948,19.46683,0.00000,22.62438,7.56552,3.41874,7.56552,nan,-37.73397,2055.30103,0.00000,0.00000,-4.46208,0.32946,-4.46208,895.16243,529.00000,606.00000,301.00000
72.01734,19.62770,0.00000,22.61593,7.49191,3.49565,7.49191,nan,-37.70615,2077.91696,0.00000,0.00000,-4.45264,0.33379,-4.45264,872.54651,529.00000,606.00000,301.00000
71.88521,19.78857,0.00000,22.60742,7.41825,3.57249,7.41825,nan,-37.67809,2100.52437,0.00000,0.00000,-4.44321,0.33826,-4.44321,849.93909,529.00000,606.00000,301.00000
71.75307,19.94943,0.00000,22.59885,7.34457,3.64924,7.34457,nan,-37.64980,2123.12322,0.00000,0.00000,-4.43381,0.34286,-4.43381,827.34024,529.00000,606.00000,301.00000
71.62094,20.11030,0.00000,22.59021,7.27086,3.72590,7.27086,nan,-37.62126,2145.71343,0.00000,0.00000,-4.42441,0.34760,-4.42441,804.75003,529.00000,606.00000,301.00000
71.48880,20.27116,0.00000,22.58152,7.19712,3.80248,7.19712,nan,-37.59248,2168.29496,0.00000,0.00000,-4.41504,0.35248,-4.41504,782.16851,529.00000,606.00000,301.00000
71.35667,20.43203,0.00000,22.57277,7.12336,3.87897,7.12336,nan,-37.56346,2190.86772,0.00000,0.00000,-4.40569,0.35749,-4.40569,759.59574,529.00000,606.00000,301.00000
71.22453,20.59289,0.00000,22.56395,7.04957,3.95537,7.04957,nan,-37.53420,2213.43168,0.00000,0.00000,-4.39637,0.36264,-4.39637,737.03179,529.00000,606.00000,301.00000
71.09239,20.75376,0.00000,22.55508,6.97576,4.03168,6.97576,nan,-37.50470,2235.98675,0.00000,0.00000,-4.38707,0.36794,-4.38707,714.47671,529.00000,606.00000,301.00000
70.94068,20.89188,0.00000,21.93508,5.35124,4.04238,5.35124,nan,-54.18391,2257.92183,0.00000,0.00000,-6.18879,-0.81243,-6.18879,692.54163,529.00000,606.00000,301.00000
70.76563,21.00286,0.00000,22.02400,4.92448,4.06615,4.92448,nan,-57.40316,2279.94584,0.00000,0.00000,-6.47206,-1.03595,-6.47206,670.51762,529.00000,606.00000,301.00000
70.58683,21.10947,0.00000,22.01280,4.85590,4.14246,4.85590,nan,-57.38439,2301.95864,0.00000,0.00000,-6.46499,-1.03002,-6.46499,648.50482,529.00000,606.00000,301.00000
70.40802,21.21608,0.00000,22.00155,4.78734,4.21866,4.78734,nan,-57.36550,2323.96019,0.00000,0.00000,-6.45799,-1.02394,-6.45799,626.50327,529.00000,606.00000,301.00000
70.22921,21.32269,0.00000,21.99025,4.71880,4.29479,4.71880,nan,-57.34650,2345.95044,0.00000,0.00000,-6.45104,-1.01772,-6.45104,604.51302,529.00000,606.00000,301.00000
70.05041,21.42930,0.00000,21.97889,4.65028,4.37082,4.65028,nan,-57.32740,2367.92933,0.00000,0.00000,-6.44417,-1.01136,-6.44417,582.53413,529.00000,606.00000,301.00000
69.87160,21.53591,0.00000,21.96748,4.58178,4.44675,4.58178,nan,-57.30819,2389.89681,0.00000,0.00000,-6.43735,-1.00485,-6.43735,560.56665,529.00000,606.00000,301.00000
69.69280,21.64252,0.00000,21.95602,4.51330,4.52260,4.51330,nan,-57.28886,2411.85284,0.00000,0.00000,-6.43061,-0.99820,-6.43061,538.61062,529.00000,606.00000,301.00000
69.51399,21.74913,0.00000,21.94451,4.44485,4.59835,4.44485,nan,-57.26943,2433.79735,0.00000,0.00000,-6.42394,-0.99141,-6.42394,516.66611,529.00000,606.00000,301.00000
69.33518,21.85574,0.00000,21.93295,4.37643,4.67400,4.37643,nan,-57.24988,2455.73031,0.00000,0.00000,-6.41733,-0.98447,-6.41733,494.73316,529.00000,606.00000,301.00000
69.15638,21.96235,0.00000,21.92134,4.30803,4.74956,4.30803,nan,-57.23023,2477.65164,0.00000,0.00000,-6.41079,-0.97738,-6.41079,472.81182,529.00000,606.00000,301.00000
68.97757,22.06896,0.00000,21.90968,4.23966,4.82501,4.23966,nan,-57.21046,2499.56132,0.00000,0.00000,-6.40433,-0.97014,-6.40433,450.90214,529.00000,606.00000,301.00000
68.79876,22.17557,0.00000,21.89796,4.17132,4.90037,4.17132,nan,-57.19059,2521.45928,0.00000,0.00000,-6.39794,-0.96275,-6.39794,429.00418,529.00000,606.00000,301.00000
68.61996,22.28218,0.00000,21.88619,4.10301,4.97562,4.10301,nan,-57.17060,2543.34547,0.00000,0.00000,-6.39163,-0.95521,-6.39163,407.11799,529.00000,606.00000,301.00000
68.44115,22.38879,0.00000,21.87438,4.03473,5.05077,4.03473,nan,-57.15050,2565.21985,0.00000,0.00000,-6.38538,-0.94752,-6.38538,385.24361,529.00000,606.00000,301.00000
68.26234,22.49540,0.00000,21.86251,3.96647,5.12582,3.96647,nan,-57.13029,2587.08236,0.00000,0.00000,-6.37922,-0.93967,-6.37922,363.38110,529.00000,606.00000,301.00000
68.08354,22.60201,0.00000,21.85059,3.89826,5.20076,3.89826,nan,-57.10996,2608.93295,0.00000,0.00000,-6.37313,-0.93168,-6.37313,341.53051,529.00000,606.00000,301.00000
67.90473,22.70862,0.00000,21.83862,3.83007,5.27559,3.83007,nan,-57.08953,2630.77157,0.00000,0.00000,-6.36711,-0.92353,-6.36711,319.69189,529.00000,606.00000,301.00000
67.72592,22.81523,0.00000,21.82660,3.76193,5.35031,3.76193,nan,-57.06898,2652.59818,0.00000,0.00000,-6.36118,-0.91522,-6.36118,297.86529,529.00000,606.00000,301.00000
67.54712,22.92184,0.00000,21.81453,3.69382,5.42493,3.69382,nan,-57.04831,2674.41271,0.00000,0.00000,-6.35532,-0.90676,-6.35532,276.05075,529.00000,606.00000,301.00000
67.36831,23.02845,0.00000,21.80241,3.62574,5.49943,3.62574,nan,-57.02754,2696.21512,0.00000,0.00000,-6.34955,-0.89814,-6.34955,254.24834,529.00000,606.00000,301.00000
67.18999,23.13586,0.00000,21.80464,3.61644,5.58187,3.61644,nan,-56.47454,2718.01976,0.00000,0.00000,-6.31018,-0.83790,-6.31018,232.44371,529.00000,606.00000,301.00000
67.01244,23.24455,0.00000,21.80219,3.58407,5.66075,3.58407,nan,-56.12776,2739.82195,0.00000,0.00000,-6.28400,-0.79702,-6.28400,210.64151,529.00000,606.00000,301.00000
66.83519,23.35373,0.00000,21.78986,3.51596,5.73486,3.51596,nan,-56.10585,2761.61181,0.00000,0.00000,-6.27831,-0.78789,-6.27831,188.85166,529.00000,606.00000,301.00000
66.65795,23.46291,0.00000,21.77747,3.44789,5.80886,3.44789,nan,-56.08383,2783.38927,0.00000,0.00000,-6.27270,-0.77859,-6.27270,167.07419,529.00000,606.00000,301.00000
66.48070,23.57209,0.00000,21.76503,3.37987,5.88274,3.37987,nan,-56.06168,2805.15430,0.00000,0.00000,-6.26717,-0.76913,-6.26717,145.30916,529.00000,606.00000,301.00000
66.30345,23.68127,0.00000,21.75254,3.31188,5.95649,3.31188,nan,-56.03941,2826.90684,0.00000,0.00000,-6.26174,-0.75950,-6.26174,123.55663,529.00000,606.00000,301.00000
66.12620,23.79045,0.00000,21.73999,3.24394,6.03013,3.24394,nan,-56.01702,2848.64683,0.00000,0.00000,-6.25638,-0.74971,-6.25638,101.81663,529.00000,606.00000,301.00000
65.94895,23.89963,0.00000,21.72740,3.17605,6.10364,3.17605,nan,-55.99451,2870.37423,0.00000,0.00000,-6.25111,-0.73976,-6.25111,80.08923,529.00000,606.00000,301.00000
65.77170,24.00881,0.00000,21.71476,3.10821,6.17703,3.10821,nan,-55.97187,2892.08899,0.00000,0.00000,-6.24593,-0.72964,-6.24593,58.37447,529.00000,606.00000,301.00000
65.59445,24.11799,0.00000,21.70206,3.04041,6.25029,3.04041,nan,-55.94911,2913.79105,0.00000,0.00000,-6.24084,-0.71935,-6.24084,36.67241,529.00000,606.00000,301.00000
65.41720,24.22717,0.00000,21.68932,2.97266,6.32343,2.97266,nan,-55.92623,2935.48037,0.00000,0.00000,-6.23584,-0.70889,-6.23584,14.98310,529.00000,606.00000,301.00000
65.23995,24.33635,0.00000,21.67652,2.90496,6.39644,2.90496,nan,-55.90323,2957.15688,0.00000,0.00000,-6.23093,-0.69826,-6.23093,-6.69342,529.00000,606.00000,301.00000
65.06270,24.44553,0.00000,21.66367,2.83732,6.46932,2.83732,nan,-55.88010,2978.82056,0.00000,0.00000,-6.22611,-0.68746,-6.22611,-28.35709,529.00000,606.00000,301.00000
14.37584,39.88336,19.46959,23.65900,-12.28908,-29.24557,0.00000,50.86178,45.77090,23.65900,-12.28908,15.10111,15.10111,22.13659,0.00000,23.65900,301.00000,0.00000,307.00000
14.57474,40.03161,19.44534,23.63265,-12.20044,-29.35461,0.00000,51.13981,45.70862,47.29165,-12.20044,15.14168,15.14168,22.23366,0.00000,47.29165,301.00000,0.00000,307.00000
14.77364,40.17985,19.42115,23.60625,-12.11135,-29.46245,0.00000,51.41930,45.64602,70.89790,-12.11135,15.18211,15.18211,22.33146,0.00000,70.89790,301.00000,0.00000,307.00000
14.97254,40.32810,19.39704,23.57979,-12.02181,-29.56907,0.00000,51.70024,45.58308,94.47769,-12.02181,15.22239,15.22239,22.42999,0.00000,94.47769,301.00000,0.00000,307.00000
15.17674,40.46595,19.37201,22.69110,-13.40431,-31.78334,0.00000,46.21595,51.28121,117.16879,-13.40431,13.98568,13.98568,19.44561,0.00000,117.16879,301.00000,0.00000,307.00000
15.39999,40.56643,19.34346,21.61735,-16.75480,-36.12951,0.00000,29.98300,67.71683,138.78614,-16.75480,9.66676,9.66676,9.71930,0.00000,138.78614,301.00000,0.00000,307.00000
15.63692,40.63990,19.31229,21.59700,-16.68895,-36.26434,0.00000,30.21282,67.69467,160.38314,-16.68895,9.71820,9.71820,9.83064,0.00000,160.38314,301.00000,0.00000,307.00000
15.87386,40.71338,19.28105,21.57661,-16.62274,-36.39820,0.00000,30.44363,67.67244,181.95975,-16.62274,9.76952,9.76952,9.94260,0.00000,181.95975,301.00000,0.00000,307.00000
16.11080,40.78685,19.24976,21.55620,-16.55616,-36.53110,0.00000,30.67545,67.65012,203.51596,-16.55616,9.82073,9.82073,10.05516,0.00000,203.51596,301.00000,0.00000,307.00000
16.35101,40.84640,19.21755,21.09593,-17.75201,-37.75267,0.00000,22.52092,76.00757,224.61188,-17.75201,7.36072,7.36072,4.72856,0.00000,224.61188,301.00000,0.00000,307.00000
16.59523,40.88872,19.18418,21.04551,-17.94515,-38.04510,0.00000,20.70493,78.02221,245.65740,-17.94515,6.78267,6.78267,3.50116,0.00000,245.65740,301.00000,0.00000,307.00000
16.84021,40.92774,19.15050,21.03363,-17.88924,-38.19323,0.00000,20.91044,78.01533,266.69103,-17.88924,6.83497,6.83497,3.61243,0.00000,266.69103,301.00000,0.00000,307.00000
17.08519,40.96676,19.11670,21.02173,-17.83299,-38.34053,0.00000,21.11670,78.00843,287.71276,-17.83299,6.88715,6.88715,3.72422,0.00000,287.71276,301.00000,0.00000,307.00000
17.33017,41.00578,19.08279,21.00983,-17.77639,-38.48698,0.00000,21.32372,78.00152,308.72258,-17.77639,6.93921,6.93921,3.83654,0.00000,308.72258,301.00000,0.00000,307.00000
17.57515,41.04480,19.04876,20.99791,-17.71946,-38.63259,0.00000,21.53151,77.99459,329.72049,-17.71946,6.99114,6.99114,3.94939,0.00000,287.72467,301.00000,0.00000,307.00000
17.82013,41.08382,19.01462,20.98599,-17.66218,-38.77734,0.00000,21.74008,77.98766,350.70648,-17.66218,7.04295,7.04295,4.06274,0.00000,266.73868,301.00000,0.00000,307.00000
18.05953,41.09012,18.98008,19.80515,-18.97396,-37.92408,0.00000,1.45571,98.45495,370.51163,-18.97396,0.48217,0.48217,-9.67409,0.00000,246.93353,301.00000,0.00000,307.00000
18.28537,41.01753,18.94462,22.54380,-17.06551,-29.47257,0.00000,25.73520,125.77462,393.05543,-17.06551,-8.22599,-8.22599,-25.95550,0.00000,224.38973,301.00000,0.00000,307.00000
18.50318,40.89880,18.90848,22.57047,-17.05284,-29.72615,0.00000,25.59608,125.72589,415.62590,-17.05284,-8.16892,-8.16892,-25.85647,0.00000,201.81926,301.00000,0.00000,307.00000
18.72099,40.78008,18.87207,22.59710,-17.03964,-29.97897,0.00000,25.45772,125.67738,438.22300,-17.03964,-8.11206,-8.11206,-25.75690,0.00000,179.22217,301.00000,0.00000,307.00000
18.93880,40.66135,18.83537,22.62368,-17.02591,-30.23102,0.00000,25.32010,125.62911,460.84668,-17.02591,-8.05542,-8.05542,-25.65678,0.00000,156.59849,301.00000,0.00000,307.00000
19.15661,40.54262,18.79840,22.65021,-17.01164,-30.48229,0.00000,25.18323,125.58107,483.49689,-17.01164,-7.99899,-7.99899,-25.55614,0.00000,133.94828,301.00000,0.00000,307.00000
19.37442,40.42389,18.76115,22.67669,-16.99685,-30.73278,0.00000,25.04712,125.53326,506.17358,-16.99685,-7.94279,-7.94279,-25.45496,0.00000,111.27158,301.00000,0.00000,307.00000
19.59223,40.30517,18.72362,22.70313,-16.98153,-30.98249,0.00000,24.91175,125.48567,528.87671,-16.98153,-7.88680,-7.88680,-25.35327,0.00000,88.56845,301.00000,0.00000,307.00000
19.81004,40.18644,18.68581,22.72952,-16.96568,-31.23141,0.00000,24.77712,125.43832,551.60623,-16.96568,-7.83103,-7.83103,-25.25107,0.00000,65.83894,301.00000,0.00000,307.00000
20.02785,40.06771,18.64772,22.75585,-16.94931,-31.47954,0.00000,24.64324,125.39119,574.36208,-16.94931,-7.77548,-7.77548,-25.14836,0.00000,43.08308,301.00000,0.00000,307.00000
20.24566,39.94898,18.60934,22.78214,-16.93242,-31.72687,0.00000,24.51011,125.34428,597.14422,-16.93242,-7.72016,-7.72016,-25.04515,0.00000,20.30094,301.00000,0.00000,307.00000
20.46347,39.83026,18.57068,22.80838,-16.91500,-31.97339,0.00000,24.37773,125.29760,619.95260,-16.91500,-7.66506,-7.66506,-24.94146,0.00000,-2.50744,301.00000,0.00000,307.00000
141.75779,55.69807,216.52299,23.96718,147.75880,-3.08783,-3.08783,38.43656,173.72836,23.96718,169.60179,-134.60102,-132.14216,19.66821,19.66821,23.96718,926.00000,662.00000,301.00000
141.79946,55.48381,216.40859,23.96874,147.44518,-3.02865,-3.02865,38.52897,173.69444,47.93592,169.29498,-134.80314,-132.31822,19.67185,19.67185,47.93592,926.00000,662.00000,301.00000
141.84113,55.26955,216.29246,23.97031,147.12968,-2.96948,-2.96948,38.62167,173.66061,71.90622,168.98595,-135.00437,-132.49344,19.67542,19.67542,71.90622,926.00000,662.00000,301.00000
141.88279,55.05529,216.17461,23.97188,146.81229,-2.91031,-2.91031,38.71464,173.62687,95.87810,168.67470,-135.20469,-132.66783,19.67891,19.67891,95.87810,926.00000,662.00000,301.00000
141.92446,54.84104,216.05503,23.97345,146.49303,-2.85116,-2.85116,38.80789,173.59322,119.85155,168.36124,-135.40410,-132.84137,19.68232,19.68232,119.85155,926.00000,662.00000,301.00000
141.96613,54.62678,215.93376,23.97503,146.17189,-2.79204,-2.79204,38.90143,173.55967,143.82658,168.04559,-135.60261,-133.01406,19.68565,19.68565,143.82658,926.00000,662.00000,301.00000
142.00779,54.41252,215.81078,23.97661,145.84890,-2.73292,-2.73292,38.99524,173.52621,167.80319,167.72775,-135.80021,-133.18591,19.68890,19.68890,167.80319,926.00000,662.00000,301.00000
142.04946,54.19826,215.68611,23.97820,145.52407,-2.67383,-2.67383,39.08934,173.49285,191.78139,167.40773,-135.99688,-133.35691,19.69207,19.69207,191.78139,926.00000,662.00000,301.00000
142.09113,53.98400,215.55976,23.97979,145.19740,-2.61476,-2.61476,39.18373,173.45958,215.76117,167.08554,-136.19264,-133.52705,19.69517,19.69517,215.76117,926.00000,662.00000,301.00000
142.13280,53.76974,215.43175,23.98138,144.86889,-2.55571,-2.55571,39.27840,173.42640,239.74256,166.76118,-136.38749,-133.69634,19.69819,19.69819,239.74256,926.00000,662.00000,301.00000
142.17446,53.55548,215.30206,23.98298,144.53856,-2.49667,-2.49667,39.37335,173.39332,263.72553,166.43467,-136.58140,-133.86477,19.70113,19.70113,263.72553,926.00000,662.00000,301.00000
142.21613,53.34122,215.17072,23.98458,144.20641,-2.43767,-2.43767,39.46859,173.36034,287.71012,166.10601,-136.77438,-134.03234,19.70399,19.70399,287.71012,926.00000,662.00000,301.00000
142.24299,53.12548,215.03285,24.16725,154.48638,-4.00160,-4.00160,34.81445,178.07571,311.87737,176.54309,-122.76670,-121.82161,19.44075,19.44075,311.87737,926.00000,662.00000,301.00000
142.24989,52.90774,214.88644,24.27040,157.74237,-4.52232,-4.52232,33.19322,179.73297,336.14777,179.82323,-117.64263,-117.33217,19.31818,19.31818,336.14777,926.00000,662.00000,301.00000
142.25157,52.68947,214.73618,24.27041,157.55151,-4.48468,-4.48468,33.22213,179.73163,360.41818,179.63814,-117.65104,-117.33955,19.31839,19.31839,360.41818,926.00000,662.00000,301.00000
142.25325,52.47120,214.58378,24.27041,157.35837,-4.44698,-4.44698,33.25146,179.73029,384.68859,179.45045,-117.65941,-117.34689,19.31860,19.31860,384.68859,926.00000,662.00000,301.00000
142.25493,52.25294,214.42926,24.27041,157.16296,-4.40923,-4.40923,33.28120,179.72896,408.95900,179.26017,-117.66775,-117.35420,19.31881,19.31881,408.95900,926.00000,662.00000,301.00000
142.25662,52.03467,214.27262,24.27041,156.96530,-4.37141,-4.37141,33.31136,179.72764,433.22941,179.06731,-117.67606,-117.36149,19.31901,19.31901,433.22941,926.00000,662.00000,301.00000
142.25830,51.81641,214.11386,24.27042,156.76536,-4.33353,-4.33353,33.34193,179.72631,457.49983,178.87187,-117.68433,-117.36874,19.31921,19.31921,457.49983,926.00000,662.00000,301.00000
142.25998,51.59814,213.95299,24.27042,156.56317,-4.29559,-4.29559,33.37292,179.72500,481.77025,178.67385,-117.69257,-117.37596,19.31941,19.31941,481.77025,926.00000,662.00000,301.00000
142.26166,51.37987,213.79002,24.27042,156.35872,-4.25759,-4.25759,33.40433,179.72368,506.04067,178.47325,-117.70078,-117.38315,19.31961,19.31961,506.04067,926.00000,662.00000,301.00000
142.26335,51.16161,213.62494,24.27043,156.15202,-4.21954,-4.21954,33.43616,179.72237,530.31110,178.27007,-117.70895,-117.39031,19.31980,19.31980,530.31110,926.00000,662.00000,301.00000
142.26145,50.94358,213.45681,24.21943,158.34236,-4.58088,-4.58088,32.28061,-179.09163,554.53053,180.46549,-114.00007,-114.13883,19.22882,19.22882,554.53053,926.00000,662.00000,301.00000
142.24316,50.72666,213.28210,24.12336,166.25695,-5.97394,-5.97394,28.00387,-174.79189,578.65389,188.31016,-100.14259,-101.94136,18.83220,18.83220,578.65389,926.00000,662.00000,301.00000
142.21213,50.51061,213.10157,24.12427,166.13489,-5.95249,-5.95249,27.98187,-174.76814,602.77817,188.18916,-99.98559,-101.80276,18.82723,18.82723,602.77817,926.00000,662.00000,301.00000
142.18109,50.29455,212.91860,24.12519,166.01006,-5.93089,-5.93089,27.96038,-174.74446,626.90335,188.06505,-99.82919,-101.66470,18.82229,18.82229,626.90335,926.00000,662.00000,301.00000
142.15005,50.07850,212.73321,24.12610,165.88245,-5.90915,-5.90915,27.93937,-174.72085,651.02946,187.93785,-99.67339,-101.52717,18.81738,18.81738,651.02946,926.00000,662.00000,301.00000
142.11901,49.86244,212.54540,24.12702,165.75207,-5.88727,-5.88727,27.91887,-174.69733,675.15648,187.80755,-99.51819,-101.39019,18.81251,18.81251,675.15648,926.00000,662.00000,301.00000
142.08797,49.64639,212.35516,24.12794,165.61893,-5.86525,-5.86525,27.89887,-174.67388,699.28442,187.67416,-99.36360,-101.25376,18.80767,18.80767,699.28442,926.00000,662.00000,301.00000
142.05694,49.43033,212.16251,24.12886,165.48303,-5.84310,-5.84310,27.87936,-174.65050,723.41327,187.53768,-99.20961,-101.11788,18.80286,18.80286,723.41327,926.00000,662.00000,301.00000
142.02590,49.21428,211.96743,24.12978,165.34436,-5.82081,-5.82081,27.86036,-174.62721,747.54305,187.39811,-99.05625,-100.98256,18.79809,18.79809,747.54305,926.00000,662.00000,301.00000
141.99486,48.99822,211.76994,24.13070,165.20292,-5.79837,-5.79837,27.84186,-174.60399,771.67375,187.25545,-98.90350,-100.84780,18.79336,18.79336,771.67375,926.00000,662.00000,301.00000
141.96290,48.78237,211.56986,24.10008,165.63867,-5.88440,-5.88440,27.49228,-174.24943,795.77383,187.67792,-97.66679,-99.75651,18.75482,18.75482,795.77383,926.00000,662.00000,301.00000
141.91549,48.56988,211.36442,23.71660,174.00998,-7.57374,-7.57374,22.15608,-168.91222,819.49043,195.75725,-79.71208,-83.85216,18.12465,18.12465,819.49043,926.00000,662.00000,301.00000
141.85363,48.36056,211.15362,23.72022,173.91582,-7.56510,-7.56510,22.08843,-168.86770,843.21065,195.65592,-79.40159,-83.57617,18.11264,18.11264,843.21065,926.00000,662.00000,301.00000
141.79177,48.15124,210.94017,23.72384,173.81833,-7.55623,-7.55623,22.02131,-168.82334,866.93448,195.55091,-79.09232,-83.30127,18.10068,18.10068,866.93448,926.00000,662.00000,301.00000
141.72991,47.94191,210.72407,23.72746,173.71750,-7.54713,-7.54713,21.95474,-168.77914,890.66194,195.44225,-78.78427,-83.02746,18.08878,18.08878,890.66194,926.00000,662.00000,301.00000
141.66806,47.73259,210.50533,23.73108,173.61335,-7.53780,-7.53780,21.88872,-168.73509,914.39302,195.32993,-78.47746,-82.75475,18.07694,18.07694,914.39302,926.00000,662.00000,301.00000
141.60620,47.52326,210.28394,23.73471,173.50588,-7.52825,-7.52825,21.82324,-168.69121,938.12773,195.21396,-78.17189,-82.48316,18.06515,18.06515,938.12773,926.00000,662.00000,301.00000
141.55776,47.31159,210.06330,23.94433,165.56822,-5.91612,-5.91612,26.76122,-173.64764,962.07206,187.56359,-94.58589,-97.02311,18.64166,18.64166,962.07206,926.00000,662.00000,301.00000
141.53373,47.09564,209.84643,24.24768,158.16680,-4.56538,-4.56538,30.78593,-177.66561,986.31974,180.27605,-107.40609,-108.30615,19.00698,19.00698,986.31974,926.00000,662.00000,301.00000
141.52071,46.87775,209.63015,24.24785,157.95375,-4.53278,-4.53278,30.80212,-177.65612,1010.56759,180.05993,-107.34627,-108.25367,19.00547,19.00547,1010.56759,926.00000,662.00000,301.00000
141.50769,46.65987,209.41167,24.24801,157.73826,-4.50009,-4.50009,30.81879,-177.64667,1034.81560,179.84105,-107.28673,-108.20144,19.00398,19.00398,1034.81560,926.00000,662.00000,301.00000
141.49467,46.44198,209.19099,24.24817,157.52033,-4.46732,-4.46732,30.83595,-177.63725,1059.06377,179.61942,-107.22748,-108.14948,19.00250,19.00250,1059.06377,926.00000,662.00000,301.00000
141.48165,46.22410,208.96811,24.24834,157.29998,-4.43446,-4.43446,30.85360,-177.62786,1083.31211,179.39504,-107.16851,-108.09776,19.00104,19.00104,1083.31211,926.00000,662.00000,301.00000
141.46863,46.00621,208.74304,24.24850,157.07720,-4.40151,-4.40151,30.87175,-177.61851,1107.56061,179.16791,-107.10983,-108.04632,18.99959,18.99959,1107.56061,926.00000,662.00000,301.00000
141.45561,45.78833,208.51578,24.24867,156.85199,-4.36847,-4.36847,30.89039,-177.60919,1131.80928,178.93803,-107.05145,-107.99513,18.99816,18.99816,1131.80928,926.00000,662.00000,301.00000
141.44259,45.57045,208.28634,24.24883,156.62437,-4.33535,-4.33535,30.90953,-177.59991,1156.05811,178.70541,-106.99335,-107.94421,18.99674,18.99674,1156.05811,926.00000,662.00000,301.00000
141.42957,45.35256,208.05473,24.24900,156.39433,-4.30214,-4.30214,30.92916,-177.59066,1180.30711,178.47006,-106.93554,-107.89355,18.99535,18.99535,1180.30711,926.00000,662.00000,301.00000
141.40188,45.13749,207.81678,23.83364,165.94099,-6.10202,-6.10202,25.34634,-171.98201,1204.14075,187.81164,-88.96405,-92.07828,18.48488,18.48488,1204.14075,926.00000,662.00000,301.00000
141.34635,44.92778,207.56843,23.66346,173.40800,-7.72951,-7.72951,20.12405,-166.76100,1227.80420,194.89635,-71.41473,-76.51722,17.85064,17.85064,1227.80420,926.00000,662.00000,301.00000
141.27764,44.72061,207.31363,23.66792,173.26824,-7.72023,-7.72023,20.05546,-166.71519,1251.47212,194.74236,-71.09396,-76.23182,17.83792,17.83792,1251.47212,926.00000,662.00000,301.00000
141.20893,44.51343,207.05614,23.67237,173.12509,-7.71070,-7.71070,19.98743,-166.66956,1275.14449,194.58466,-70.77468,-75.94775,17.82527,17.82527,1275.14449,926.00000,662.00000,301.00000
141.14021,44.30626,206.79597,23.67683,172.97856,-7.70092,-7.70092,19.91997,-166.62412,1298.82133,194.42325,-70.45688,-75.66501,17.81267,17.81267,1298.82133,926.00000,662.00000,301.00000
141.07150,44.09908,206.53312,23.68129,172.82864,-7.69089,-7.69089,19.85308,-166.57887,1322.50261,194.25814,-70.14059,-75.38360,17.80015,17.80015,1322.50261,926.00000,662.00000,301.00000
141.00279,43.89191,206.26757,23.68574,172.67535,-7.68062,-7.68062,19.78676,-166.53380,1346.18835,194.08934,-69.82580,-75.10354,17.78769,17.78769,1346.18835,926.00000,662.00000,301.00000
140.93408,43.68473,205.99935,23.69019,172.51869,-7.67010,-7.67010,19.72101,-166.48892,1369.87855,193.91685,-69.51252,-74.82483,17.77530,17.77530,1369.87855,926.00000,662.00000,301.00000
140.86026,43.47945,205.72786,23.49500,175.08757,-8.33396,-8.33396,17.46006,-164.25000,1393.37355,196.24922,-61.72676,-67.88835,17.45593,17.45593,1393.37355,926.00000,662.00000,301.00000
140.77923,43.27685,205.45278,23.42869,175.99941,-8.60720,-8.60720,16.45384,-163.27470,1416.80224,197.03913,-58.19300,-64.73378,17.30372,17.30372,1416.80224,926.00000,662.00000,301.00000
140.69608,43.07503,205.17469,23.43511,175.84050,-8.60098,-8.60098,16.36762,-163.22263,1440.23735,196.85966,-57.81806,-64.39888,17.28734,17.28734,1440.23735,926.00000,662.00000,301.00000
140.61293,42.87322,204.89386,23.44151,175.67801,-8.59448,-8.59448,16.28196,-163.17078,1463.67886,196.67630,-57.44498,-64.06562,17.27104,17.27104,1416.79584,926.00000,662.00000,301.00000
140.52979,42.67140,204.61026,23.44792,175.51194,-8.58768,-8.58768,16.19688,-163.11915,1487.12678,196.48905,-57.07376,-63.73403,17.25481,17.25481,1393.34792,926.00000,662.00000,301.00000
140.42897,42.47905,204.32514,22.53712,182.88045,-11.07303,-11.07303,7.46754,-154.42931,1509.66390,202.59218,-26.55501,-36.32689,15.75135,15.75135,1370.81081,926.00000,662.00000,301.00000
140.30871,42.29714,204.03855,22.48577,183.24910,-11.32812,-11.32812,6.40377,-153.43574,1532.14966,202.76547,-22.75729,-32.89670,15.54148,15.54148,1348.32504,926.00000,662.00000,301.00000
140.18662,42.11621,203.74934,22.49864,183.05133,-11.32994,-11.32994,6.26515,-153.37026,1554.64831,202.53246,-22.23509,-32.42474,15.51228,15.51228,1325.82639,926.00000,662.00000,301.00000
140.06453,41.93527,203.45738,22.51150,182.84957,-11.33137,-11.33137,6.12701,-153.30508,1577.15981,202.29518,-21.71558,-31.95519,15.48320,15.48320,1303.31489,926.00000,662.00000,301.00000
139.94245,41.75433,203.16266,22.52435,182.64383,-11.33239,-11.33239,5.98936,-153.24021,1599.68416,202.05365,-21.19877,-31.48803,15.45423,15.45423,1280.79054,926.00000,662.00000,301.00000
139.82036,41.57340,202.86518,22.53718,182.43413,-11.33302,-11.33302,5.85220,-153.17564,1622.22134,201.80790,-20.68466,-31.02330,15.42538,15.42538,1258.25336,926.00000,662.00000,301.00000
139.68801,41.40092,202.56944,21.77408,184.47218,-12.94730,-12.94730,0.55815,-146.84237,1643.99542,202.55983,1.97332,-10.46441,14.06490,14.06490,1236.47928,926.00000,662.00000,301.00000
139.53954,41.24174,202.27811,21.47294,184.47420,-13.84226,-13.84226,4.48650,-143.01195,1665.46836,201.65829,15.82305,2.17679,13.14701,13.14701,1215.00634,926.00000,662.00000,301.00000
139.38521,41.08739,201.98685,21.49124,184.18489,-13.84307,-13.84307,4.65954,-142.94726,1686.95961,201.31929,16.40833,2.71222,13.10680,13.10680,1193.51510,926.00000,662.00000,301.00000
139.23088,40.93303,201.69315,21.50951,183.89173,-13.84344,-13.84344,4.83226,-142.88288,1708.46912,200.97624,16.99042,3.24481,13.06674,13.06674,1172.00558,926.00000,662.00000,301.00000
139.07655,40.77868,201.39698,21.52776,183.59473,-13.84335,-13.84335,5.00469,-142.81881,1729.99688,200.62916,17.56934,3.77454,13.02683,13.02683,1150.47782,926.00000,662.00000,301.00000
138.93657,40.61295,201.09231,22.36602,181.74623,-11.66660,-11.66660,3.72750,-151.65263,1752.36290,200.66691,-13.07325,-24.12258,14.97477,14.97477,1128.11181,926.00000,662.00000,301.00000
138.81623,40.43165,200.77678,22.80921,179.95259,-10.83786,-10.83786,6.69587,-154.69456,1775.17210,199.40729,-23.41040,-33.46818,15.55625,15.55625,1105.30260,926.00000,662.00000,301.00000
138.70120,40.24615,200.45626,22.82066,179.72016,-10.83415,-10.83415,6.57119,-154.63383,1797.99277,199.13934,-22.93975,-33.04343,15.53065,15.53065,1082.48193,926.00000,662.00000,301.00000
138.58617,40.06065,200.13296,22.83210,179.48393,-10.83006,-10.83006,6.44700,-154.57341,1820.82487,198.86735,-22.47174,-32.62105,15.50518,15.50518,1059.64983,926.00000,662.00000,301.00000
138.44583,39.91170,199.84041,18.86650,177.54749,-16.02637,-16.02637,16.75595,-131.45044,1839.69137,191.35548,57.61313,40.65171,9.99381,9.99381,1040.78333,926.00000,662.00000,301.00000
138.25600,39.83422,199.61157,18.88250,139.26291,-18.78789,-18.78789,43.90676,-104.44437,1858.57387,143.81401,138.42799,117.03989,1.59952,1.59952,1021.90083,926.00000,662.00000,301.00000
138.04191,39.79166,199.41427,18.89346,138.70083,-18.75789,-18.75789,44.10717,-104.43583,1877.46734,143.18727,138.79286,117.39326,1.55178,1.55178,1003.00736,926.00000,662.00000,301.00000
137.82783,39.74911,199.21663,18.90441,138.13677,-18.72759,-18.72759,44.30797,-104.42730,1896.37175,142.55853,139.15577,117.74486,1.50417,1.50417,984.10295,926.00000,662.00000,301.00000
137.61374,39.70655,199.01864,18.91535,137.57073,-18.69698,-18.69698,44.50918,-104.41880,1915.28711,141.92780,139.51674,118.09469,1.45669,1.45669,965.18759,926.00000,662.00000,301.00000
137.39966,39.66400,198.82034,18.92629,137.00273,-18.66606,-18.66606,44.71078,-104.41031,1934.21339,141.29508,139.87576,118.44275,1.40933,1.40933,946.26131,926.00000,662.00000,301.00000
137.18557,39.62144,198.62172,18.93721,136.43278,-18.63483,-18.63483,44.91279,-104.40183,1953.15060,140.66038,140.23283,118.78903,1.36209,1.36209,927.32410,926.00000,662.00000,301.00000
136.97149,39.57889,198.42281,18.94812,135.86087,-18.60329,-18.60329,45.11520,-104.39338,1972.09872,140.02373,140.58794,119.13353,1.31498,1.31498,908.37598,926.00000,662.00000,301.00000
136.75740,39.53633,198.22362,18.95903,135.28704,-18.57144,-18.57144,45.31802,-104.38494,1991.05775,139.38512,140.94110,119.47625,1.26799,1.26799,889.41695,926.00000,662.00000,301.00000
136.54332,39.49378,198.02416,18.96992,134.71128,-18.53929,-18.53929,45.52126,-104.37652,2010.02767,138.74456,141.29231,119.81718,1.22113,1.22113,870.44703,926.00000,662.00000,301.00000
136.32924,39.45122,197.82445,18.98080,134.13360,-18.50684,-18.50684,45.72490,-104.36812,2029.00847,138.10207,141.64155,120.15633,1.17440,1.17440,851.46623,926.00000,662.00000,301.00000
136.12444,39.38317,197.59313,19.75521,163.38774,-17.29655,-17.29655,28.57735,-121.70215,2048.76368,173.52078,94.51765,75.16487,6.58862,6.58862,831.71102,926.00000,662.00000,301.00000
135.93123,39.28357,197.32205,20.20596,167.57745,-16.80102,-16.80102,24.94204,-125.50110,2068.96964,178.91878,83.21093,64.54708,7.68252,7.68252,811.50506,926.00000,662.00000,301.00000
135.74025,39.17788,197.04205,20.22612,167.09724,-16.78430,-16.78430,25.14164,-125.46042,2089.19577,178.37433,83.71480,65.01904,7.63516,7.63516,791.27894,926.00000,662.00000,301.00000
135.54927,39.07220,196.76061,20.24624,166.61423,-16.76719,-16.76719,25.34141,-125.41992,2109.44201,177.82702,84.21573,65.48835,7.58797,7.58797,771.03269,926.00000,662.00000,301.00000
135.35828,38.96652,196.47773,20.26633,166.12844,-16.74968,-16.74968,25.54133,-125.37959,2129.70834,177.27685,84.71374,65.95499,7.54097,7.54097,750.76636,926.00000,662.00000,301.00000
135.16730,38.86084,196.19342,20.28638,165.63988,-16.73177,-16.73177,25.74141,-125.33943,2149.99473,176.72384,85.20882,66.41899,7.49414,7.49414,730.47998,926.00000,662.00000,301.00000
134.97632,38.75515,195.90770,20.30640,165.14856,-16.71346,-16.71346,25.94167,-125.29944,2170.30112,176.16801,85.70098,66.88032,7.44750,7.44750,710.17358,926.00000,662.00000,301.00000
134.78534,38.64947,195.62058,20.32638,164.65450,-16.69476,-16.69476,26.14210,-125.25963,2190.62750,175.60938,86.19022,67.33900,7.40103,7.40103,689.84720,926.00000,662.00000,301.00000
134.59435,38.54379,195.33206,20.34632,164.15771,-16.67567,-16.67567,26.34272,-125.21998,2210.97382,175.04796,86.67654,67.79502,7.35476,7.35476,669.50088,926.00000,662.00000,301.00000
134.40337,38.43811,195.04215,20.36623,163.65822,-16.65618,-16.65618,26.54352,-125.18051,2231.34005,174.48377,87.15994,68.24839,7.30866,7.30866,649.13465,926.00000,662.00000,301.00000
134.21239,38.33242,194.75089,20.38610,163.15602,-16.63629,-16.63629,26.74452,-125.14120,2251.72615,173.91683,87.64042,68.69910,7.26274,7.26274,628.74855,926.00000,662.00000,301.00000
134.02094,38.22760,194.45931,20.36336,161.95314,-16.68727,-16.68727,27.51803,-124.53013,2272.08951,172.45925,89.84560,70.76888,7.05059,7.05059,608.38519,926.00000,662.00000,301.00000
133.82867,38.12430,194.16829,20.35213,160.89356,-16.71927,-16.71927,28.15802,-124.05421,2292.44164,171.18836,91.62898,72.44431,6.87723,6.87723,588.03306,926.00000,662.00000,301.00000
133.63604,38.02165,193.87680,20.37173,160.37750,-16.69748,-16.69748,28.36041,-124.01702,2312.81337,170.60713,92.09463,72.88199,6.83170,6.83170,567.66133,926.00000,662.00000,301.00000
133.44341,37.91899,193.58405,20.39129,159.85886,-16.67531,-16.67531,28.56303,-123.97998,2333.20465,170.02326,92.55741,73.31708,6.78636,6.78636,547.27005,926.00000,662.00000,301.00000
133.25078,37.81634,193.29005,20.41081,159.33763,-16.65276,-16.65276,28.76589,-123.94310,2353.61546,169.43676,93.01734,73.74955,6.74121,6.74121,526.85924,926.00000,662.00000,301.00000
133.05815,37.71369,192.99482,20.43030,158.81385,-16.62982,-16.62982,28.96900,-123.90638,2374.04576,168.84767,93.47441,74.17941,6.69623,6.69623,506.42894,926.00000,662.00000,301.00000
132.86552,37.61104,192.69837,20.44975,158.28752,-16.60650,-16.60650,29.17237,-123.86982,2394.49551,168.25598,93.92862,74.60668,6.65145,6.65145,485.97919,926.00000,662.00000,301.00000
132.67290,37.50839,192.40071,20.46916,157.75867,-16.58281,-16.58281,29.37599,-123.83341,2414.96467,167.66172,94.37998,75.03134,6.60686,6.60686,465.51003,926.00000,662.00000,301.00000
132.47510,37.41703,192.11732,20.01544,146.12604,-17.26983,-17.26983,37.03057,-116.35131,2434.98012,153.37000,115.70094,95.21350,4.35858,4.35858,445.49458,926.00000,662.00000,301.00000
132.27186,37.33753,191.84930,20.01799,144.91388,-17.26852,-17.26852,37.62242,-115.94378,2454.99810,151.95440,117.11539,96.56177,4.19857,4.19857,425.47660,926.00000,662.00000,301.00000
132.06836,37.25860,191.58139,20.03497,144.34034,-17.23809,-17.23809,37.83136,-115.92021,2475.03307,151.31470,117.50443,96.93283,4.15431,4.15431,405.44163,926.00000,662.00000,301.00000
131.86484,37.17971,191.31290,20.05018,143.71052,-17.20961,-17.20961,38.07260,-115.86484,2495.08325,150.60725,117.97493,97.38171,4.10062,4.10062,385.39145,926.00000,662.00000,301.00000
131.66130,37.10089,191.04387,20.06670,143.12017,-17.17899,-17.17899,38.28965,-115.83420,2515.14995,149.94809,118.37791,97.76630,4.05452,4.05452,365.32475,926.00000,662.00000,301.00000
131.45775,37.02207,190.77424,20.08358,142.54011,-17.14752,-17.14752,38.49983,-115.81093,2535.23353,149.30183,118.75931,98.13038,4.01077,4.01077,345.24117,926.00000,662.00000,301.00000
131.25421,36.94326,190.50401,20.10044,141.95794,-17.11570,-17.11570,38.71042,-115.78775,2555.33397,148.65345,119.13827,98.49223,3.96719,3.96719,325.14073,926.00000,662.00000,301.00000
131.05066,36.86444,190.23319,20.11726,141.37369,-17.08355,-17.08355,38.92143,-115.76464,2575.45123,148.00298,119.51479,98.85183,3.92378,3.92378,305.02347,926.00000,662.00000,301.00000
130.84711,36.78563,189.96181,20.13406,140.78738,-17.05106,-17.05106,39.13287,-115.74162,2595.58529,147.35042,119.88887,99.20919,3.88055,3.88055,284.88941,926.00000,662.00000,301.00000
130.64869,36.69602,189.67421,20.53160,151.50576,-16.40704,-16.40704,32.18354,-122.87503,2616.11689,160.53005,101.02678,81.30205,5.93034,5.93034,264.35781,926.00000,662.00000,301.00000
130.45729,36.59168,189.36431,20.76751,154.42674,-16.10082,-16.10082,29.84261,-125.38776,2636.88441,164.25378,94.23131,74.90101,6.61051,6.61051,243.59029,926.00000,662.00000,301.00000
130.26779,36.48337,189.04752,20.78684,153.87815,-16.07389,-16.07389,30.04860,-125.35000,2657.67125,163.63972,94.66261,75.30654,6.56819,6.56819,222.80346,926.00000,662.00000,301.00000
130.07828,36.37506,188.72959,20.80612,153.32714,-16.04659,-16.04659,30.25490,-125.31241,2678.47737,163.02319,95.09099,75.70941,6.52607,6.52607,201.99733,926.00000,662.00000,301.00000
129.89000,36.26482,188.40784,20.89967,154.47273,-15.86643,-15.86643,29.15077,-126.58469,2699.37704,164.54428,91.77524,72.59375,6.84910,6.84910,181.09766,926.00000,662.00000,301.00000
129.70731,36.14581,188.07265,21.26638,159.22792,-15.24861,-15.24861,24.80094,-131.09704,2720.64342,170.72682,78.89027,60.53777,8.04490,8.04490,159.83128,926.00000,662.00000,301.00000
129.52897,36.01996,187.72648,21.28570,158.70213,-15.22366,-15.22366,25.00041,-131.05176,2741.92912,170.13740,79.33786,60.95524,8.00488,8.00488,138.54558,926.00000,662.00000,301.00000
129.35063,35.89411,187.37884,21.30498,158.17372,-15.19833,-15.19833,25.20010,-131.00670,2763.23411,169.54531,79.78232,61.36986,7.96508,7.96508,117.24060,926.00000,662.00000,301.00000
129.17229,35.76826,187.02975,21.32422,157.64269,-15.17260,-15.17260,25.40000,-130.96186,2784.55832,168.95057,80.22364,61.78161,7.92548,7.92548,95.91638,926.00000,662.00000,301.00000
128.99395,35.64241,186.67921,21.34340,157.10908,-15.14649,-15.14649,25.60014,-130.91723,2805.90173,168.35319,80.66183,62.19050,7.88609,7.88609,74.57298,926.00000,662.00000,301.00000
128.81561,35.51656,186.32723,21.36255,156.57289,-15.11999,-15.11999,25.80051,-130.87282,2827.26427,167.75319,81.09690,62.59654,7.84691,7.84691,53.21043,926.00000,662.00000,301.00000
128.62602,35.41294,186.00837,20.33159,135.38148,-16.56439,-16.56439,40.46156,-116.37900,2847.59586,141.52288,120.70786,99.98898,3.78892,3.78892,32.87884,926.00000,662.00000,301.00000
128.42214,35.33743,185.73250,20.29901,127.44889,-16.74988,-16.74988,44.68058,-112.35451,2867.89487,132.06283,130.59851,109.49081,2.58455,2.58455,12.57983,926.00000,662.00000,301.00000
-165.80018,70.32311,214.17971,23.39390,179.30154,-21.56278,-25.04557,0.10655,-72.88451,23.39390,214.17934,-0.39831,78.17867,4.39610,12.40777,23.39390,926.00000,182.00000,409.00000
-166.39821,70.38404,214.29174,23.33016,178.64854,-21.60287,-25.08493,0.50393,-72.83704,46.72406,214.28345,1.88474,80.08599,4.16610,12.14065,46.72406,926.00000,182.00000,409.00000
-166.99625,70.44497,214.40059,23.26642,177.97163,-21.64027,-25.12146,1.11461,-72.78929,69.99048,214.36002,4.17059,81.98777,3.93549,11.87291,69.99048,926.00000,182.00000,409.00000
-167.59429,70.50589,214.50626,23.20267,177.27087,-21.67497,-25.15515,1.72548,-72.74126,93.19314,214.40900,6.45895,83.88371,3.70432,11.60458,93.19314,926.00000,182.00000,409.00000
-168.19233,70.56682,214.60877,23.13891,176.54632,-21.70695,-25.18598,2.33658,-72.69294,116.33205,214.43034,8.74954,85.77358,3.47260,11.33569,116.33205,926.00000,182.00000,409.00000
-168.79037,70.62775,214.70814,23.07514,175.79804,-21.73622,-25.21396,2.94792,-72.64435,139.40719,214.42401,11.04207,87.65711,3.24036,11.06627,139.40719,926.00000,182.00000,409.00000
-169.38841,70.68868,214.80437,23.01136,175.02610,-21.76277,-25.23907,3.55953,-72.59547,162.41855,214.38997,13.33624,89.53404,3.00764,10.79635,162.41855,926.00000,182.00000,409.00000
-169.98644,70.74961,214.89748,22.94758,174.23055,-21.78659,-25.26132,4.17141,-72.54630,185.36613,214.32819,15.63177,91.40411,2.77446,10.52594,185.36613,926.00000,182.00000,409.00000
-170.58448,70.81053,214.98750,22.88379,173.41146,-21.80766,-25.28068,4.78360,-72.49683,208.24993,214.23864,17.92837,93.26705,2.54085,10.25510,208.24993,926.00000,182.00000,409.00000
-171.18252,70.87146,215.07443,22.82000,172.56891,-21.82599,-25.29715,5.39611,-72.44708,231.06992,214.12130,20.22574,95.12260,2.30684,9.98384,231.06992,926.00000,182.00000,409.00000
-171.78056,70.93239,215.15830,22.75620,171.70297,-21.84157,-25.31074,6.00895,-72.39702,253.82612,213.97613,22.52359,96.97051,2.07245,9.71220,253.82612,926.00000,182.00000,409.00000
-172.37860,70.99332,215.23914,22.69239,170.81372,-21.85439,-25.32142,6.62215,-72.34667,276.51851,213.80312,24.82163,98.81051,1.83771,9.44021,276.51851,926.00000,182.00000,409.00000
-172.97664,71.05424,215.31696,22.62858,169.90124,-21.86446,-25.32920,7.23572,-72.29602,299.14709,213.60225,27.11955,100.64235,1.60266,9.16789,299.14709,926.00000,182.00000,409.00000
-173.57553,71.10632,215.39136,22.11382,177.12764,-21.67404,-24.47885,2.93191,-77.16370,321.26090,215.10942,11.01707,87.60786,3.23797,11.03864,321.26090,926.00000,182.00000,409.00000
-174.17533,71.14614,215.46230,21.93809,179.29432,-21.58298,-24.12163,1.58070,-79.08134,343.19899,215.38031,5.94350,83.40722,3.74778,11.61142,343.19899,926.00000,182.00000,409.00000
-174.77537,71.18255,215.53036,21.89865,178.57831,-21.61132,-24.14925,2.16738,-79.06190,365.09765,215.37617,8.15113,85.24131,3.52640,11.36404,365.09765,926.00000,182.00000,409.00000
-175.37540,71.21896,215.59573,21.85921,177.84087,-21.63716,-24.17425,2.75411,-79.04239,386.95685,215.34670,10.35933,87.06858,3.30468,11.11630,386.95685,926.00000,182.00000,409.00000
-175.97543,71.25537,215.65842,21.81976,177.08207,-21.66049,-24.19662,3.34089,-79.02280,408.77661,215.29190,12.56783,88.88878,3.08263,10.86823,408.77661,926.00000,182.00000,409.00000
-176.57546,71.29178,215.71844,21.78030,176.30199,-21.68132,-24.21636,3.92775,-79.00314,430.55691,215.21176,14.77639,90.70170,2.86028,10.61986,386.99631,926.00000,182.00000,409.00000
-177.17549,71.32819,215.77580,21.74084,175.50072,-21.69965,-24.23348,4.51469,-78.98340,452.29775,215.10629,16.98473,92.50711,2.63765,10.37122,365.25547,926.00000,182.00000,409.00000
-177.77552,71.36460,215.83053,21.70137,174.67835,-21.71546,-24.24795,5.10173,-78.96359,473.99912,214.97549,19.19261,94.30480,2.41478,10.12234,343.55410,926.00000,182.00000,409.00000
-178.37555,71.40101,215.88262,21.66190,173.83495,-21.72876,-24.25979,5.68889,-78.94370,495.66101,214.81935,21.39975,96.09453,2.19168,9.87324,321.89221,926.00000,182.00000,409.00000
-178.97559,71.43742,215.93209,21.62242,172.97062,-21.73954,-24.26899,6.27617,-78.92374,517.28343,214.63790,23.60590,97.87610,1.96837,9.62395,300.26979,926.00000,182.00000,409.00000
-179.57562,71.47383,215.97896,21.58293,172.08547,-21.74780,-24.27555,6.86360,-78.90370,538.86636,214.43114,25.81080,99.64928,1.74490,9.37448,278.68686,926.00000,182.00000,409.00000
179.82435,71.51024,216.02325,21.54344,171.17957,-21.75353,-24.27946,7.45118,-78.88358,560.40980,214.19909,28.01419,101.41385,1.52128,9.12489,257.14342,926.00000,182.00000,409.00000
179.22432,71.54665,216.06498,21.50394,170.25303,-21.75675,-24.28072,8.03893,-78.86338,581.91374,213.94177,30.21581,103.16959,1.29754,8.87517,235.63948,926.00000,182.00000,409.00000
178.62429,71.58306,216.10416,21.46444,169.30595,-21.75744,-24.27934,8.62687,-78.84311,603.37818,213.65920,32.41540,104.91629,1.07371,8.62538,214.17504,926.00000,182.00000,409.00000
178.02426,71.61947,216.14082,21.42493,168.33843,-21.75560,-24.27531,9.21499,-78.82275,624.80311,213.35139,34.61269,106.65373,0.84980,8.37553,192.75012,926.00000,182.00000,409.00000
177.42421,71.62387,216.17487,21.22278,193.71265,-20.33119,-20.23606,9.42519,-98.03234,646.02589,213.25656,-35.40072,47.23510,7.75692,15.68051,171.52733,926.00000,182.00000,409.00000
176.82516,71.58266,216.20640,21.89579,198.25292,-19.17254,-17.99453,16.70088,-105.87847,667.92168,207.08640,-62.13235,22.30820,10.26917,18.11187,149.63154,926.00000,182.00000,409.00000
176.22653,71.52785,216.23572,21.95382,198.12079,-19.26839,-18.09261,16.08682,-105.83467,689.87551,207.76856,-59.91756,24.42433,10.06394,17.91921,127.67771,926.00000,182.00000,409.00000
175.62790,71.47303,216.26283,22.01185,197.96423,-19.36170,-18.18802,15.47345,-105.79112,711.88735,208.42420,-57.69717,26.53743,9.85785,17.72565,105.66587,926.00000,182.00000,409.00000
175.02927,71.41822,216.28769,22.06986,197.78327,-19.45247,-18.28076,14.86075,-105.74782,733.95722,209.05329,-55.47148,28.64727,9.65092,17.53123,83.59600,926.00000,182.00000,409.00000
174.43064,71.36341,216.31025,22.12787,197.57799,-19.54069,-18.37083,14.24871,-105.70475,756.08509,209.65578,-53.24077,30.75359,9.44319,17.33596,61.46813,926.00000,182.00000,409.00000
173.83201,71.30859,216.33048,22.18588,197.34842,-19.62635,-18.45821,13.63732,-105.66193,778.27097,210.23162,-51.00533,32.85614,9.23467,17.13988,39.28225,926.00000,182.00000,409.00000
173.23338,71.25378,216.34833,22.24388,197.09462,-19.70945,-18.54290,13.02655,-105.61934,800.51485,210.78076,-48.76545,34.95466,9.02539,16.94303,17.03837,926.00000,182.00000,409.00000
172.63475,71.19897,216.36376,22.30187,196.81666,-19.78998,-18.62489,12.41640,-105.57699,822.81671,211.30318,-46.52142,37.04891,8.81538,16.74543,-5.26349,926.00000,182.00000,409.00000
172.03612,71.14415,216.37673,22.35985,196.51459,-19.86792,-18.70418,11.80685,-105.53487,845.17657,211.79883,-44.27353,39.13864,8.60469,16.54710,-27.62335,926.00000,182.00000,409.00000
-53.45914,-58.02377,21.90359,20.11446,15.92278,9.55643,9.55643,81.13213,-66.93429,20.11446,3.37658,-21.64177,-13.10598,7.61030,7.61030,20.11446,804.00000,201.00000,201.00000
-53.77216,-57.94848,21.93681,20.41603,16.49764,9.17918,9.17918,78.52313,-64.54243,40.53049,4.36482,-21.49818,-12.50456,7.95788,7.95788,40.53049,804.00000,201.00000,201.00000
-54.08496,-57.87233,21.97154,20.24244,16.10332,9.39028,9.39028,80.24843,-66.48672,60.77293,3.72146,-21.65408,-13.13303,7.59991,7.59991,60.77293,804.00000,201.00000,201.00000
-54.39777,-57.79619,22.00686,20.48362,16.55769,9.08904,9.08904,78.19209,-64.64800,81.25656,4.50329,-21.54117,-12.68463,7.85363,7.85363,81.25656,804.00000,201.00000,201.00000
-54.70951,-57.71576,22.04722,20.60262,16.74154,8.94714,8.94714,77.33051,-64.00640,101.85917,4.83554,-21.51040,-12.57491,7.91306,7.91306,101.85917,804.00000,201.00000,201.00000
-55.01999,-57.63082,22.09290,20.87615,17.20228,8.62186,8.62186,75.17601,-62.07313,122.73533,5.65248,-21.35757,-12.08021,8.16912,8.16912,122.73533,804.00000,201.00000,201.00000
-55.32758,-57.53611,22.14934,21.42956,17.97613,8.04159,8.04159,71.37042,-58.49194,144.16489,7.07557,-20.98879,-11.06082,8.65204,8.65204,144.16489,804.00000,201.00000,201.00000
-55.63326,-57.43503,22.21305,21.47264,18.01691,7.99686,7.99686,71.21300,-58.56258,165.63753,7.15373,-21.02959,-11.16402,8.60606,8.60606,165.63753,804.00000,201.00000,201.00000
-55.93240,-57.33109,22.28102,21.19818,18.54309,7.56071,7.56071,68.49612,-56.06548,186.83571,8.16742,-20.73010,-10.44942,8.91013,8.91013,144.43935,804.00000,201.00000,201.00000
-56.21579,-57.21267,22.36602,21.94460,19.77232,6.33629,6.33629,61.10639,-48.89182,208.78030,10.80692,-19.58186,-8.13043,9.75136,9.75136,122.49476,804.00000,201.00000,201.00000
-56.49214,-57.06747,22.47930,24.52222,20.53933,5.32553,5.32553,55.44752,-43.46818,233.30252,12.74938,-18.51411,-6.30256,10.28049,10.28049,97.97253,804.00000,201.00000,201.00000
-56.77043,-56.90619,22.60904,24.70590,20.65845,5.21665,5.21665,54.97063,-43.23215,258.00842,12.97751,-18.51359,-6.30173,10.28070,10.28070,73.26663,804.00000,201.00000,201.00000
-57.04832,-56.74360,22.74068,24.80191,20.75916,5.13753,5.13753,54.66625,-43.16665,282.81033,13.15181,-18.55178,-6.36227,10.26557,10.26557,48.46472,804.00000,201.00000,201.00000
-57.32292,-56.57583,22.87841,25.38906,21.07908,4.68388,4.68388,52.30051,-41.03579,308.19940,13.99060,-18.10206,-5.66901,10.42833,10.42833,23.07566,804.00000,201.00000,201.00000
-57.60214,-56.42077,23.00338,23.36051,20.14267,6.04808,6.04808,60.22487,-49.19775,331.55990,11.42342,-19.96650,-8.69239,9.64163,9.64163,-0.28485,804.00000,201.00000,201.00000
-58.66577,-56.09715,93.42373,13.74998,21.34934,8.93300,8.93300,79.85044,-70.62665,13.74998,16.46297,-91.96176,-84.92802,6.67387,6.67387,13.74998,904.00000,201.00000,201.00000
-58.87270,-56.04759,93.49270,14.25542,32.08782,7.96080,7.96080,72.45409,-63.22752,28.00539,28.18524,-89.14302,-81.55429,7.74060,7.74060,28.00539,904.00000,201.00000,201.00000
-59.07679,-55.98692,93.58719,14.48379,35.30321,7.60650,7.60650,70.17172,-60.94632,42.48918,31.74498,-88.03873,-80.31251,8.02747,8.02747,42.48918,904.00000,201.00000,201.00000
-59.27419,-55.91188,93.71527,15.33109,48.48399,6.09026,6.09026,60.36981,-51.14491,57.82027,46.33283,-81.46055,-73.25310,9.18173,9.18173,57.82027,904.00000,201.00000,201.00000
-59.45445,-55.80375,93.92108,17.86922,65.70675,3.49601,3.49601,45.54868,-36.32852,75.68949,65.77321,-67.04516,-58.56887,10.41541,10.41541,75.68949,904.00000,201.00000,201.00000
-59.62356,-55.67417,94.17710,17.89003,65.75902,3.45846,3.45846,45.62003,-36.41918,93.57952,65.86874,-67.31000,-58.83336,10.40142,10.40142,93.57952,904.00000,201.00000,201.00000
-59.79267,-55.54459,94.43274,17.91085,65.81062,3.42062,3.42062,45.69109,-36.50949,111.49038,65.96378,-67.57456,-59.09740,10.38761,10.38761,111.49038,904.00000,201.00000,201.00000
-59.94157,-55.39537,94.73606,20.45673,77.65461,0.92925,0.92925,32.63465,-23.46102,131.94711,79.77974,-51.08927,-42.86924,10.88035,10.88035,131.94711,904.00000,201.00000,201.00000
-60.06820,-55.22454,95.09172,20.77813,78.68791,0.65638,0.65638,31.54643,-22.40149,152.72524,81.03873,-49.75098,-41.56818,10.89356,10.89356,152.72524,904.00000,201.00000,201.00000
-60.19279,-55.05172,95.45155,20.79119,78.88238,0.60000,0.60000,31.60304,-22.48877,173.51643,81.29600,-50.01959,-41.82891,10.89148,10.89148,173.51643,904.00000,201.00000,201.00000
-60.31737,-54.87889,95.81065,20.80427,79.07574,0.54346,0.54346,31.65963,-22.57576,194.32070,81.55222,-50.28833,-42.08958,10.88959,10.88959,194.32070,904.00000,201.00000,201.00000
-60.44195,-54.70607,96.16902,20.81737,79.26798,0.48675,0.48675,31.71617,-22.66245,215.13807,81.80740,-50.55719,-42.35018,10.88790,10.88790,215.13807,904.00000,201.00000,201.00000
-60.55797,-54.52793,96.54017,21.54478,82.19814,-0.31879,-0.31879,27.84902,-18.81976,236.68285,85.35905,-45.09809,-37.07720,10.89343,10.89343,236.68285,904.00000,201.00000,201.00000
-60.66147,-54.34203,96.93026,21.91591,83.52526,-0.71319,-0.71319,26.16428,-17.16522,258.59876,86.99815,-42.74104,-34.81086,10.87933,10.87933,258.59876,904.00000,201.00000,201.00000
-60.76103,-54.15367,97.32570,21.92462,83.77709,-0.78132,-0.78132,26.20413,-17.23889,280.52338,87.32321,-42.97616,-35.03651,10.88134,10.88134,280.52338,904.00000,201.00000,201.00000
-60.85219,-53.96150,97.73033,22.45442,85.93257,-1.47944,-1.47944,22.93083,-13.99348,302.97780,90.00727,-38.07765,-30.34849,10.81893,10.81893,302.97780,904.00000,201.00000,201.00000
-60.93184,-53.76409,98.14785,22.67437,86.84468,-1.78388,-1.78388,21.74791,-12.84396,325.65217,91.16199,-36.36609,-28.71621,10.78810,10.78810,325.65217,904.00000,201.00000,201.00000
-61.00804,-53.56517,98.56838,22.68861,87.19403,-1.88263,-1.88263,21.66135,-12.79320,348.34078,91.60765,-36.38355,-28.73283,10.78845,10.78845,348.34078,904.00000,201.00000,201.00000
-61.06314,-53.36054,99.00460,23.49016,90.44836,-3.31145,-3.31145,14.43772,-5.59066,371.83094,95.87796,-24.68456,-17.64798,10.46444,10.46444,371.83094,904.00000,201.00000,201.00000
-61.09754,-53.15029,99.45614,23.49125,90.79654,-3.40577,-3.40577,14.42549,-5.61793,395.32219,96.32052,-24.77660,-17.73476,10.46766,10.46766,395.32219,904.00000,201.00000,201.00000
-61.12017,-52.94023,99.90843,23.34845,92.13304,-4.19445,-4.19445,10.57584,-1.79842,418.67064,98.21127,-18.33688,-11.67913,10.21605,10.21605,418.67064,904.00000,201.00000,201.00000
-61.10499,-52.73077,100.36578,23.40850,93.20238,-5.77842,-5.77842,1.94524,6.81219,442.07914,100.30795,-3.40684,2.25940,9.46603,9.46603,442.07914,904.00000,201.00000,201.00000
-61.06385,-52.52173,100.82618,23.41007,93.55989,-5.89294,-5.89294,1.87158,6.84438,465.48921,100.77239,-3.29292,2.36520,9.45942,9.45942,465.48921,904.00000,201.00000,201.00000
-61.02272,-52.31269,101.28527,23.41165,93.91606,-6.00735,-6.00735,1.79850,6.87647,488.90086,101.23537,-3.17880,2.47112,9.45270,9.45270,488.90086,904.00000,201.00000,201.00000
-60.98158,-52.10365,101.74304,23.41323,94.27086,-6.12164,-6.12164,1.72600,6.90847,512.31408,101.69688,-3.06449,2.57712,9.44586,9.44586,512.31408,904.00000,201.00000,201.00000
-60.94044,-51.89462,102.19949,23.41481,94.62431,-6.23582,-6.23582,1.65407,6.94037,535.72889,102.15690,-2.94999,2.68322,9.43893,9.43893,535.72889,904.00000,201.00000,201.00000
-60.91311,-51.68571,102.65157,23.23248,94.88855,-5.56301,-5.56301,6.22899,2.31570,558.96137,102.04554,-11.13793,-4.91570,9.91204,9.91204,558.96137,904.00000,201.00000,201.00000
-60.92903,-51.47724,103.09283,23.36002,92.92867,-3.85232,-3.85232,16.21798,-7.73276,582.32139,98.99037,-28.79305,-21.40996,10.73887,10.73887,582.32139,904.00000,201.00000,201.00000
-60.97431,-51.26906,103.52640,23.36194,93.25421,-3.94231,-3.94231,16.21814,-7.76744,605.68334,99.40660,-28.91443,-21.52387,10.74364,10.74364,605.68334,904.00000,201.00000,201.00000
-61.01959,-51.06088,103.95873,23.36387,93.57845,-4.03228,-4.03228,16.21860,-7.80202,629.04721,99.82149,-29.03596,-21.63784,10.74851,10.74851,629.04721,904.00000,201.00000,201.00000
-61.07488,-50.85560,104.38171,22.96531,92.30229,-3.42009,-3.42009,19.90645,-11.53044,652.01252,98.14488,-35.54045,-27.74521,10.99339,10.99339,652.01252,904.00000,201.00000,201.00000
-61.14413,-50.65438,104.79220,22.83764,91.82601,-3.21027,-3.21027,21.43441,-13.09262,674.85015,97.54440,-38.29483,-30.33687,11.08672,11.08672,674.85015,904.00000,201.00000,201.00000
-61.21736,-50.45431,105.19831,22.84261,92.10662,-3.28958,-3.28958,21.45755,-13.14619,697.69276,97.90690,-38.48278,-30.51375,11.09297,11.09297,697.69276,904.00000,201.00000,201.00000
-61.28380,-50.25406,105.60500,22.68821,93.58690,-3.82956,-3.82956,19.09038,-10.80424,720.38097,99.79713,-34.53909,-26.80964,10.95096,10.95096,720.38097,904.00000,201.00000,201.00000
-61.28243,-50.05195,106.02761,23.08939,97.16427,-7.72981,-7.72981,2.80830,11.10797,743.47035,105.90028,5.19477,10.03723,8.71820,8.71820,743.47035,904.00000,201.00000,201.00000
-61.22026,-49.84818,106.46424,23.09301,97.48695,-7.84557,-7.84557,2.89000,11.15373,766.56336,106.32884,5.36779,10.19591,8.70550,8.70550,766.56336,904.00000,201.00000,201.00000
-61.15809,-49.64440,106.89952,23.09664,97.80820,-7.96118,-7.96118,2.97116,11.19933,789.66001,106.75582,5.54095,10.35462,8.69266,8.69266,789.66001,904.00000,201.00000,201.00000
-61.09592,-49.44063,107.33343,23.10027,98.12801,-8.07662,-8.07662,3.05178,11.24478,812.76028,107.18121,5.71425,10.51334,8.67967,8.67967,812.76028,904.00000,201.00000,201.00000
-60.99901,-49.26240,107.72005,19.47995,90.23726,-10.47418,-10.47418,21.20875,29.39583,832.24023,100.42402,38.96954,40.68595,5.70732,5.70732,832.24023,904.00000,201.00000,201.00000
-60.84519,-49.12609,108.03026,18.49428,77.31671,-11.65736,-11.65736,35.73985,43.91589,850.73451,87.68573,63.10111,62.18039,2.86805,2.86805,850.73451,904.00000,201.00000,201.00000
-60.66912,-49.00614,108.31040,18.51575,77.36414,-11.74834,-11.74834,35.83499,43.98487,869.25026,87.80793,63.41064,62.45322,2.82677,2.82677,869.25026,904.00000,201.00000,201.00000
-60.49304,-48.88620,108.58993,18.53720,77.41085,-11.83915,-11.83915,35.92975,44.05356,887.78745,87.92928,63.71980,62.72550,2.78527,2.78527,887.78745,904.00000,201.00000,201.00000
-60.31697,-48.76625,108.86884,18.55864,77.45683,-11.92979,-11.92979,36.02413,44.12197,906.34609,88.04979,64.02858,62.99723,2.74356,2.74356,906.34609,904.00000,201.00000,201.00000
-60.12713,-48.67590,109.08940,16.41172,48.81118,-12.16985,-12.16985,57.67216,65.75836,922.75782,58.33698,92.18077,87.27996,-1.89139,-1.89139,922.75782,904.00000,201.00000,201.00000
-59.92278,-48.61655,109.24911,16.38961,46.99764,-12.19382,-12.19382,58.87264,66.94144,939.14742,56.47548,93.51946,88.39708,-2.17547,-2.17547,939.14742,904.00000,201.00000,201.00000
-59.71775,-48.55864,109.40580,16.40550,46.95805,-12.25832,-12.25832,58.91403,66.96508,955.55293,56.48880,93.69442,88.54260,-2.21334,-2.21334,955.55293,904.00000,201.00000,201.00000
-59.57372,-48.43892,109.67631,21.08475,98.19913,-9.65823,-9.65823,8.93467,16.91577,976.63768,108.34550,17.03362,21.03103,7.97751,7.97751,976.63768,904.00000,201.00000,201.00000
-59.50200,-48.24605,110.08089,23.15300,100.11306,-8.91646,-8.91646,3.22929,11.17027,999.79069,109.90610,6.20106,11.18800,8.89928,8.89928,999.79069,904.00000,201.00000,201.00000
-59.43402,-48.04444,110.50117,22.82026,99.67699,-9.48927,-9.48927,6.34568,14.25980,1022.61094,109.82415,12.21333,16.65465,8.39565,8.39565,1022.61094,904.00000,201.00000,201.00000
-59.35497,-47.84680,110.91414,22.68935,99.49519,-9.81804,-9.81804,7.91613,15.80086,1045.30029,109.85721,15.27547,19.43091,8.12653,8.12653,1045.30029,904.00000,201.00000,201.00000
-59.28031,-47.64752,111.32819,23.03004,100.74141,-9.45060,-9.45060,4.71090,12.55795,1068.33034,110.95210,9.14317,13.86994,8.66164,8.66164,1068.33034,904.00000,201.00000,201.00000
-59.21532,-47.44471,111.74613,23.11619,101.20617,-9.45762,-9.45762,4.08554,11.89980,1091.44653,111.46216,7.96144,12.79695,8.76210,8.76210,1091.44653,904.00000,201.00000,201.00000
-59.15666,-47.24029,112.16468,23.20194,101.86414,-9.29334,-9.29334,2.37342,10.15316,1114.64846,112.06846,4.64498,9.78406,9.04031,9.04031,1114.64846,904.00000,201.00000,201.00000
-59.11689,-47.03183,112.58633,23.59855,102.65704,-8.50191,-8.50191,3.02508,4.71366,1138.24701,112.42944,-5.94152,0.13956,9.87944,9.87944,1138.24701,904.00000,201.00000,201.00000
-59.11926,-46.82187,113.00174,23.28569,101.32811,-6.68549,-6.68549,13.36081,-5.67099,1161.53270,109.94325,-26.11273,-18.36369,11.25711,11.25711,1161.53270,904.00000,201.00000,201.00000
-59.16685,-46.61637,113.39868,23.06905,98.76616,-5.40766,-5.40766,20.08694,-12.43540,1184.60175,106.50092,-38.94628,-30.22780,11.97417,11.97417,1184.60175,904.00000,201.00000,201.00000
-59.23119,-46.41358,113.78589,23.09331,99.15695,-5.53630,-5.53630,19.87453,-12.24682,1207.69506,107.00873,-38.68282,-29.98357,11.96066,11.96066,1207.69506,904.00000,201.00000,201.00000
-59.28805,-46.20853,114.17756,23.34795,100.77841,-6.19418,-6.19418,17.10373,-9.49564,1231.04301,109.12792,-33.57992,-25.26317,11.68372,11.68372,1231.04301,904.00000,201.00000,201.00000
-59.33804,-46.00143,114.57314,23.34958,101.05970,-6.27759,-6.27759,17.12461,-9.54147,1254.39259,109.49372,-33.73615,-25.40740,11.69264,11.69264,1254.39259,904.00000,201.00000,201.00000
-59.35210,-45.79713,114.96839,22.47116,104.50887,-8.98536,-8.98536,3.27002,4.31311,1276.86375,114.78120,-6.55799,-0.49627,9.84287,9.84287,1276.86375,904.00000,201.00000,201.00000
-59.30047,-45.59793,115.36413,22.79015,102.67969,-10.91302,-10.91302,8.58632,16.16312,1299.65390,114.07113,17.22379,21.03431,7.77513,7.77513,1254.07359,904.00000,201.00000,201.00000
-59.22624,-45.39845,115.76306,23.07274,103.93658,-10.59484,-10.59484,5.60151,13.14474,1322.72664,115.21027,11.29952,15.69567,8.33085,8.33085,1231.00085,904.00000,201.00000,201.00000
-59.16071,-45.19580,116.16506,23.14558,104.39505,-10.61084,-10.61084,5.01844,12.53237,1345.87222,115.71975,10.16170,14.66920,8.43533,8.43533,1207.85527,904.00000,201.00000,201.00000
-59.09420,-44.99342,116.56523,23.05966,104.38563,-10.87708,-10.87708,6.15380,13.64160,1368.93188,115.89355,12.49552,16.77294,8.21881,8.21881,1184.79561,904.00000,201.00000,201.00000
-59.02297,-44.79265,116.96168,22.98068,104.37168,-11.12120,-11.12120,7.16257,14.62426,1391.91256,116.04896,14.58338,18.65210,8.02078,8.02078,1161.81494,904.00000,201.00000,201.00000
-58.94932,-44.59274,117.35543,22.97658,104.60607,-11.24797,-11.24797,7.34679,14.78128,1414.88913,116.39198,15.00678,19.03275,7.98004,7.98004,1138.83836,904.00000,201.00000,201.00000
-58.89248,-44.38823,117.75344,23.47411,106.44579,-10.29555,-10.29555,0.36955,7.76512,1438.36325,117.75100,0.75948,6.19048,9.29090,9.29090,1115.36424,904.00000,201.00000,201.00000
-58.84892,-44.17978,118.15506,23.40340,106.54649,-10.64148,-10.64148,1.91010,9.28167,1461.76665,118.08941,3.93827,9.06131,9.00870,9.00870,1091.96085,904.00000,201.00000,201.00000
-58.80289,-43.97179,118.55468,23.43422,106.91586,-10.67284,-10.67284,1.47569,8.82005,1485.20087,118.51536,3.05311,8.26273,9.08844,9.08844,1068.52662,904.00000,201.00000,201.00000
-58.75892,-43.76333,118.95321,23.45661,107.25920,-10.72640,-10.72640,1.18549,8.50319,1508.65747,118.92775,2.46105,7.72868,9.14179,9.14179,1045.07002,904.00000,201.00000,201.00000
-58.71579,-43.55470,119.35036,23.45800,107.55236,-10.83590,-10.83590,1.24771,8.53965,1532.11547,119.32206,2.59885,7.85294,9.12932,9.12932,1021.61202,904.00000,201.00000,201.00000
-58.67264,-43.34607,119.74590,23.45978,107.84498,-10.94404,-10.94404,1.30219,8.56862,1555.57525,119.71498,2.72130,7.96327,9.11816,9.11816,998.15224,904.00000,201.00000,201.00000
-58.62949,-43.13743,120.13985,23.46156,108.13608,-11.05198,-11.05198,1.35630,8.59747,1579.03681,120.10619,2.84366,8.07347,9.10694,9.10694,974.69068,904.00000,201.00000,201.00000
-58.58634,-42.92880,120.53219,23.46335,108.42567,-11.15974,-11.15974,1.41002,8.62620,1602.50016,120.49569,2.96594,8.18353,9.09565,9.09565,951.22733,904.00000,201.00000,201.00000
-58.54661,-42.71958,120.92341,23.51801,108.88386,-11.04279,-11.04279,0.06980,7.25898,1626.01817,120.92332,0.14731,5.64638,9.35487,9.35487,927.70932,904.00000,201.00000,201.00000
-58.51379,-42.50916,121.31403,23.58708,109.28389,-10.91399,-10.91399,1.30149,5.86107,1649.60525,121.28273,-2.75545,3.03172,9.61801,9.61801,904.12224,904.00000,201.00000,201.00000
-58.47586,-42.29972,121.70210,23.42804,109.17671,-11.58986,-11.58986,2.26709,9.41135,1673.03329,121.60684,4.81428,9.84010,8.91667,8.91667,880.69421,904.00000,201.00000,201.00000
-58.42884,-42.09195,122.08703,23.42349,109.41992,-11.73007,-11.73007,2.53326,9.65380,1696.45677,121.96772,5.39616,10.36230,8.86096,8.86096,857.27072,904.00000,201.00000,201.00000
-58.38228,-41.88406,122.47047,23.44517,109.76954,-11.77494,-11.77494,2.18606,9.28215,1719.90195,122.38133,4.67160,9.71235,8.93066,8.93066,833.82554,904.00000,201.00000,201.00000
-58.33808,-41.67566,122.85279,23.47754,110.14343,-11.78959,-11.78959,1.65129,8.72292,1743.37948,122.80177,3.54019,8.69756,9.03940,9.03940,810.34801,904.00000,201.00000,201.00000
-58.31568,-41.46488,123.23411,23.66776,110.53509,-10.46220,-10.46220,6.62149,0.41393,1767.04725,122.41209,-14.21009,-7.27670,10.65012,10.65012,786.68024,904.00000,201.00000,201.00000
-58.31464,-41.25194,123.61412,23.68984,110.76954,-10.48492,-10.48492,7.00496,0.00803,1790.73709,122.69142,-15.07539,-8.05799,10.72407,10.72407,762.99040,904.00000,201.00000,201.00000
-58.31408,-41.03889,123.99257,23.68932,111.08606,-10.62299,-10.62299,6.76971,0.22209,1814.42641,123.12809,-14.61612,-7.64350,10.68463,10.68463,739.30108,904.00000,201.00000,201.00000
-58.30258,-40.82728,124.36861,23.44409,111.63040,-11.48930,-11.48930,2.46833,4.50870,1837.87050,124.25322,-5.35620,0.69317,9.85692,9.85692,715.85699,904.00000,201.00000,201.00000
-58.26219,-40.61981,124.74039,23.30357,110.77359,-12.82137,-12.82137,5.35967,12.32667,1861.17407,124.19502,11.65169,15.91816,8.19268,8.19268,692.55342,904.00000,201.00000,201.00000
-58.20192,-40.41548,125.10822,23.26570,110.84792,-13.01676,-13.01676,6.04519,12.99072,1884.43977,124.41252,13.17549,17.27655,8.03431,8.03431,669.28772,904.00000,201.00000,201.00000
-58.13838,-40.21216,125.47322,23.21996,110.83627,-13.23791,-13.23791,6.93343,13.85796,1907.65973,124.55564,15.14664,19.03168,7.82644,7.82644,646.06776,904.00000,201.00000,201.00000
-58.07180,-40.00979,125.83539,23.18700,110.89837,-13.41681,-13.41681,7.53060,14.43386,1930.84674,124.75006,16.49145,20.22777,7.68266,7.68266,622.88075,904.00000,201.00000,201.00000
-58.00242,-39.80837,126.19475,23.14460,110.86950,-13.62028,-13.62028,8.32779,15.21023,1953.99133,124.86411,18.27755,21.81462,7.48920,7.48920,599.73616,904.00000,201.00000,201.00000
-57.93144,-39.60750,126.55181,23.14923,111.10630,-13.72637,-13.72637,8.39158,15.25236,1977.14057,125.19692,18.46867,21.98427,7.46830,7.46830,576.58692,904.00000,201.00000,201.00000
-57.88663,-39.40095,126.91280,23.65093,113.52929,-12.09079,-12.09079,2.92000,3.90317,2000.79150,126.74802,-6.46514,-0.24692,10.02324,10.02324,552.93599,904.00000,201.00000,201.00000
-57.86799,-39.18873,127.27766,23.65391,113.80237,-12.18589,-12.18589,2.91888,3.88403,2024.44541,127.11253,-6.48124,-0.26134,10.02478,10.02478,529.28208,904.00000,201.00000,201.00000
-57.83504,-38.97912,127.63861,23.37623,113.43059,-13.29519,-13.29519,3.29750,10.08916,2047.82164,127.42728,7.34183,12.07879,8.64098,8.64098,505.90585,904.00000,201.00000,201.00000
-57.78254,-38.77309,127.99486,23.34679,113.11314,-13.72989,-13.72989,5.61225,12.38659,2071.16843,127.38132,12.51735,16.68021,8.09206,8.09206,482.55906,904.00000,201.00000,201.00000
-57.71903,-38.56994,128.34628,23.17097,112.44858,-14.19579,-14.19579,8.33750,15.09492,2094.33941,126.98980,18.61071,22.08345,7.42311,7.42311,459.38809,904.00000,201.00000,201.00000
-57.64588,-38.37001,128.69214,23.08624,111.92798,-14.52424,-14.52424,10.18473,16.92406,2117.42564,126.66430,22.75566,25.74997,6.95380,6.95380,436.30185,904.00000,201.00000,201.00000
-57.56890,-38.17135,129.03482,23.09159,112.14590,-14.62848,-14.62848,10.24859,16.96760,2140.51723,126.97607,22.95780,25.92855,6.93056,6.93056,413.21026,904.00000,201.00000,201.00000
-57.49191,-37.97270,129.37587,23.09693,112.36232,-14.73246,-14.73246,10.31206,17.01092,2163.61416,127.28610,23.15949,26.10664,6.90727,6.90727,390.11334,904.00000,201.00000,201.00000
-57.41493,-37.77405,129.71528,23.10226,112.57724,-14.83618,-14.83618,10.37514,17.05404,2186.71641,127.59439,23.36074,26.28424,6.88393,6.88393,367.01108,904.00000,201.00000,201.00000
-57.33795,-37.57539,130.05305,23.10758,112.79065,-14.93963,-14.93963,10.43783,17.09693,2209.82399,127.90094,23.56153,26.46136,6.86052,6.86052,343.90350,904.00000,201.00000,201.00000
-57.26097,-37.37674,130.38917,23.11288,113.00255,-15.04282,-15.04282,10.50014,17.13962,2232.93687,128.20574,23.76185,26.63797,6.83707,6.83707,320.79062,904.00000,201.00000,201.00000
-57.18053,-37.17963,130.72166,22.98053,112.36064,-15.34230,-15.34230,12.27195,18.89408,2255.91740,127.73464,27.78517,30.18062,6.35943,6.35943,297.81009,904.00000,201.00000,201.00000
-57.09015,-36.98697,131.04682,22.78663,110.64334,-15.78021,-15.78021,15.60149,22.20822,2278.70404,126.21848,35.24437,36.73077,5.44528,5.44528,275.02345,904.00000,201.00000,201.00000
-56.99331,-36.79721,131.36669,22.79473,110.81952,-15.88105,-15.88105,15.67037,22.25793,2301.49876,126.48399,35.48248,36.93945,5.41544,5.41544,252.22873,904.00000,201.00000,201.00000
-56.89646,-36.60745,131.68501,22.80280,110.99431,-15.98161,-15.98161,15.73884,22.30738,2324.30156,126.74788,35.71996,37.14746,5.38557,5.38557,229.42593,904.00000,201.00000,201.00000
-56.79961,-36.41769,132.00177,22.81085,111.16770,-16.08190,-16.08190,15.80691,22.35657,2347.11242,127.01014,35.95680,37.35481,5.35564,5.35564,206.61508,904.00000,201.00000,201.00000
-56.70276,-36.22792,132.31697,22.81889,111.33971,-16.18191,-16.18191,15.87458,22.40552,2369.93130,127.27077,36.19299,37.56148,5.32567,5.32567,183.79619,904.00000,201.00000,201.00000
-56.60591,-36.03816,132.63060,22.82690,111.51033,-16.28164,-16.28164,15.94183,22.45420,2392.75820,127.52977,36.42850,37.76747,5.29566,5.29566,160.96929,904.00000,201.00000,201.00000
-56.50907,-35.84840,132.94267,22.83490,111.67956,-16.38109,-16.38109,16.00869,22.50263,2415.59310,127.78714,36.66336,37.97277,5.26562,5.26562,138.13439,904.00000,201.00000,201.00000
-56.41222,-35.65864,133.25317,22.84287,111.84741,-16.48025,-16.48025,16.07515,22.55080,2438.43597,128.04288,36.89753,38.17737,5.23554,5.23554,115.29152,904.00000,201.00000,201.00000
-56.31537,-35.46887,133.56208,22.85083,112.01387,-16.57913,-16.57913,16.14121,22.59872,2461.28680,128.29699,37.13102,38.38127,5.20543,5.20543,92.44069,904.00000,201.00000,201.00000
-56.21852,-35.27911,133.86942,22.85876,112.17894,-16.67773,-16.67773,16.20688,22.64638,2484.14556,128.54947,37.36380,38.58447,5.17529,5.17529,69.58193,904.00000,201.00000,201.00000
-56.12167,-35.08935,134.17517,22.86667,112.34264,-16.77605,-16.77605,16.27214,22.69378,2507.01223,128.80033,37.59588,38.78694,5.14512,5.14512,46.71526,904.00000,201.00000,201.00000
-56.02483,-34.89959,134.47933,22.87456,112.50496,-16.87408,-16.87408,16.33701,22.74093,2529.88679,129.04957,37.82724,38.98870,5.11493,5.11493,23.84070,904.00000,201.00000,201.00000
-55.92798,-34.70982,134.78190,22.88243,112.66590,-16.97182,-16.97182,16.40149,22.78782,2552.76922,129.29717,38.05788,39.18971,5.08471,5.08471,0.95827,904.00000,201.00000,201.00000
-55.83113,-34.52006,135.08287,22.89027,112.82547,-17.06927,-17.06927,16.46558,22.83445,2575.65949,129.54315,38.28779,39.38999,5.05448,5.05448,-21.93200,904.00000,201.00000,201.00000
-55.06617,-29.94523,42.37690,22.16738,3.38206,-18.32289,-18.32289,43.75544,16.11491,22.16738,30.60876,-29.30708,4.90936,6.61980,6.61980,22.16738,902.00000,201.00000,201.00000
-55.00237,-29.75370,42.68468,22.17065,3.73892,-18.41084,-18.41084,43.30053,16.14412,44.33803,31.06447,-29.27422,4.91316,6.60023,6.60023,44.33803,902.00000,201.00000,201.00000
-54.93858,-29.56216,42.99453,22.17392,4.09581,-18.49852,-18.49852,42.85236,16.17316,66.51194,31.51966,-29.24108,4.91730,6.58068,6.58068,66.51194,902.00000,201.00000,201.00000
-54.87478,-29.37062,43.30638,22.17716,4.45273,-18.58592,-18.58592,42.41084,16.20202,88.68911,31.97430,-29.20764,4.92181,6.56116,6.56116,88.68911,902.00000,201.00000,201.00000
-54.81098,-29.17908,43.62017,22.18040,4.80968,-18.67304,-18.67304,41.97587,16.23069,110.86951,32.42839,-29.17394,4.92665,6.54166,6.54166,110.86951,902.00000,201.00000,201.00000
-54.74718,-28.98754,43.93586,22.18362,5.16665,-18.75989,-18.75989,41.54737,16.25919,133.05313,32.88193,-29.13997,4.93184,6.52219,6.52219,133.05313,902.00000,201.00000,201.00000
-54.68339,-28.79601,44.25337,22.18683,5.52364,-18.84646,-18.84646,41.12522,16.28750,155.23996,33.33491,-29.10575,4.93737,6.50275,6.50275,155.23996,902.00000,201.00000,201.00000
-54.61959,-28.60447,44.57266,22.19002,5.88063,-18.93275,-18.93275,40.70934,16.31564,177.42998,33.78732,-29.07127,4.94323,6.48334,6.48334,177.42998,902.00000,201.00000,201.00000
-54.55579,-28.41293,44.89367,22.19320,6.23764,-19.01876,-19.01876,40.29963,16.34359,199.62318,34.23917,-29.03654,4.94941,6.46397,6.46397,199.62318,902.00000,201.00000,201.00000
-54.49199,-28.22139,45.21634,22.19637,6.59464,-19.10449,-19.10449,39.89599,16.37136,221.81955,34.69043,-29.00157,4.95592,6.44463,6.44463,221.81955,902.00000,201.00000,201.00000
-54.43985,-28.02713,45.52589,22.26191,7.44123,-18.39873,-18.39873,45.57774,10.29821,244.08146,31.86543,-32.51462,4.21508,8.42420,8.42420,244.08146,902.00000,201.00000,201.00000
-54.40570,-27.82865,45.81457,22.40200,8.03289,-17.96853,-17.96853,48.45220,7.01606,266.48346,30.38627,-34.28775,3.77435,9.46007,9.46007,266.48346,902.00000,201.00000,201.00000
-54.37790,-27.62869,46.09734,22.40261,8.39634,-18.05201,-18.05201,48.03165,7.02876,288.88607,30.82621,-34.27403,3.77803,9.45199,9.45199,288.88607,902.00000,201.00000,201.00000
-54.35010,-27.42873,46.38216,22.40322,8.75971,-18.13524,-18.13524,47.61660,7.04138,311.28929,31.26567,-34.26021,3.78185,9.44394,9.44394,311.28929,902.00000,201.00000,201.00000
-54.32230,-27.22877,46.66898,22.40383,9.12299,-18.21821,-18.21821,47.20699,7.05390,333.69312,31.70465,-34.24629,3.78580,9.43590,9.43590,333.69312,902.00000,201.00000,201.00000
-54.29450,-27.02881,46.95775,22.40443,9.48617,-18.30092,-18.30092,46.80276,7.06635,356.09756,32.14314,-34.23227,3.78989,9.42788,9.42788,356.09756,902.00000,201.00000,201.00000
-54.26669,-26.82885,47.24842,22.40503,9.84926,-18.38338,-18.38338,46.40384,7.07870,378.50259,32.58114,-34.21816,3.79411,9.41988,9.41988,378.50259,902.00000,201.00000,201.00000
-54.23889,-26.62889,47.54093,22.40563,10.21224,-18.46559,-18.46559,46.01018,7.09097,400.90822,33.01863,-34.20395,3.79845,9.41190,9.41190,400.90822,902.00000,201.00000,201.00000
-54.21109,-26.42893,47.83524,22.40623,10.57511,-18.54754,-18.54754,45.62171,7.10316,423.31445,33.45561,-34.18965,3.80292,9.40394,9.40394,423.31445,902.00000,201.00000,201.00000
-54.18329,-26.22897,48.13131,22.40682,10.93788,-18.62922,-18.62922,45.23837,7.11526,445.72127,33.89209,-34.17527,3.80751,9.39600,9.39600,445.72127,902.00000,201.00000,201.00000
-54.15549,-26.02901,48.42907,22.40741,11.30052,-18.71064,-18.71064,44.86009,7.12727,468.12867,34.32804,-34.16080,3.81223,9.38808,9.38808,468.12867,902.00000,201.00000,201.00000
-54.12769,-25.82905,48.72849,22.40799,11.66305,-18.79181,-18.79181,44.48682,7.13920,490.53666,34.76348,-34.14625,3.81707,9.38018,9.38018,490.53666,902.00000,201.00000,201.00000
-54.09989,-25.62909,49.02953,22.40857,12.02546,-18.87271,-18.87271,44.11848,7.15103,512.94524,35.19838,-34.13163,3.82202,9.37231,9.37231,512.94524,902.00000,201.00000,201.00000
-54.07209,-25.42913,49.33212,22.40915,12.38773,-18.95335,-18.95335,43.75503,7.16279,535.35439,35.63275,-34.11693,3.82708,9.36447,9.36447,535.35439,902.00000,201.00000,201.00000
-54.04429,-25.22917,49.63623,22.40973,12.74987,-19.03372,-19.03372,43.39639,7.17445,557.76412,36.06658,-34.10216,3.83226,9.35664,9.35664,557.76412,902.00000,201.00000,201.00000
-54.01648,-25.02921,49.94183,22.41030,13.11187,-19.11383,-19.11383,43.04250,7.18603,580.17442,36.49987,-34.08733,3.83755,9.34884,9.34884,580.17442,902.00000,201.00000,201.00000
-53.98868,-24.82925,50.24886,22.41087,13.47372,-19.19368,-19.19368,42.69330,7.19752,602.58529,36.93260,-34.07243,3.84294,9.34107,9.34107,602.58529,902.00000,201.00000,201.00000
-53.96088,-24.62929,50.55727,22.41143,13.83543,-19.27326,-19.27326,42.34873,7.20892,624.99673,37.36478,-34.05747,3.84844,9.33332,9.33332,624.99673,902.00000,201.00000,201.00000
-53.93359,-24.42926,50.86640,22.41360,14.21462,-19.30935,-19.30935,42.27216,6.95599,647.41033,37.63901,-34.21544,3.78936,9.41458,9.41458,647.41033,902.00000,201.00000,201.00000
-53.90856,-24.22895,51.17402,22.42329,14.63529,-19.23474,-19.23474,42.85314,6.04668,669.83362,37.51565,-34.80455,3.56322,9.71672,9.71672,669.83362,902.00000,201.00000,201.00000
-53.88528,-24.02841,51.48077,22.42368,14.99704,-19.31309,-19.31309,42.51840,6.05605,692.25730,37.94443,-34.79209,3.56811,9.71036,9.71036,692.25730,902.00000,201.00000,201.00000
-53.86200,-23.82788,51.78881,22.42407,15.35861,-19.39117,-19.39117,42.18802,6.06535,714.68137,38.37266,-34.77959,3.57309,9.70401,9.70401,714.68137,902.00000,201.00000,201.00000
-53.83873,-23.62734,52.09811,22.42445,15.72002,-19.46900,-19.46900,41.86193,6.07458,737.10583,38.80033,-34.76704,3.57814,9.69770,9.69770,737.10583,902.00000,201.00000,201.00000
-53.81545,-23.42680,52.40862,22.42484,16.08123,-19.54655,-19.54655,41.54009,6.08373,759.53066,39.22743,-34.75445,3.58327,9.69140,9.69140,759.53066,902.00000,201.00000,201.00000
-53.79452,-23.22636,52.71692,22.35914,16.51418,-19.41392,-19.41392,42.43450,4.87761,781.88981,38.90768,-35.57058,3.24280,10.09834,10.09834,781.88981,902.00000,201.00000,201.00000
-53.80471,-23.02713,52.98163,22.38451,17.14307,-16.17847,-16.17847,57.22152,-10.25670,804.27432,28.68385,-44.54537,-1.22618,14.82430,14.82430,804.27432,902.00000,201.00000,201.00000
-53.84362,-22.82904,53.20672,22.38555,17.50355,-16.24435,-16.24435,56.87662,-10.27132,826.65987,29.07448,-44.56041,-1.23521,14.83275,14.83275,826.65987,902.00000,201.00000,201.00000
-53.88254,-22.63094,53.43371,22.38658,17.86383,-16.31010,-16.31010,56.53482,-10.28582,849.04645,29.46495,-44.57553,-1.24435,14.84116,14.84116,849.04645,902.00000,201.00000,201.00000
-53.92146,-22.43284,53.66255,22.38761,18.22391,-16.37571,-16.37571,56.19612,-10.30019,871.43406,29.85526,-44.59072,-1.25359,14.84953,14.84953,871.43406,902.00000,201.00000,201.00000
-53.94765,-22.23347,53.91230,22.35390,18.60427,-18.07532,-18.07532,49.11958,-3.55753,893.78796,35.28465,-40.76186,0.91114,12.82453,12.82453,893.78796,902.00000,201.00000,201.00000
-53.95495,-22.03221,54.19183,22.44838,18.88292,-18.84593,-18.84593,45.54891,-0.30322,916.23634,37.95055,-38.68475,1.97435,11.77736,11.77736,916.23634,902.00000,201.00000,201.00000
-53.95610,-21.83033,54.48185,22.44838,19.24397,-18.91850,-18.91850,45.23971,-0.30365,938.68472,38.36297,-38.68533,1.97406,11.77764,11.77764,938.68472,902.00000,201.00000,201.00000
-53.96717,-21.63025,54.75728,22.15379,19.70171,-17.81862,-17.81862,50.23471,-5.61594,960.83851,35.02517,-42.09034,0.16704,13.48211,13.48211,960.83851,902.00000,201.00000,201.00000
-54.01265,-21.43643,54.97922,22.26754,19.55686,-14.28320,-14.28320,63.26915,-18.99638,983.10606,24.72965,-49.10355,-4.44057,17.24983,17.24983,983.10606,902.00000,201.00000,201.00000
-54.08264,-21.24706,55.16401,22.27059,19.91053,-14.34022,-14.34022,62.93836,-19.01905,1005.37665,25.09680,-49.12452,-4.45718,17.26188,17.26188,1005.37665,902.00000,201.00000,201.00000
-54.15262,-21.05770,55.35079,22.27362,20.26402,-14.39720,-14.39720,62.60977,-19.04151,1027.65027,25.46404,-49.14563,-4.47395,17.27387,17.27387,1027.65027,902.00000,201.00000,201.00000
-54.22261,-20.86833,55.53953,22.27662,20.61734,-14.45412,-14.45412,62.28338,-19.06378,1049.92688,25.83137,-49.16685,-4.49086,17.28581,17.28581,1049.92688,902.00000,201.00000,201.00000
-54.30957,-20.68764,55.69526,21.97186,19.81154,-11.14745,-11.14745,72.35502,-29.49368,1071.89874,16.88224,-53.07497,-8.18991,19.62813,19.62813,1071.89874,902.00000,201.00000,201.00000
-54.41775,-20.51779,55.80947,22.01658,19.75683,-10.28318,-10.28318,74.65083,-32.14913,1093.91533,14.77280,-53.81878,-9.11968,20.13170,20.13170,1093.91533,902.00000,201.00000,201.00000
-54.53019,-20.35012,55.91717,22.02338,20.09830,-10.32947,-10.32947,74.32032,-32.17712,1115.93870,15.11212,-53.83636,-9.14312,20.14383,20.14383,1115.93870,902.00000,201.00000,201.00000
-54.64262,-20.18244,56.02709,22.03013,20.43971,-10.37583,-10.37583,73.99073,-32.20487,1137.96883,15.45187,-53.85419,-9.16677,20.15591,20.15591,1137.96883,902.00000,201.00000,201.00000
-54.75506,-20.01477,56.13921,22.03683,20.78103,-10.42227,-10.42227,73.66209,-32.23238,1160.00566,15.79206,-53.87227,-9.19062,20.16794,20.16794,1160.00566,902.00000,201.00000,201.00000
-54.87892,-19.85640,56.22493,21.79187,19.58145,-7.46509,-7.46509,81.57940,-40.50873,1181.79753,8.23351,-55.61881,-12.12465,21.46817,21.46817,1181.79753,902.00000,201.00000,201.00000
-55.01733,-19.70990,56.27651,21.81192,19.41615,-6.64851,-6.64851,83.52440,-42.80968,1203.60945,6.34687,-55.91746,-12.92345,21.75727,21.75727,1203.60945,902.00000,201.00000,201.00000
-55.15887,-19.56594,56.32255,21.82094,19.74740,-6.68951,-6.68951,83.19505,-42.83512,1225.43039,6.67364,-55.92578,-12.94845,21.76579,21.76579,1225.43039,902.00000,201.00000,201.00000
-55.30040,-19.42198,56.37089,21.82991,20.07866,-6.73065,-6.73065,82.86570,-42.86036,1247.26031,7.00101,-55.93445,-12.97370,21.77429,21.77429,1247.26031,902.00000,201.00000,201.00000
-55.44194,-19.27801,56.42149,21.83883,20.40991,-6.77194,-6.77194,82.53636,-42.88540,1269.09913,7.32898,-55.94346,-12.99918,21.78279,21.78279,1269.09913,902.00000,201.00000,201.00000
-55.58347,-19.13405,56.47439,21.84768,20.74115,-6.81336,-6.81336,82.20709,-42.91024,1290.94681,7.65753,-55.95282,-13.02488,21.79127,21.79127,1290.94681,902.00000,201.00000,201.00000
-55.72501,-18.99009,56.52956,21.85647,21.07237,-6.85493,-6.85493,81.87790,-42.93488,1312.80328,7.98667,-55.96252,-13.05080,21.79974,21.79974,1312.80328,902.00000,201.00000,201.00000
-55.86654,-18.84613,56.58700,21.86520,21.40358,-6.89664,-6.89664,81.54884,-42.95931,1334.66848,8.31638,-55.97255,-13.07693,21.80820,21.80820,1334.66848,902.00000,201.00000,201.00000
-56.00808,-18.70217,56.64671,21.87387,21.73477,-6.93849,-6.93849,81.21993,-42.98355,1356.54234,8.64667,-55.98290,-13.10326,21.81665,21.81665,1356.54234,902.00000,201.00000,201.00000
-56.14961,-18.55821,56.70870,21.88248,22.06592,-6.98048,-6.98048,80.89122,-43.00759,1378.42482,8.97752,-55.99358,-13.12979,21.82508,21.82508,1378.42482,902.00000,201.00000,201.00000
-56.29115,-18.41425,56.77295,21.89103,22.39704,-7.02260,-7.02260,80.56272,-43.03143,1400.31586,9.30894,-56.00457,-13.15652,21.83350,21.83350,1400.31586,902.00000,201.00000,201.00000
-56.43588,-18.27474,56.82857,21.66816,21.98173,-5.87517,-5.87517,83.32951,-46.14954,1421.98401,6.60116,-56.44387,-14.38178,22.18959,22.18959,1421.98401,902.00000,201.00000,201.00000
-56.60063,-18.16310,56.81818,21.54807,17.20819,0.73822,0.73822,80.22524,-62.94076,1443.53209,-9.64632,-55.99334,-20.18213,22.94990,22.94990,1443.53209,902.00000,201.00000,201.00000
-56.78221,-18.07486,56.75263,21.55668,17.52508,0.69835,0.69835,80.54761,-62.95233,1465.08877,-9.32037,-55.98206,-20.20279,22.94905,22.94905,1465.08877,902.00000,201.00000,201.00000
-56.96379,-17.98662,56.68921,21.56526,17.84199,0.65830,0.65830,80.87138,-62.96383,1486.65403,-8.99381,-55.97122,-20.22373,22.94824,22.94824,1486.65403,902.00000,201.00000,201.00000
-57.14536,-17.89838,56.62794,21.57379,18.15893,0.61808,0.61808,81.19653,-62.97528,1508.22781,-8.66666,-55.96081,-20.24494,22.94749,22.94749,1508.22781,902.00000,201.00000,201.00000
-57.32421,-17.80633,56.57818,21.47530,19.41349,-0.50860,-0.50860,84.23531,-60.27455,1529.70312,-5.68289,-56.29206,-19.37755,22.95002,22.95002,1529.70312,902.00000,201.00000,201.00000
-57.48296,-17.68635,56.59926,21.93440,24.59459,-7.31170,-7.31170,78.23969,-43.09130,1551.63752,11.53594,-55.41118,-12.75023,21.77234,21.77234,1551.63752,902.00000,201.00000,201.00000
-57.62435,-17.54225,56.68189,21.94258,24.92585,-7.35508,-7.35508,77.90955,-43.11396,1573.58010,11.87234,-55.42458,-12.77858,21.78074,21.78074,1573.58010,902.00000,201.00000,201.00000
-57.76574,-17.39815,56.76677,21.95069,25.25703,-7.39860,-7.39860,77.57995,-43.13642,1595.53078,12.20924,-55.43826,-12.80707,21.78912,21.78912,1595.53078,902.00000,201.00000,201.00000
-57.90713,-17.25404,56.85389,21.95874,25.58813,-7.44224,-7.44224,77.25089,-43.15868,1617.48952,12.54664,-55.45220,-12.83571,21.79747,21.79747,1617.48952,902.00000,201.00000,201.00000
-58.04852,-17.10994,56.94325,21.96673,25.91914,-7.48602,-7.48602,76.92243,-43.18074,1639.45625,12.88455,-55.46640,-12.86448,21.80581,21.80581,1639.45625,902.00000,201.00000,201.00000
-58.18991,-16.96583,57.03484,21.97465,26.25006,-7.52993,-7.52993,76.59458,-43.20260,1661.43090,13.22296,-55.48087,-12.89337,21.81413,21.81413,1661.43090,902.00000,201.00000,201.00000
-58.33130,-16.82173,57.12865,21.98252,26.58087,-7.57397,-7.57397,76.26737,-43.22427,1683.41342,13.56185,-55.49557,-12.92238,21.82242,21.82242,1639.44838,902.00000,201.00000,201.00000
-58.47269,-16.67763,57.22467,21.99032,26.91158,-7.61814,-7.61814,75.94083,-43.24575,1705.40374,13.90123,-55.51052,-12.95150,21.83069,21.83069,1617.45806,902.00000,201.00000,201.00000
-58.61408,-16.53352,57.32289,21.99806,27.24218,-7.66244,-7.66244,75.61500,-43.26702,1727.40180,14.24109,-55.52571,-12.98074,21.83894,21.83894,1595.46000,902.00000,201.00000,201.00000
-58.75547,-16.38942,57.42330,22.00574,27.57267,-7.70686,-7.70686,75.28989,-43.28810,1749.40754,14.58142,-55.54114,-13.01007,21.84717,21.84717,1573.45426,902.00000,201.00000,201.00000
-58.89686,-16.24532,57.52590,22.01336,27.90303,-7.75141,-7.75141,74.96554,-43.30899,1771.42090,14.92222,-55.55679,-13.03949,21.85537,21.85537,1551.44090,902.00000,201.00000,201.00000
-59.03825,-16.10121,57.63067,22.02091,28.23328,-7.79610,-7.79610,74.64196,-43.32968,1793.44181,15.26348,-55.57266,-13.06900,21.86354,21.86354,1529.42000,902.00000,201.00000,201.00000
-59.17964,-15.95711,57.73760,22.02840,28.56339,-7.84090,-7.84090,74.31919,-43.35017,1815.47021,15.60520,-55.58874,-13.09860,21.87168,21.87168,1507.39159,902.00000,201.00000,201.00000
-59.32103,-15.81301,57.84668,22.03583,28.89338,-7.88583,-7.88583,73.99724,-43.37047,1837.50604,15.94738,-55.60503,-13.12826,21.87980,21.87980,1485.35577,902.00000,201.00000,201.00000
-59.46242,-15.66890,57.95790,22.04319,29.22322,-7.93089,-7.93089,73.67616,-43.39057,1859.54923,16.29000,-55.62153,-13.15800,21.88790,21.88790,1463.31257,902.00000,201.00000,201.00000
-59.60381,-15.52480,58.07125,22.05050,29.55293,-7.97607,-7.97607,73.35595,-43.41048,1881.59973,16.63306,-55.63822,-13.18780,21.89596,21.89596,1441.26208,902.00000,201.00000,201.00000
-59.74520,-15.38070,58.18672,22.05774,29.88248,-8.02137,-8.02137,73.03664,-43.43020,1903.65746,16.97657,-55.65510,-13.21765,21.90400,21.90400,1419.20434,902.00000,201.00000,201.00000
-59.88659,-15.23659,58.30429,22.06491,30.21188,-8.06680,-8.06680,72.71825,-43.44972,1925.72237,17.32050,-55.67217,-13.24756,21.91200,21.91200,1397.13943,902.00000,201.00000,201.00000
-60.02798,-15.09249,58.42395,22.07202,30.54113,-8.11235,-8.11235,72.40081,-43.46905,1947.79440,17.66485,-55.68941,-13.27751,21.91998,21.91998,1375.06740,902.00000,201.00000,201.00000
-60.16937,-14.94839,58.54569,22.07907,30.87021,-8.15802,-8.15802,72.08434,-43.48818,1969.87347,18.00963,-55.70683,-13.30749,21.92792,21.92792,1352.98833,902.00000,201.00000,201.00000
-60.31076,-14.80428,58.66950,22.08606,31.19913,-8.20381,-8.20381,71.76885,-43.50712,1991.95953,18.35483,-55.72441,-13.33750,21.93583,21.93583,1330.90227,902.00000,201.00000,201.00000
-60.43511,-14.64701,58.83423,22.19172,33.64112,-12.68860,-12.68860,59.30846,-31.36353,2014.15125,30.02993,-50.59318,-6.46111,19.72016,19.72016,1308.71055,902.00000,201.00000,201.00000
-60.54068,-14.47522,59.04350,22.26219,34.11068,-13.16066,-13.16066,57.79155,-30.15210,2036.41344,31.47025,-49.95757,-5.76088,19.45300,19.45300,1286.44836,902.00000,201.00000,201.00000
-60.64450,-14.30207,59.25828,22.26655,34.44955,-13.21249,-13.21249,57.50818,-30.17124,2058.67998,31.83232,-49.98248,-5.78786,19.46337,19.46337,1264.18182,902.00000,201.00000,201.00000
-60.74832,-14.12893,59.47457,22.27085,34.78810,-13.26434,-13.26434,57.22675,-30.19014,2080.95083,32.19452,-50.00737,-5.81478,19.47367,19.47367,1241.91097,902.00000,201.00000,201.00000
-60.85214,-13.95579,59.69233,22.27511,35.12632,-13.31622,-13.31622,56.94723,-30.20881,2103.22594,32.55686,-50.03224,-5.84163,19.48388,19.48388,1219.63586,902.00000,201.00000,201.00000
-60.95597,-13.78265,59.91155,22.27931,35.46421,-13.36812,-13.36812,56.66964,-30.22725,2125.50525,32.91933,-50.05708,-5.86841,19.49400,19.49400,1197.35655,902.00000,201.00000,201.00000
-61.05979,-13.60950,60.13220,22.28347,35.80177,-13.42005,-13.42005,56.39396,-30.24545,2147.78873,33.28193,-50.08188,-5.89511,19.50404,19.50404,1175.07308,902.00000,201.00000,201.00000
-61.16361,-13.43636,60.35427,22.28758,36.13899,-13.47201,-13.47201,56.12019,-30.26342,2170.07631,33.64464,-50.10664,-5.92173,19.51399,19.51399,1152.78550,902.00000,201.00000,201.00000
-61.26743,-13.26322,60.57773,22.29164,36.47586,-13.52399,-13.52399,55.84831,-30.28115,2192.36795,34.00748,-50.13136,-5.94825,19.52385,19.52385,1130.49386,902.00000,201.00000,201.00000
-61.37125,-13.09008,60.80256,22.29565,36.81239,-13.57599,-13.57599,55.57832,-30.29864,2214.66359,34.37042,-50.15601,-5.97468,19.53362,19.53362,1108.19821,902.00000,201.00000,201.00000
-61.47507,-12.91693,61.02873,22.29961,37.14856,-13.62801,-13.62801,55.31021,-30.31591,2236.96320,34.73347,-50.18060,-6.00100,19.54330,19.54330,1085.89860,902.00000,201.00000,201.00000
-61.57889,-12.74379,61.25623,22.30352,37.48438,-13.68006,-13.68006,55.04397,-30.33294,2259.26672,35.09661,-50.20512,-6.02721,19.55289,19.55289,1063.59508,902.00000,201.00000,201.00000
-61.68271,-12.57065,61.48504,22.30738,37.81983,-13.73213,-13.73213,54.77960,-30.34973,2281.57410,35.45985,-50.22956,-6.05329,19.56238,19.56238,1041.28770,902.00000,201.00000,201.00000
-61.78653,-12.39751,61.71512,22.31119,38.15492,-13.78421,-13.78421,54.51707,-30.36629,2303.88529,35.82318,-50.25392,-6.07925,19.57178,19.57178,1018.97651,902.00000,201.00000,201.00000
-61.89035,-12.22437,61.94647,22.31495,38.48964,-13.83632,-13.83632,54.25639,-30.38262,2326.20024,36.18660,-50.27818,-6.10508,19.58109,19.58109,996.66156,902.00000,201.00000,201.00000
-61.99417,-12.05122,62.17906,22.31866,38.82399,-13.88845,-13.88845,53.99754,-30.39871,2348.51890,36.55010,-50.30235,-6.13077,19.59030,19.59030,974.34290,902.00000,201.00000,201.00000
-62.09799,-11.87808,62.41288,22.32232,39.15796,-13.94060,-13.94060,53.74051,-30.41457,2370.84122,36.91367,-50.32642,-6.15631,19.59942,19.59942,952.02058,902.00000,201.00000,201.00000
-62.20181,-11.70494,62.64789,22.32593,39.49154,-13.99276,-13.99276,53.48529,-30.43020,2393.16714,37.27732,-50.35037,-6.18170,19.60844,19.60844,929.69466,902.00000,201.00000,201.00000
-62.30563,-11.53180,62.88407,22.32948,39.82472,-14.04495,-14.04495,53.23188,-30.44559,2415.49663,37.64102,-50.37420,-6.20693,19.61736,19.61736,907.36517,902.00000,201.00000,201.00000
-62.40945,-11.35865,63.12142,22.33299,40.15752,-14.09715,-14.09715,52.98025,-30.46075,2437.82962,38.00479,-50.39791,-6.23200,19.62618,19.62618,885.03218,902.00000,201.00000,201.00000
-62.51327,-11.18551,63.35991,22.33645,40.48993,-14.14936,-14.14936,52.73040,-30.47567,2460.16607,38.36862,-50.42149,-6.25690,19.63490,19.63490,862.69573,902.00000,201.00000,201.00000
-62.61709,-11.01237,63.59950,22.33985,40.82192,-14.20160,-14.20160,52.48231,-30.49036,2482.50592,38.73250,-50.44492,-6.28162,19.64352,19.64352,840.35588,902.00000,201.00000,201.00000
-62.72091,-10.83923,63.84019,22.34321,41.15351,-14.25384,-14.25384,52.23598,-30.50482,2504.84913,39.09642,-50.46821,-6.30614,19.65203,19.65203,818.01267,902.00000,201.00000,201.00000
-62.82473,-10.66608,64.08197,22.34651,41.48469,-14.30611,-14.30611,51.99139,-30.51905,2527.19565,39.46039,-50.49135,-6.33048,19.66044,19.66044,795.66615,902.00000,201.00000,201.00000
-62.92855,-10.49294,64.32479,22.34977,41.81546,-14.35839,-14.35839,51.74853,-30.53304,2549.54541,39.82439,-50.51432,-6.35462,19.66875,19.66875,773.31639,902.00000,201.00000,201.00000
-63.02303,-10.31535,64.58320,22.28254,42.57616,-16.33577,-16.33577,45.68687,-24.71416,2571.82795,45.11648,-46.21139,-2.07952,18.11385,18.11385,751.03385,902.00000,201.00000,201.00000
-63.10014,-10.12947,64.86937,22.40773,42.92908,-17.90565,-17.90565,40.48393,-19.73286,2594.23568,49.33887,-42.11545,1.62831,16.62900,16.62900,728.62612,902.00000,201.00000,201.00000
-63.16924,-9.93978,65.16848,22.40922,43.26349,-17.96230,-17.96230,40.28244,-19.74341,2616.64490,49.71485,-42.13508,1.61123,16.63611,16.63611,706.21690,902.00000,201.00000,201.00000
-63.23833,-9.75009,65.46803,22.41069,43.59738,-18.01887,-18.01887,40.08281,-19.75377,2639.05559,50.09055,-42.15448,1.59435,16.64310,16.64310,683.80621,902.00000,201.00000,201.00000
-63.30743,-9.56040,65.76800,22.41213,43.93072,-18.07533,-18.07533,39.88501,-19.76392,2661.46773,50.46596,-42.17366,1.57766,16.64999,16.64999,661.39407,902.00000,201.00000,201.00000
-63.37653,-9.37071,66.06838,22.41355,44.26353,-18.13169,-18.13169,39.68901,-19.77387,2683.88127,50.84107,-42.19260,1.56117,16.65676,16.65676,638.98053,902.00000,201.00000,201.00000
-63.44562,-9.18102,66.36914,22.41494,44.59579,-18.18795,-18.18795,39.49479,-19.78362,2706.29621,51.21589,-42.21131,1.54488,16.66342,16.66342,616.56559,902.00000,201.00000,201.00000
-63.51472,-8.99133,66.67026,22.41629,44.92750,-18.24411,-18.24411,39.30233,-19.79317,2728.71251,51.59041,-42.22976,1.52881,16.66996,16.66996,594.14930,902.00000,201.00000,201.00000
-63.58381,-8.80164,66.97173,22.41763,45.25866,-18.30018,-18.30018,39.11160,-19.80252,2751.13013,51.96462,-42.24797,1.51295,16.67638,16.67638,571.73167,902.00000,201.00000,201.00000
-63.65291,-8.61195,67.27353,22.41893,45.58926,-18.35615,-18.35615,38.92258,-19.81166,2773.54906,52.33852,-42.26592,1.49732,16.68269,16.68269,549.31274,902.00000,201.00000,201.00000
-63.72201,-8.42225,67.57565,22.42021,45.91930,-18.41201,-18.41201,38.73524,-19.82061,2795.96927,52.71210,-42.28361,1.48191,16.68888,16.68888,526.89253,902.00000,201.00000,201.00000
-63.79110,-8.23256,67.87807,22.42146,46.24877,-18.46777,-18.46777,38.54956,-19.82935,2818.39073,53.08536,-42.30102,1.46673,16.69495,16.69495,504.47107,902.00000,201.00000,201.00000
-63.86020,-8.04287,68.18076,22.42268,46.57768,-18.52343,-18.52343,38.36552,-19.83789,2840.81341,53.45829,-42.31816,1.45180,16.70091,16.70091,482.04839,902.00000,201.00000,201.00000
-63.92930,-7.85318,68.48372,22.42387,46.90601,-18.57898,-18.57898,38.18309,-19.84623,2863.23728,53.83090,-42.33502,1.43711,16.70674,16.70674,459.62452,902.00000,201.00000,201.00000
-63.99839,-7.66349,68.78693,22.42504,47.23375,-18.63443,-18.63443,38.00226,-19.85437,2885.66232,54.20317,-42.35160,1.42267,16.71244,16.71244,437.19948,902.00000,201.00000,201.00000
-64.06749,-7.47380,69.09036,22.42618,47.56092,-18.68978,-18.68978,37.82300,-19.86231,2908.08849,54.57509,-42.36788,1.40848,16.71803,16.71803,414.77331,902.00000,201.00000,201.00000
-64.13658,-7.28411,69.39401,22.42729,47.88750,-18.74502,-18.74502,37.64529,-19.87005,2930.51578,54.94668,-42.38387,1.39455,16.72349,16.72349,392.34602,902.00000,201.00000,201.00000
-64.20568,-7.09442,69.69787,22.42837,48.21348,-18.80015,-18.80015,37.46910,-19.87758,2952.94415,55.31791,-42.39955,1.38089,16.72884,16.72884,369.91765,902.00000,201.00000,201.00000
-64.27478,-6.90473,70.00190,22.42942,48.53887,-18.85518,-18.85518,37.29442,-19.88492,2975.37357,55.68879,-42.41492,1.36749,16.73405,16.73405,347.48823,902.00000,201.00000,201.00000
-64.32515,-6.71310,70.32003,21.80525,47.76780,-21.68028,-21.68028,26.48583,-9.23015,2997.17882,62.93958,-31.36108,10.34141,12.95703,12.95703,325.68298,902.00000,201.00000,201.00000
-64.32657,-6.51641,70.67426,22.44549,42.80846,-24.61827,-24.61827,9.01037,8.15754,3019.62431,69.80214,-11.06853,24.18788,5.87909,5.87909,303.23749,902.00000,201.00000,201.00000
-64.29774,-6.31659,71.05018,22.44566,43.12931,-24.67783,-24.67783,8.95594,8.16064,3042.06997,70.18396,-11.06073,24.19266,5.87635,5.87635,280.79183,902.00000,201.00000,201.00000
-64.26892,-6.11678,71.42530,22.44584,43.44971,-24.73706,-24.73706,8.90236,8.16365,3064.51581,70.56488,-11.05314,24.19733,5.87369,5.87369,258.34600,902.00000,201.00000,201.00000
-64.24010,-5.91696,71.79962,22.44600,43.76965,-24.79597,-24.79597,8.84961,8.16656,3086.96181,70.94488,-11.04575,24.20188,5.87110,5.87110,235.89999,902.00000,201.00000,201.00000
-64.21128,-5.71715,72.17312,22.44616,44.08914,-24.85455,-24.85455,8.79768,8.16938,3109.40797,71.32397,-11.03858,24.20632,5.86860,5.86860,213.45383,902.00000,201.00000,201.00000
-64.18245,-5.51733,72.54579,22.44632,44.40817,-24.91279,-24.91279,8.74656,8.17209,3131.85429,71.70213,-11.03160,24.21063,5.86617,5.86617,191.00751,902.00000,201.00000,201.00000
-64.15363,-5.31752,72.91764,22.44647,44.72673,-24.97072,-24.97072,8.69623,8.17471,3154.30076,72.07937,-11.02484,24.21482,5.86382,5.86382,168.56104,902.00000,201.00000,201.00000
-64.12481,-5.11770,73.28866,22.44661,45.04481,-25.02831,-25.02831,8.64669,8.17722,3176.74737,72.45568,-11.01830,24.21889,5.86156,5.86156,146.11443,902.00000,201.00000,201.00000
-64.09598,-4.91789,73.65884,22.44675,45.36243,-25.08556,-25.08556,8.59793,8.17964,3199.19412,72.83105,-11.01197,24.22282,5.85938,5.85938,123.66768,902.00000,201.00000,201.00000
-64.06716,-4.71807,74.02818,22.44689,45.67957,-25.14249,-25.14249,8.54993,8.18197,3221.64101,73.20548,-11.00586,24.22663,5.85728,5.85728,101.22079,902.00000,201.00000,201.00000
-64.03834,-4.51826,74.39667,22.44701,45.99622,-25.19909,-25.19909,8.50269,8.18419,3244.08802,73.57897,-10.99998,24.23031,5.85526,5.85526,78.77378,902.00000,201.00000,201.00000
-64.00951,-4.31844,74.76430,22.44714,46.31239,-25.25535,-25.25535,8.45619,8.18631,3266.53516,73.95150,-10.99432,24.23385,5.85332,5.85332,56.32665,902.00000,201.00000,201.00000
-63.98069,-4.11862,75.13106,22.44725,46.62808,-25.31128,-25.31128,8.41042,8.18834,3288.98241,74.32308,-10.98889,24.23725,5.85147,5.85147,33.87939,902.00000,201.00000,201.00000
-63.95187,-3.91881,75.49696,22.44736,46.94327,-25.36687,-25.36687,8.36537,8.19027,3311.42977,74.69370,-10.98369,24.24052,5.84970,5.84970,11.43203,902.00000,201.00000,201.00000
-63.92403,-3.71886,75.86171,22.44721,47.49366,-25.36350,-25.36350,8.88211,7.62969,3333.87699,74.95199,-11.71319,23.78015,6.09701,6.09701,-11.01518,902.00000,201.00000,201.00000
-63.89833,-3.51863,76.22497,22.44631,48.07902,-25.34645,-25.34645,9.49513,6.97065,3356.32329,75.18066,-12.57436,23.23194,6.38788,6.38788,-33.46149,902.00000,201.00000,201.00000
-60.39250,15.58218,43.10445,21.93205,9.56360,-72.05559,-28.58906,31.48959,128.87847,21.93205,36.75668,22.51534,-28.17437,-55.61735,-45.57131,21.93205,201.00000,2007.00000,224.00000
-60.23314,15.45833,43.14476,21.94003,9.51354,-72.98976,-28.71554,31.39740,128.86183,43.87208,36.82727,22.47716,-28.18426,-55.54211,-45.54158,43.87208,201.00000,2007.00000,224.00000
-60.07378,15.33447,43.18475,21.94795,9.46359,-73.92284,-28.84129,31.30608,128.84533,65.82003,36.89721,22.43922,-28.19403,-55.46650,-45.51196,65.82003,201.00000,2007.00000,224.00000
-59.91442,15.21061,43.22441,21.95580,9.41374,-74.85482,-28.96632,31.21565,128.82898,87.77583,36.96650,22.40151,-28.20367,-55.39054,-45.48245,87.77583,201.00000,2007.00000,224.00000
-59.75507,15.08675,43.26376,21.96360,9.36399,-75.78569,-29.09063,31.12609,128.81276,109.73943,37.03515,22.36404,-28.21318,-55.31426,-45.45305,109.73943,201.00000,2007.00000,224.00000
-59.59571,14.96289,43.30278,21.97134,9.31435,-76.71543,-29.21421,31.03741,128.79669,131.71077,37.10316,22.32681,-28.22256,-55.23767,-45.42377,131.71077,201.00000,2007.00000,224.00000
-59.46415,14.81509,43.33616,22.11403,18.73055,-52.87262,-11.20477,51.85312,149.69256,153.82479,26.76786,34.08085,-23.06149,-79.08502,-52.86196,153.82479,201.00000,2007.00000,224.00000
-59.36286,14.64124,43.36358,22.27013,19.40672,-51.30526,-9.65755,53.56190,151.47545,176.09492,25.75597,34.88596,-22.47691,-80.68184,-53.18174,176.09492,201.00000,2007.00000,224.00000
-59.26405,14.46525,43.39040,22.27418,19.36728,-52.25135,-9.77681,53.47000,151.45643,198.36910,25.82785,34.86615,-22.49179,-80.64208,-53.17428,198.36910,201.00000,2007.00000,224.00000
-59.16524,14.28926,43.41709,22.27818,19.32780,-53.19619,-9.89546,53.37905,151.43764,220.64727,25.89910,34.84653,-22.50647,-80.60208,-53.16681,220.64727,201.00000,2007.00000,224.00000
-59.06643,14.11327,43.44366,22.28214,19.28828,-54.13976,-10.01351,53.28902,151.41909,242.92941,25.96969,34.82709,-22.52094,-80.56186,-53.15935,242.92941,201.00000,2007.00000,224.00000
-58.96761,13.93728,43.47009,22.28605,19.24871,-55.08206,-10.13096,53.19994,151.40077,265.21546,26.03965,34.80784,-22.53521,-80.52143,-53.15190,220.64336,201.00000,2007.00000,224.00000
-58.86880,13.76129,43.49640,22.28992,19.20910,-56.02307,-10.24780,53.11180,151.38268,287.50538,26.10895,34.78878,-22.54926,-80.48082,-53.14445,198.35345,201.00000,2007.00000,224.00000
-58.76999,13.58530,43.52257,22.29374,19.16944,-56.96276,-10.36403,53.02459,151.36483,309.79911,26.17761,34.76991,-22.56311,-80.44004,-53.13701,176.05971,201.00000,2007.00000,224.00000
-58.68246,13.40484,43.54641,22.15607,21.66360,-47.99498,-4.12794,59.72312,158.13372,331.95519,21.95519,37.60664,-20.15661,-86.62592,-53.99112,153.90364,201.00000,2007.00000,224.00000
-58.62002,13.21443,43.56530,22.40856,24.30985,-35.93339,3.59077,67.92883,166.40769,354.36375,16.37001,40.37274,-16.83847,-92.68308,-54.02985,131.49508,201.00000,2007.00000,224.00000
-58.57139,13.01854,43.58148,22.40955,24.27925,-36.85263,3.49238,67.85499,166.39735,376.77329,16.42812,40.36660,-16.84757,-92.66944,-54.03117,109.08553,201.00000,2007.00000,224.00000
-58.52276,12.82266,43.59763,22.41052,24.24843,-37.77093,3.39425,67.78176,166.38716,399.18381,16.48581,40.36052,-16.85653,-92.65567,-54.03245,86.67501,201.00000,2007.00000,224.00000
-58.47413,12.62677,43.61376,22.41148,24.21741,-38.68828,3.29636,67.70914,166.37712,421.59529,16.54307,40.35452,-16.86534,-92.64177,-54.03366,64.26354,201.00000,2007.00000,224.00000
-58.42551,12.43089,43.62986,22.41242,24.18617,-39.60469,3.19872,67.63713,166.36724,444.00771,16.59990,40.34858,-16.87400,-92.62776,-54.03483,41.85112,201.00000,2007.00000,224.00000
-58.37688,12.23500,43.64593,22.41335,24.15472,-40.52012,3.10135,67.56573,166.35751,466.42106,16.65630,40.34272,-16.88252,-92.61364,-54.03594,19.43776,201.00000,2007.00000,224.00000
-58.32825,12.03912,43.66198,22.41427,24.12306,-41.43457,3.00422,67.49494,166.34793,488.83533,16.71228,40.33693,-16.89090,-92.59942,-54.03700,-2.97650,201.00000,2007.00000,224.00000
-165.80018,70.32311,214.17971,23.39390,179.30154,-21.56278,-25.04557,0.10655,-72.88451,23.39390,214.17934,-0.39831,78.17867,4.39610,12.40777,23.39390,926.00000,182.00000,409.00000
-166.39821,70.38404,214.29174,23.33016,178.64854,-21.60287,-25.08493,0.50393,-72.83704,46.72406,214.28345,1.88474,80.08599,4.16610,12.14065,46.72406,926.00000,182.00000,409.00000
-166.99625,70.44497,214.40059,23.26642,177.97163,-21.64027,-25.12146,1.11461,-72.78929,69.99048,214.36002,4.17059,81.98777,3.93549,11.87291,69.99048,926.00000,182.00000,409.00000
-167.59429,70.50589,214.50626,23.20267,177.27087,-21.67497,-25.15515,1.72548,-72.74126,93.19314,214.40900,6.45895,83.88371,3.70432,11.60458,93.19314,926.00000,182.00000,409.00000
-168.19233,70.56682,214.60877,23.13891,176.54632,-21.70695,-25.18598,2.33658,-72.69294,116.33205,214.43034,8.74954,85.77358,3.47260,11.33569,116.33205,926.00000,182.00000,409.00000
-168.79037,70.62775,214.70814,23.07514,175.79804,-21.73622,-25.21396,2.94792,-72.64435,139.40719,214.42401,11.04207,87.65711,3.24036,11.06627,139.40719,926.00000,182.00000,409.00000
-169.38841,70.68868,214.80437,23.01136,175.02610,-21.76277,-25.23907,3.55953,-72.59547,162.41855,214.38997,13.33624,89.53404,3.00764,10.79635,162.41855,926.00000,182.00000,409.00000
-169.98644,70.74961,214.89748,22.94758,174.23055,-21.78659,-25.26132,4.17141,-72.54630,185.36613,214.32819,15.63177,91.40411,2.77446,10.52594,185.36613,926.00000,182.00000,409.00000
-170.58448,70.81053,214.98750,22.88379,173.41146,-21.80766,-25.28068,4.78360,-72.49683,208.24993,214.23864,17.92837,93.26705,2.54085,10.25510,208.24993,926.00000,182.00000,409.00000
-171.18252,70.87146,215.07443,22.82000,172.56891,-21.82599,-25.29715,5.39611,-72.44708,231.06992,214.12130,20.22574,95.12260,2.30684,9.98384,231.06992,926.00000,182.00000,409.00000
-171.78056,70.93239,215.15830,22.75620,171.70297,-21.84157,-25.31074,6.00895,-72.39702,253.82612,213.97613,22.52359,96.97051,2.07245,9.71220,253.82612,926.00000,182.00000,409.00000
-172.37860,70.99332,215.23914,22.69239,170.81372,-21.85439,-25.32142,6.62215,-72.34667,276.51851,213.80312,24.82163,98.81051,1.83771,9.44021,276.51851,926.00000,182.00000,409.00000
-172.97664,71.05424,215.31696,22.62858,169.90124,-21.86446,-25.32920,7.23572,-72.29602,299.14709,213.60225,27.11955,100.64235,1.60266,9.16789,299.14709,926.00000,182.00000,409.00000
-173.57553,71.10632,215.39136,22.11382,177.12764,-21.67404,-24.47885,2.93191,-77.16370,321.26090,215.10942,11.01707,87.60786,3.23797,11.03864,321.26090,926.00000,182.00000,409.00000
-174.17533,71.14614,215.46230,21.93809,179.29432,-21.58298,-24.12163,1.58070,-79.08134,343.19899,215.38031,5.94350,83.40722,3.74778,11.61142,343.19899,926.00000,182.00000,409.00000
-174.77537,71.18255,215.53036,21.89865,178.57831,-21.61132,-24.14925,2.16738,-79.06190,365.09765,215.37617,8.15113,85.24131,3.52640,11.36404,365.09765,926.00000,182.00000,409.00000
-175.37540,71.21896,215.59573,21.85921,177.84087,-21.63716,-24.17425,2.75411,-79.04239,386.95685,215.34670,10.35933,87.06858,3.30468,11.11630,386.95685,926.00000,182.00000,409.00000
-175.97543,71.25537,215.65842,21.81976,177.08207,-21.66049,-24.19662,3.34089,-79.02280,408.77661,215.29190,12.56783,88.88878,3.08263,10.86823,408.77661,926.00000,182.00000,409.00000
-176.57546,71.29178,215.71844,21.78030,176.30199,-21.68132,-24.21636,3.92775,-79.00314,430.55691,215.21176,14.77639,90.70170,2.86028,10.61986,386.99631,926.00000,182.00000,409.00000
-177.17549,71.32819,215.77580,21.74084,175.50072,-21.69965,-24.23348,4.51469,-78.98340,452.29775,215.10629,16.98473,92.50711,2.63765,10.37122,365.25547,926.00000,182.00000,409.00000
-177.77552,71.36460,215.83053,21.70137,174.67835,-21.71546,-24.24795,5.10173,-78.96359,473.99912,214.97549,19.19261,94.30480,2.41478,10.12234,343.55410,926.00000,182.00000,409.00000
-178.37555,71.40101,215.88262,21.66190,173.83495,-21.72876,-24.25979,5.68889,-78.94370,495.66101,214.81935,21.39975,96.09453,2.19168,9.87324,321.89221,926.00000,182.00000,409.00000
-178.97559,71.43742,215.93209,21.62242,172.97062,-21.73954,-24.26899,6.27617,-78.92374,517.28343,214.63790,23.60590,97.87610,1.96837,9.62395,300.26979,926.00000,182.00000,409.00000
-179.57562,71.47383,215.97896,21.58293,172.08547,-21.74780,-24.27555,6.86360,-78.90370,538.86636,214.43114,25.81080,99.64928,1.74490,9.37448,278.68686,926.00000,182.00000,409.00000
179.82435,71.51024,216.02325,21.54344,171.17957,-21.75353,-24.27946,7.45118,-78.88358,560.40980,214.19909,28.01419,101.41385,1.52128,9.12489,257.14342,926.00000,182.00000,409.00000
179.22432,71.54665,216.06498,21.50394,170.25303,-21.75675,-24.28072,8.03893,-78.86338,581.91374,213.94177,30.21581,103.16959,1.29754,8.87517,235.63948,926.00000,182.00000,409.00000
178.62429,71.58306,216.10416,21.46444,169.30595,-21.75744,-24.27934,8.62687,-78.84311,603.37818,213.65920,32.41540,104.91629,1.07371,8.62538,214.17504,926.00000,182.00000,409.00000
178.02426,71.61947,216.14082,21.42493,168.33843,-21.75560,-24.27531,9.21499,-78.82275,624.80311,213.35139,34.61269,106.65373,0.84980,8.37553,192.75012,926.00000,182.00000,409.00000
177.42421,71.62387,216.17487,21.22278,193.71265,-20.33119,-20.23606,9.42519,-98.03234,646.02589,213.25656,-35.40072,47.23510,7.75692,15.68051,171.52733,926.00000,182.00000,409.00000
176.82516,71.58266,216.20640,21.89579,198.25292,-19.17254,-17.99453,16.70088,-105.87847,667.92168,207.08640,-62.13235,22.30820,10.26917,18.11187,149.63154,926.00000,182.00000,409.00000
176.22653,71.52785,216.23572,21.95382,198.12079,-19.26839,-18.09261,16.08682,-105.83467,689.87551,207.76856,-59.91756,24.42433,10.06394,17.91921,127.67771,926.00000,182.00000,409.00000
175.62790,71.47303,216.26283,22.01185,197.96423,-19.36170,-18.18802,15.47345,-105.79112,711.88735,208.42420,-57.69717,26.53743,9.85785,17.72565,105.66587,926.00000,182.00000,409.00000
175.02927,71.41822,216.28769,22.06986,197.78327,-19.45247,-18.28076,14.86075,-105.74782,733.95722,209.05329,-55.47148,28.64727,9.65092,17.53123,83.59600,926.00000,182.00000,409.00000
174.43064,71.36341,216.31025,22.12787,197.57799,-19.54069,-18.37083,14.24871,-105.70475,756.08509,209.65578,-53.24077,30.75359,9.44319,17.33596,61.46813,926.00000,182.00000,409.00000
173.83201,71.30859,216.33048,22.18588,197.34842,-19.62635,-18.45821,13.63732,-105.66193,778.27097,210.23162,-51.00533,32.85614,9.23467,17.13988,39.28225,926.00000,182.00000,409.00000
173.23338,71.25378,216.34833,22.24388,197.09462,-19.70945,-18.54290,13.02655,-105.61934,800.51485,210.78076,-48.76545,34.95466,9.02539,16.94303,17.03837,926.00000,182.00000,409.00000
172.63475,71.19897,216.36376,22.30187,196.81666,-19.78998,-18.62489,12.41640,-105.57699,822.81671,211.30318,-46.52142,37.04891,8.81538,16.74543,-5.26349,926.00000,182.00000,409.00000
172.03612,71.14415,216.37673,22.35985,196.51459,-19.86792,-18.70418,11.80685,-105.53487,845.17657,211.79883,-44.27353,39.13864,8.60469,16.54710,-27.62335,926.00000,182.00000,409.00000
89.67316,14.03565,0.00000,22.53601,9.92570,-3.81050,9.92570,nan,-69.81013,22.53601,0.00000,0.00000,-8.14707,-1.78213,-8.14707,22.53601,529.00000,606.00000,301.00000
89.47832,14.10836,0.00000,22.50356,10.10522,-3.67609,10.10522,nan,-68.05712,45.03957,0.00000,0.00000,-7.83230,-1.89978,-7.83230,45.03957,529.00000,606.00000,301.00000
89.28973,14.19520,0.00000,22.60035,10.91244,-3.34090,10.91244,nan,-61.10810,67.63991,0.00000,0.00000,-6.54749,-2.32874,-6.54749,67.63991,529.00000,606.00000,301.00000
89.10614,14.29333,0.00000,22.59281,10.84671,-3.26173,10.84671,nan,-61.09742,90.23273,0.00000,0.00000,-6.53691,-2.33194,-6.53691,90.23273,529.00000,606.00000,301.00000
88.92254,14.39147,0.00000,22.58523,10.78090,-3.18254,10.78090,nan,-61.08665,112.81796,0.00000,0.00000,-6.52632,-2.33510,-6.52632,112.81796,529.00000,606.00000,301.00000
88.73894,14.48960,0.00000,22.57760,10.71502,-3.10330,10.71502,nan,-61.07581,135.39555,0.00000,0.00000,-6.51573,-2.33819,-6.51573,135.39555,529.00000,606.00000,301.00000
88.55535,14.58773,0.00000,22.56991,10.64906,-3.02403,10.64906,nan,-61.06489,157.96547,0.00000,0.00000,-6.50513,-2.34123,-6.50513,157.96547,529.00000,606.00000,301.00000
88.37175,14.68586,0.00000,22.56218,10.58302,-2.94474,10.58302,nan,-61.05389,180.52764,0.00000,0.00000,-6.49453,-2.34422,-6.49453,180.52764,529.00000,606.00000,301.00000
88.18815,14.78399,0.00000,22.55439,10.51691,-2.86541,10.51691,nan,-61.04281,203.08204,0.00000,0.00000,-6.48391,-2.34714,-6.48391,203.08204,529.00000,606.00000,301.00000
88.00456,14.88213,0.00000,22.54656,10.45072,-2.78606,10.45072,nan,-61.03165,225.62860,0.00000,0.00000,-6.47330,-2.35000,-6.47330,225.62860,529.00000,606.00000,301.00000
87.82096,14.98026,0.00000,22.53868,10.38446,-2.70668,10.38446,nan,-61.02042,248.16728,0.00000,0.00000,-6.46268,-2.35280,-6.46268,248.16728,529.00000,606.00000,301.00000
87.63737,15.07839,0.00000,22.53074,10.31813,-2.62727,10.31813,nan,-61.00910,270.69802,0.00000,0.00000,-6.45206,-2.35554,-6.45206,270.69802,529.00000,606.00000,301.00000
87.45377,15.17652,0.00000,22.52276,10.25173,-2.54785,10.25173,nan,-60.99771,293.22078,0.00000,0.00000,-6.44145,-2.35821,-6.44145,293.22078,529.00000,606.00000,301.00000
87.27017,15.27466,0.00000,22.51473,10.18525,-2.46840,10.18525,nan,-60.98623,315.73551,0.00000,0.00000,-6.43083,-2.36082,-6.43083,315.73551,529.00000,606.00000,301.00000
87.08947,15.37738,0.00000,22.49040,10.44518,-2.26009,10.44518,nan,-57.93226,338.22592,0.00000,0.00000,-5.87216,-2.48886,-5.87216,338.22592,529.00000,606.00000,301.00000
86.91669,15.49267,0.00000,22.60560,10.87220,-1.94210,10.87220,nan,-52.64865,360.83152,0.00000,0.00000,-4.87976,-2.68450,-4.87976,360.83152,529.00000,606.00000,301.00000
86.74894,15.61595,0.00000,22.59705,10.80361,-1.86185,10.80361,nan,-52.63193,383.42857,0.00000,0.00000,-4.86812,-2.68654,-4.86812,383.42857,529.00000,606.00000,301.00000
86.58098,15.73877,0.00000,22.56386,10.71159,-1.79448,10.71159,nan,-52.88953,405.99243,0.00000,0.00000,-4.90801,-2.67976,-4.90801,405.99243,529.00000,606.00000,301.00000
86.39596,15.82546,0.00000,22.32443,7.97406,-2.60382,7.97406,nan,-75.25668,428.31686,0.00000,0.00000,-8.59450,-1.81208,-8.59450,428.31686,529.00000,606.00000,301.00000
86.19413,15.87646,0.00000,22.31916,7.90958,-2.52548,7.90958,nan,-75.25304,450.63602,0.00000,0.00000,-8.58636,-1.81471,-8.58636,450.63602,529.00000,606.00000,301.00000
85.99229,15.92746,0.00000,22.31386,7.84504,-2.44711,7.84504,nan,-75.24938,472.94988,0.00000,0.00000,-8.57827,-1.81726,-8.57827,472.94988,529.00000,606.00000,301.00000
85.78936,15.96355,0.00000,21.93821,6.41716,-2.61358,6.41716,nan,-83.81271,494.88809,0.00000,0.00000,-9.63908,-1.44088,-9.63908,494.88809,529.00000,606.00000,301.00000
85.58378,15.96365,0.00000,22.26475,4.17970,-2.78275,4.17970,nan,-95.98130,517.15284,0.00000,0.00000,-10.76344,-0.86829,-10.76344,517.15284,529.00000,606.00000,301.00000
85.37666,15.94269,0.00000,22.26705,4.11710,-2.70545,4.11710,nan,-95.98071,539.41989,0.00000,0.00000,-10.75927,-0.87105,-10.75927,539.41989,529.00000,606.00000,301.00000
85.16954,15.92172,0.00000,22.26935,4.05442,-2.62811,4.05442,nan,-95.98012,561.68924,0.00000,0.00000,-10.75517,-0.87372,-10.75517,561.68924,529.00000,606.00000,301.00000
84.96242,15.90076,0.00000,22.27165,3.99166,-2.55074,3.99166,nan,-95.97954,583.96088,0.00000,0.00000,-10.75114,-0.87632,-10.75114,583.96088,529.00000,606.00000,301.00000
84.75530,15.87980,0.00000,22.27394,3.92883,-2.47332,3.92883,nan,-95.97895,606.23482,0.00000,0.00000,-10.74718,-0.87883,-10.74718,606.23482,529.00000,606.00000,301.00000
84.54818,15.85883,0.00000,22.27623,3.86593,-2.39586,3.86593,nan,-95.97837,628.51106,0.00000,0.00000,-10.74328,-0.88126,-10.74328,628.51106,529.00000,606.00000,301.00000
84.34107,15.83787,0.00000,22.27852,3.80295,-2.31837,3.80295,nan,-95.97779,650.78958,0.00000,0.00000,-10.73946,-0.88362,-10.73946,650.78958,529.00000,606.00000,301.00000
84.13395,15.81690,0.00000,22.28081,3.73991,-2.24083,3.73991,nan,-95.97720,673.07039,0.00000,0.00000,-10.73570,-0.88589,-10.73570,673.07039,529.00000,606.00000,301.00000
83.92683,15.79594,0.00000,22.28309,3.67678,-2.16326,3.67678,nan,-95.97662,695.35348,0.00000,0.00000,-10.73201,-0.88808,-10.73201,695.35348,529.00000,606.00000,301.00000
83.71971,15.77498,0.00000,22.28537,3.61360,-2.08566,3.61360,nan,-95.97604,717.63885,0.00000,0.00000,-10.72838,-0.89019,-10.72838,717.63885,529.00000,606.00000,301.00000
83.51259,15.75401,0.00000,22.28765,3.55034,-2.00802,3.55034,nan,-95.97546,739.92649,0.00000,0.00000,-10.72483,-0.89222,-10.72483,739.92649,529.00000,606.00000,301.00000
83.30547,15.73305,0.00000,22.28992,3.48702,-1.93034,3.48702,nan,-95.97489,762.21641,0.00000,0.00000,-10.72134,-0.89418,-10.72134,762.21641,529.00000,606.00000,301.00000
83.09790,15.72123,0.00000,22.27051,4.38716,-1.76303,4.38716,nan,-90.73916,784.48692,0.00000,0.00000,-10.35745,-1.06485,-10.35745,784.48692,529.00000,606.00000,301.00000
82.88978,15.71981,0.00000,22.28241,4.45343,-1.67161,4.45343,nan,-90.01725,806.76933,0.00000,0.00000,-10.29740,-1.08818,-10.29740,806.76933,529.00000,606.00000,301.00000
82.68161,15.71965,0.00000,22.28242,4.38948,-1.59371,4.38948,nan,-90.01725,829.05175,0.00000,0.00000,-10.29305,-1.08979,-10.29305,829.05175,529.00000,606.00000,301.00000
82.47343,15.71949,0.00000,22.28244,4.32546,-1.51579,4.32546,nan,-90.01725,851.33419,0.00000,0.00000,-10.28876,-1.09132,-10.28876,851.33419,529.00000,606.00000,301.00000
82.26525,15.71933,0.00000,22.28246,4.26139,-1.43784,4.26139,nan,-90.01725,873.61665,0.00000,0.00000,-10.28453,-1.09277,-10.28453,873.61665,529.00000,606.00000,301.00000
82.05708,15.71917,0.00000,22.28248,4.19727,-1.35987,4.19727,nan,-90.01725,895.89913,0.00000,0.00000,-10.28037,-1.09415,-10.28037,895.89913,529.00000,606.00000,301.00000
81.84890,15.71901,0.00000,22.28249,4.13309,-1.28189,4.13309,nan,-90.01726,918.18162,0.00000,0.00000,-10.27627,-1.09545,-10.27627,918.18162,529.00000,606.00000,301.00000
81.64072,15.71885,0.00000,22.28251,4.06885,-1.20390,4.06885,nan,-90.01726,940.46414,0.00000,0.00000,-10.27223,-1.09667,-10.27223,940.46414,529.00000,606.00000,301.00000
81.43255,15.71869,0.00000,22.28253,4.00456,-1.12588,4.00456,nan,-90.01726,962.74666,0.00000,0.00000,-10.26826,-1.09782,-10.26826,962.74666,529.00000,606.00000,301.00000
81.22437,15.71853,0.00000,22.28255,3.94022,-1.04785,3.94022,nan,-90.01726,985.02921,0.00000,0.00000,-10.26435,-1.09889,-10.26435,985.02921,529.00000,606.00000,301.00000
81.01619,15.71837,0.00000,22.28256,3.87583,-0.96980,3.87583,nan,-90.01726,1007.31178,0.00000,0.00000,-10.26050,-1.09988,-10.26050,1007.31178,529.00000,606.00000,301.00000
80.80802,15.71822,0.00000,22.28258,3.81138,-0.89175,3.81138,nan,-90.01726,1029.59436,0.00000,0.00000,-10.25672,-1.10080,-10.25672,1029.59436,529.00000,606.00000,301.00000
80.59984,15.71806,0.00000,22.28260,3.74688,-0.81368,3.74688,nan,-90.01726,1051.87696,0.00000,0.00000,-10.25300,-1.10164,-10.25300,1051.87696,529.00000,606.00000,301.00000
80.39425,15.73673,0.00000,22.12518,5.55486,-0.51328,5.55486,nan,-79.10954,1074.00214,0.00000,0.00000,-9.36031,-1.22897,-9.36031,1074.00214,529.00000,606.00000,301.00000
80.19251,15.78353,0.00000,22.33997,6.33810,-0.31849,6.33810,nan,-73.75559,1096.34211,0.00000,0.00000,-8.79850,-1.26827,-8.79850,1096.34211,529.00000,606.00000,301.00000
79.99204,15.83964,0.00000,22.33426,6.27217,-0.23999,6.27217,nan,-73.75123,1118.67636,0.00000,0.00000,-8.79201,-1.26856,-8.79201,1118.67636,529.00000,606.00000,301.00000
79.79156,15.89575,0.00000,22.32853,6.20621,-0.16151,6.20621,nan,-73.74686,1141.00489,0.00000,0.00000,-8.78558,-1.26877,-8.78558,1141.00489,529.00000,606.00000,301.00000
79.59109,15.95186,0.00000,22.32278,6.14022,-0.08304,6.14022,nan,-73.74247,1163.32766,0.00000,0.00000,-8.77920,-1.26890,-8.77920,1163.32766,529.00000,606.00000,301.00000
79.39062,16.00797,0.00000,22.31700,6.07420,-0.00458,6.07420,nan,-73.73806,1185.64467,0.00000,0.00000,-8.77285,-1.26894,-8.77285,1185.64467,529.00000,606.00000,301.00000
79.19015,16.06408,0.00000,22.31122,6.00815,0.07386,6.00815,nan,-73.73364,1207.95588,0.00000,0.00000,-8.76656,-1.26891,-8.76656,1207.95588,529.00000,606.00000,301.00000
78.98967,16.12019,0.00000,22.30541,5.94206,0.15229,5.94206,nan,-73.72920,1230.26129,0.00000,0.00000,-8.76031,-1.26879,-8.76031,1230.26129,529.00000,606.00000,301.00000
78.78920,16.17630,0.00000,22.29958,5.87595,0.23070,5.87595,nan,-73.72474,1252.56087,0.00000,0.00000,-8.75411,-1.26858,-8.75411,1252.56087,529.00000,606.00000,301.00000
78.58873,16.23241,0.00000,22.29373,5.80982,0.30908,5.80982,nan,-73.72027,1274.85459,0.00000,0.00000,-8.74795,-1.26830,-8.74795,1274.85459,529.00000,606.00000,301.00000
78.38826,16.28851,0.00000,22.28786,5.74366,0.38745,5.74366,nan,-73.71577,1297.14245,0.00000,0.00000,-8.74185,-1.26793,-8.74185,1297.14245,529.00000,606.00000,301.00000
78.18778,16.34462,0.00000,22.28197,5.67747,0.46580,5.67747,nan,-73.71127,1319.42443,0.00000,0.00000,-8.73580,-1.26748,-8.73580,1319.42443,529.00000,606.00000,301.00000
77.98731,16.40073,0.00000,22.27606,5.61126,0.54413,5.61126,nan,-73.70674,1341.70049,0.00000,0.00000,-8.72980,-1.26695,-8.72980,1341.70049,529.00000,606.00000,301.00000
77.78684,16.45684,0.00000,22.27014,5.54502,0.62243,5.54502,nan,-73.70220,1363.97063,0.00000,0.00000,-8.72384,-1.26632,-8.72384,1363.97063,529.00000,606.00000,301.00000
77.58637,16.51295,0.00000,22.26419,5.47876,0.70071,5.47876,nan,-73.69764,1386.23482,0.00000,0.00000,-8.71793,-1.26561,-8.71793,1386.23482,529.00000,606.00000,301.00000
77.38589,16.56906,0.00000,22.25823,5.41248,0.77896,5.41248,nan,-73.69306,1408.49305,0.00000,0.00000,-8.71209,-1.26482,-8.71209,1408.49305,529.00000,606.00000,301.00000
77.18542,16.62517,0.00000,22.25224,5.34618,0.85719,5.34618,nan,-73.68847,1430.74529,0.00000,0.00000,-8.70629,-1.26394,-8.70629,1430.74529,529.00000,606.00000,301.00000
76.98495,16.68128,0.00000,22.24624,5.27986,0.93539,5.27986,nan,-73.68385,1452.99152,0.00000,0.00000,-8.70054,-1.26297,-8.70054,1452.99152,529.00000,606.00000,301.00000
76.78448,16.73739,0.00000,22.24021,5.21352,1.01356,5.21352,nan,-73.67922,1475.23173,0.00000,0.00000,-8.69485,-1.26191,-8.69485,1475.23173,529.00000,606.00000,301.00000
76.58543,16.79692,0.00000,22.17005,5.46314,1.13722,5.46314,nan,-71.56816,1497.40178,0.00000,0.00000,-8.49276,-1.22120,-8.49276,1453.06168,529.00000,606.00000,301.00000
76.39626,16.88003,0.00000,22.40047,7.09611,1.45052,7.09611,nan,-59.12964,1519.80225,0.00000,0.00000,-7.11774,-0.93794,-7.11774,1430.66121,529.00000,606.00000,301.00000
76.21551,16.98331,0.00000,22.39141,7.02785,1.52889,7.02785,nan,-59.11564,1542.19366,0.00000,0.00000,-7.10954,-0.93620,-7.10954,1408.26980,529.00000,606.00000,301.00000
76.03477,17.08660,0.00000,22.38230,6.95957,1.60722,6.95957,nan,-59.10155,1564.57596,0.00000,0.00000,-7.10138,-0.93438,-7.10138,1385.88750,529.00000,606.00000,301.00000
75.85402,17.18989,0.00000,22.37314,6.89128,1.68549,6.89128,nan,-59.08736,1586.94910,0.00000,0.00000,-7.09325,-0.93244,-7.09325,1363.51436,529.00000,606.00000,301.00000
75.67327,17.29317,0.00000,22.36392,6.82298,1.76372,6.82298,nan,-59.07309,1609.31302,0.00000,0.00000,-7.08514,-0.93040,-7.08514,1341.15044,529.00000,606.00000,301.00000
75.49253,17.39646,0.00000,22.35466,6.75466,1.84190,6.75466,nan,-59.05871,1631.66768,0.00000,0.00000,-7.07707,-0.92827,-7.07707,1318.79578,529.00000,606.00000,301.00000
75.31178,17.49974,0.00000,22.34534,6.68633,1.92003,6.68633,nan,-59.04425,1654.01301,0.00000,0.00000,-7.06904,-0.92602,-7.06904,1296.45045,529.00000,606.00000,301.00000
75.13103,17.60303,0.00000,22.33596,6.61799,1.99811,6.61799,nan,-59.02969,1676.34898,0.00000,0.00000,-7.06103,-0.92366,-7.06103,1274.11448,529.00000,606.00000,301.00000
74.95028,17.70631,0.00000,22.32654,6.54964,2.07613,6.54964,nan,-59.01503,1698.67552,0.00000,0.00000,-7.05307,-0.92119,-7.05307,1251.78794,529.00000,606.00000,301.00000
74.76954,17.80960,0.00000,22.31707,6.48129,2.15410,6.48129,nan,-59.00028,1720.99259,0.00000,0.00000,-7.04515,-0.91862,-7.04515,1229.47088,529.00000,606.00000,301.00000
74.58879,17.91288,0.00000,22.30754,6.41293,2.23202,6.41293,nan,-58.98544,1743.30012,0.00000,0.00000,-7.03725,-0.91594,-7.03725,1207.16334,529.00000,606.00000,301.00000
74.40804,18.01617,0.00000,22.29796,6.34456,2.30987,6.34456,nan,-58.97050,1765.59808,0.00000,0.00000,-7.02940,-0.91314,-7.02940,1184.86538,529.00000,606.00000,301.00000
74.22729,18.11946,0.00000,22.28833,6.27619,2.38767,6.27619,nan,-58.95547,1787.88641,0.00000,0.00000,-7.02159,-0.91023,-7.02159,1162.57705,529.00000,606.00000,301.00000
74.04655,18.22274,0.00000,22.27865,6.20782,2.46541,6.20782,nan,-58.94034,1810.16506,0.00000,0.00000,-7.01382,-0.90721,-7.01382,1140.29840,529.00000,606.00000,301.00000
73.86580,18.32603,0.00000,22.26891,6.13944,2.54309,6.13944,nan,-58.92512,1832.43397,0.00000,0.00000,-7.00609,-0.90408,-7.00609,1118.02949,529.00000,606.00000,301.00000
73.68505,18.42931,0.00000,22.25913,6.07106,2.62071,6.07106,nan,-58.90980,1854.69310,0.00000,0.00000,-6.99840,-0.90082,-6.99840,1095.77036,529.00000,606.00000,301.00000
73.50431,18.53260,0.00000,22.24929,6.00268,2.69826,6.00268,nan,-58.89439,1876.94239,0.00000,0.00000,-6.99075,-0.89745,-6.99075,1073.52107,529.00000,606.00000,301.00000
73.32356,18.63588,0.00000,22.23940,5.93431,2.77575,5.93431,nan,-58.87888,1899.18179,0.00000,0.00000,-6.98315,-0.89397,-6.98315,1051.28167,529.00000,606.00000,301.00000
73.14281,18.73917,0.00000,22.22946,5.86593,2.85317,5.86593,nan,-58.86327,1921.41125,0.00000,0.00000,-6.97560,-0.89036,-6.97560,1029.05221,529.00000,606.00000,301.00000
72.96206,18.84245,0.00000,22.21947,5.79756,2.93052,5.79756,nan,-58.84757,1943.63072,0.00000,0.00000,-6.96809,-0.88664,-6.96809,1006.83274,529.00000,606.00000,301.00000
72.78132,18.94574,0.00000,22.20943,5.72919,3.00781,5.72919,nan,-58.83177,1965.84015,0.00000,0.00000,-6.96063,-0.88280,-6.96063,984.62331,529.00000,606.00000,301.00000
72.60057,19.04903,0.00000,22.19933,5.66082,3.08502,5.66082,nan,-58.81588,1988.03948,0.00000,0.00000,-6.95321,-0.87884,-6.95321,962.42398,529.00000,606.00000,301.00000
72.42894,19.16310,0.00000,22.00441,6.49975,3.25284,6.49975,nan,-50.84598,2010.04389,0.00000,0.00000,-6.09981,-0.43402,-6.09981,940.41957,529.00000,606.00000,301.00000
72.28161,19.30597,0.00000,22.63276,7.63911,3.34175,7.63911,nan,-37.76156,2032.67665,0.00000,0.00000,-4.47154,0.32525,-4.47154,917.78681,529.00000,606.00000,301.00000
72.14948,19.46683,0.00000,22.62438,7.56552,3.41874,7.56552,nan,-37.73397,2055.30103,0.00000,0.00000,-4.46208,0.32946,-4.46208,895.16243,529.00000,606.00000,301.00000
72.01734,19.62770,0.00000,22.61593,7.49191,3.49565,7.49191,nan,-37.70615,2077.91696,0.00000,0.00000,-4.45264,0.33379,-4.45264,872.54651,529.00000,606.00000,301.00000
71.88521,19.78857,0.00000,22.60742,7.41825,3.57249,7.41825,nan,-37.67809,2100.52437,0.00000,0.00000,-4.44321,0.33826,-4.44321,849.93909,529.00000,606.00000,301.00000
71.75307,19.94943,0.00000,22.59885,7.34457,3.64924,7.34457,nan,-37.64980,2123.12322,0.00000,0.00000,-4.43381,0.34286,-4.43381,827.34024,529.00000,606.00000,301.00000
71.62094,20.11030,0.00000,22.59021,7.27086,3.72590,7.27086,nan,-37.62126,2145.71343,0.00000,0.00000,-4.42441,0.34760,-4.42441,804.75003,529.00000,606.00000,301.00000
71.48880,20.27116,0.00000,22.58152,7.19712,3.80248,7.19712,nan,-37.59248,2168.29496,0.00000,0.00000,-4.41504,0.35248,-4.41504,782.16851,529.00000,606.00000,301.00000
71.35667,20.43203,0.00000,22.57277,7.12336,3.87897,7.12336,nan,-37.56346,2190.86772,0.00000,0.00000,-4.40569,0.35749,-4.40569,759.59574,529.00000,606.00000,301.00000
71.22453,20.59289,0.00000,22.56395,7.04957,3.95537,7.04957,nan,-37.53420,2213.43168,0.00000,0.00000,-4.39637,0.36264,-4.39637,737.03179,529.00000,606.00000,301.00000
71.09239,20.75376,0.00000,22.55508,6.97576,4.03168,6.97576,nan,-37.50470,2235.98675,0.00000,0.00000,-4.38707,0.36794,-4.38707,714.47671,529.00000,606.00000,301.00000
70.94068,20.89188,0.00000,21.93508,5.35124,4.04238,5.35124,nan,-54.18391,2257.92183,0.00000,0.00000,-6.18879,-0.81243,-6.18879,692.54163,529.00000,606.00000,301.00000
70.76563,21.00286,0.00000,22.02400,4.92448,4.06615,4.92448,nan,-57.40316,2279.94584,0.00000,0.00000,-6.47206,-1.03595,-6.47206,670.51762,529.00000,606.00000,301.00000
70.58683,21.10947,0.00000,22.01280,4.85590,4.14246,4.85590,nan,-57.38439,2301.95864,0.00000,0.00000,-6.46499,-1.03002,-6.46499,648.50482,529.00000,606.00000,301.00000
70.40802,21.21608,0.00000,22.00155,4.78734,4.21866,4.78734,nan,-57.36550,2323.96019,0.00000,0.00000,-6.45799,-1.02394,-6.45799,626.50327,529.00000,606.00000,301.00000
70.22921,21.32269,0.00000,21.99025,4.71880,4.29479,4.71880,nan,-57.34650,2345.95044,0.00000,0.00000,-6.45104,-1.01772,-6.45104,604.51302,529.00000,606.00000,301.00000
70.05041,21.42930,0.00000,21.97889,4.65028,4.37082,4.65028,nan,-57.32740,2367.92933,0.00000,0.00000,-6.44417,-1.01136,-6.44417,582.53413,529.00000,606.00000,301.00000
69.87160,21.53591,0.00000,21.96748,4.58178,4.44675,4.58178,nan,-57.30819,2389.89681,0.00000,0.00000,-6.43735,-1.00485,-6.43735,560.56665,529.00000,606.00000,301.00000
69.69280,21.64252,0.00000,21.95602,4.51330,4.52260,4.51330,nan,-57.28886,2411.85284,0.00000,0.00000,-6.43061,-0.99820,-6.43061,538.61062,529.00000,606.00000,301.00000
69.51399,21.74913,0.00000,21.94451,4.44485,4.59835,4.44485,nan,-57.26943,2433.79735,0.00000,0.00000,-6.42394,-0.99141,-6.42394,516.66611,529.00000,606.00000,301.00000
69.33518,21.85574,0.00000,21.93295,4.37643,4.67400,4.37643,nan,-57.24988,2455.73031,0.00000,0.00000,-6.41733,-0.98447,-6.41733,494.73316,529.00000,606.00000,301.00000
69.15638,21.96235,0.00000,21.92134,4.30803,4.74956,4.30803,nan,-57.23023,2477.65164,0.00000,0.00000,-6.41079,-0.97738,-6.41079,472.81182,529.00000,606.00000,301.00000
68.97757,22.06896,0.00000,21.90968,4.23966,4.82501,4.23966,nan,-57.21046,2499.56132,0.00000,0.00000,-6.40433,-0.97014,-6.40433,450.90214,529.00000,606.00000,301.00000
68.79876,22.17557,0.00000,21.89796,4.17132,4.90037,4.17132,nan,-57.19059,2521.45928,0.00000,0.00000,-6.39794,-0.96275,-6.39794,429.00418,529.00000,606.00000,301.00000
68.61996,22.28218,0.00000,21.88619,4.10301,4.97562,4.10301,nan,-57.17060,2543.34547,0.00000,0.00000,-6.39163,-0.95521,-6.39163,407.11799,529.00000,606.00000,301.00000
68.44115,22.38879,0.00000,21.87438,4.03473,5.05077,4.03473,nan,-57.15050,2565.21985,0.00000,0.00000,-6.38538,-0.94752,-6.38538,385.24361,529.00000,606.00000,301.00000
68.26234,22.49540,0.00000,21.86251,3.96647,5.12582,3.96647,nan,-57.13029,2587.08236,0.00000,0.00000,-6.37922,-0.93967,-6.37922,363.38110,529.00000,606.00000,301.00000
68.08354,22.60201,0.00000,21.85059,3.89826,5.20076,3.89826,nan,-57.10996,2608.93295,0.00000,0.00000,-6.37313,-0.93168,-6.37313,341.53051,529.00000,606.00000,301.00000
67.90473,22.70862,0.00000,21.83862,3.83007,5.27559,3.83007,nan,-57.08953,2630.77157,0.00000,0.00000,-6.36711,-0.92353,-6.36711,319.69189,529.00000,606.00000,301.00000
67.72592,22.81523,0.00000,21.82660,3.76193,5.35031,3.76193,nan,-57.06898,2652.59818,0.00000,0.00000,-6.36118,-0.91522,-6.36118,297.86529,529.00000,606.00000,301.00000
67.54712,22.92184,0.00000,21.81453,3.69382,5.42493,3.69382,nan,-57.04831,2674.41271,0.00000,0.00000,-6.35532,-0.90676,-6.35532,276.05075,529.00000,606.00000,301.00000
67.36831,23.02845,0.00000,21.80241,3.62574,5.49943,3.62574,nan,-57.02754,2696.21512,0.00000,0.00000,-6.34955,-0.89814,-6.34955,254.24834,529.00000,606.00000,301.00000
67.18999,23.13586,0.00000,21.80464,3.61644,5.58187,3.61644,nan,-56.47454,2718.01976,0.00000,0.00000,-6.31018,-0.83790,-6.31018,232.44371,529.00000,606.00000,301.00000
67.01244,23.24455,0.00000,21.80219,3.58407,5.66075,3.58407,nan,-56.12776,2739.82195,0.00000,0.00000,-6.28400,-0.79702,-6.28400,210.64151,529.00000,606.00000,301.00000
66.83519,23.35373,0.00000,21.78986,3.51596,5.73486,3.51596,nan,-56.10585,2761.61181,0.00000,0.00000,-6.27831,-0.78789,-6.27831,188.85166,529.00000,606.00000,301.00000
66.65795,23.46291,0.00000,21.77747,3.44789,5.80886,3.44789,nan,-56.08383,2783.38927,0.00000,0.00000,-6.27270,-0.77859,-6.27270,167.07419,529.00000,606.00000,301.00000
66.48070,23.57209,0.00000,21.76503,3.37987,5.88274,3.37987,nan,-56.06168,2805.15430,0.00000,0.00000,-6.26717,-0.76913,-6.26717,145.30916,529.00000,606.00000,301.00000
66.30345,23.68127,0.00000,21.75254,3.31188,5.95649,3.31188,nan,-56.03941,2826.90684,0.00000,0.00000,-6.26174,-0.75950,-6.26174,123.55663,529.00000,606.00000,301.00000
66.12620,23.79045,0.00000,21.73999,3.24394,6.03013,3.24394,nan,-56.01702,2848.64683,0.00000,0.00000,-6.25638,-0.74971,-6.25638,101.81663,529.00000,606.00000,301.00000
65.94895,23.89963,0.00000,21.72740,3.17605,6.10364,3.17605,nan,-55.99451,2870.37423,0.00000,0.00000,-6.25111,-0.73976,-6.25111,80.08923,529.00000,606.00000,301.00000
65.77170,24.00881,0.00000,21.71476,3.10821,6.17703,3.10821,nan,-55.97187,2892.08899,0.00000,0.00000,-6.24593,-0.72964,-6.24593,58.37447,529.00000,606.00000,301.00000
65.59445,24.11799,0.00000,21.70206,3.04041,6.25029,3.04041,nan,-55.94911,2913.79105,0.00000,0.00000,-6.24084,-0.71935,-6.24084,36.67241,529.00000,606.00000,301.00000
65.41720,24.22717,0.00000,21.68932,2.97266,6.32343,2.97266,nan,-55.92623,2935.48037,0.00000,0.00000,-6.23584,-0.70889,-6.23584,14.98310,529.00000,606.00000,301.00000
65.23995,24.33635,0.00000,21.67652,2.90496,6.39644,2.90496,nan,-55.90323,2957.15688,0.00000,0.00000,-6.23093,-0.69826,-6.23093,-6.69342,529.00000,606.00000,301.00000
65.06270,24.44553,0.00000,21.66367,2.83732,6.46932,2.83732,nan,-55.88010,2978.82056,0.00000,0.00000,-6.22611,-0.68746,-6.22611,-28.35709,529.00000,606.00000,301.00000
141.29413,-30.24126,20.36641,20.54764,27.84616,-15.37052,-15.37052,0.69413,-47.83587,20.54764,20.36492,0.24673,6.57486,19.76120,19.76120,20.54764,780.00000,678.00000,678.00000
141.13570,-30.11710,20.54923,20.56137,27.78348,-15.53844,-15.53844,0.58826,-47.85621,41.10901,20.54815,0.21098,6.52624,19.78821,19.78821,41.10901,780.00000,678.00000,678.00000
141.01329,-29.96411,20.72792,21.86090,22.23567,-22.71672,-22.71672,25.83469,-22.41026,62.96992,18.65627,9.03273,17.78371,11.18022,11.18022,62.96992,780.00000,678.00000,678.00000
140.92686,-29.78233,20.90278,21.86669,22.18101,-22.91606,-22.91606,25.52341,-22.44694,84.83661,18.86286,9.00659,17.75276,11.21202,11.21202,84.83661,780.00000,678.00000,678.00000
140.84042,-29.60055,21.07794,21.87246,22.12589,-23.11523,-23.11523,25.21730,-22.48339,106.70907,19.06918,8.98031,17.72207,11.24391,11.24391,106.70907,780.00000,678.00000,678.00000
140.75399,-29.41877,21.25337,21.87820,22.07029,-23.31423,-23.31423,24.91624,-22.51962,128.58727,19.27521,8.95390,17.69163,11.27589,11.27589,128.58727,780.00000,678.00000,678.00000
140.66755,-29.23699,21.42908,21.88392,22.01423,-23.51306,-23.51306,24.62013,-22.55563,150.47119,19.48096,8.92736,17.66144,11.30795,11.30795,150.47119,780.00000,678.00000,678.00000
140.58112,-29.05521,21.60503,21.88962,21.95771,-23.71171,-23.71171,24.32886,-22.59142,172.36081,19.68642,8.90070,17.63151,11.34010,11.34010,172.36081,780.00000,678.00000,678.00000
140.49468,-28.87343,21.78122,21.89529,21.90073,-23.91018,-23.91018,24.04233,-22.62698,194.25610,19.89159,8.87392,17.60183,11.37232,11.37232,194.25610,780.00000,678.00000,678.00000
140.40825,-28.69165,21.95763,21.90094,21.84328,-24.10848,-24.10848,23.76043,-22.66232,216.15704,20.09646,8.84702,17.57241,11.40462,11.40462,216.15704,780.00000,678.00000,678.00000
140.32181,-28.50987,22.13425,21.90656,21.78536,-24.30660,-24.30660,23.48308,-22.69743,238.06360,20.30104,8.82002,17.54324,11.43699,11.43699,238.06360,780.00000,678.00000,678.00000
140.23705,-28.32776,22.31024,21.85410,21.46038,-24.67452,-24.67452,24.07149,-21.86784,259.91769,20.37008,9.09982,17.84075,11.10002,11.10002,259.91769,780.00000,678.00000,678.00000
140.20205,-28.13612,22.46232,22.37134,11.78553,-27.25787,-27.25787,48.88551,3.27493,282.28903,14.77045,16.92305,25.24288,-0.46172,-0.46172,282.28903,780.00000,678.00000,678.00000
140.21508,-27.93525,22.59181,22.37147,11.69635,-27.47479,-27.47479,48.52279,3.28101,304.66050,14.96305,16.92622,25.24539,-0.46756,-0.46756,304.66050,780.00000,678.00000,678.00000
140.22810,-27.73439,22.72210,22.37161,11.60707,-27.69137,-27.69137,48.16455,3.28705,327.03211,15.15550,16.92941,25.24785,-0.47340,-0.47340,327.03211,780.00000,678.00000,678.00000
140.24112,-27.53353,22.85318,22.37174,11.51768,-27.90760,-27.90760,47.81075,3.29305,349.40385,15.34778,16.93262,25.25028,-0.47925,-0.47925,349.40385,780.00000,678.00000,678.00000
140.25414,-27.33267,22.98502,22.37188,11.42817,-28.12350,-28.12350,47.46132,3.29901,371.77573,15.53989,16.93585,25.25269,-0.48511,-0.48511,371.77573,780.00000,678.00000,678.00000
140.26716,-27.13180,23.11761,22.37201,11.33857,-28.33905,-28.33905,47.11623,3.30493,394.14774,15.73184,16.93910,25.25505,-0.49097,-0.49097,394.14774,780.00000,678.00000,678.00000
140.28018,-26.93094,23.25091,22.37214,11.24886,-28.55425,-28.55425,46.77542,3.31081,416.51988,15.92362,16.94236,25.25738,-0.49684,-0.49684,416.51988,780.00000,678.00000,678.00000
140.29320,-26.73008,23.38493,22.37228,11.15904,-28.76910,-28.76910,46.43884,3.31665,438.89216,16.11522,16.94564,25.25968,-0.50271,-0.50271,438.89216,780.00000,678.00000,678.00000
140.30623,-26.52922,23.51964,22.37241,11.06912,-28.98360,-28.98360,46.10644,3.32244,461.26456,16.30665,16.94894,25.26194,-0.50858,-0.50858,461.26456,780.00000,678.00000,678.00000
140.31925,-26.32836,23.65502,22.37254,10.97910,-29.19774,-29.19774,45.77818,3.32820,483.63710,16.49791,16.95225,25.26416,-0.51446,-0.51446,483.63710,780.00000,678.00000,678.00000
140.32587,-26.12744,23.79480,22.34715,12.31363,-29.39331,-29.39331,42.19109,0.06119,505.98425,17.62979,15.98072,24.60108,1.15348,1.15348,505.98425,780.00000,678.00000,678.00000
140.32121,-25.92642,23.94179,22.37693,13.29404,-29.52791,-29.52791,39.37675,-2.44887,528.36118,18.50679,15.18908,24.04009,2.44426,2.44426,528.36118,780.00000,678.00000,678.00000
140.31166,-25.72537,24.09213,22.37700,13.21214,-29.74075,-29.74075,39.07566,-2.45301,550.73819,18.70306,15.18638,24.03817,2.44856,2.44856,550.73819,780.00000,678.00000,678.00000
140.30211,-25.52431,24.24293,22.37707,13.13006,-29.95323,-29.95323,38.77866,-2.45712,573.11526,18.89909,15.18367,24.03627,2.45286,2.45286,573.11526,780.00000,678.00000,678.00000
140.29255,-25.32325,24.39417,22.37714,13.04779,-30.16535,-30.16535,38.48568,-2.46120,595.49240,19.09487,15.18095,24.03440,2.45716,2.45716,595.49240,780.00000,678.00000,678.00000
140.28300,-25.12219,24.54583,22.37721,12.96532,-30.37709,-30.37709,38.19667,-2.46525,617.86961,19.29039,15.17823,24.03255,2.46146,2.46146,617.86961,780.00000,678.00000,678.00000
140.27345,-24.92114,24.69791,22.37728,12.88268,-30.58846,-30.58846,37.91156,-2.46927,640.24689,19.48567,15.17549,24.03073,2.46576,2.46576,640.24689,780.00000,678.00000,678.00000
140.26389,-24.72008,24.85039,22.37734,12.79985,-30.79946,-30.79946,37.63030,-2.47325,662.62423,19.68068,15.17275,24.02893,2.47005,2.47005,662.62423,780.00000,678.00000,678.00000
140.25434,-24.51902,25.00325,22.37741,12.71683,-31.01008,-31.01008,37.35283,-2.47721,685.00164,19.87544,15.17001,24.02716,2.47434,2.47434,685.00164,780.00000,678.00000,678.00000
140.24479,-24.31797,25.15647,22.37748,12.63363,-31.22032,-31.22032,37.07909,-2.48114,707.37912,20.06994,15.16726,24.02542,2.47862,2.47862,707.37912,780.00000,678.00000,678.00000
140.23524,-24.11691,25.31005,22.37754,12.55025,-31.43017,-31.43017,36.80901,-2.48503,729.75666,20.26417,15.16451,24.02369,2.48290,2.48290,729.75666,780.00000,678.00000,678.00000
140.22568,-23.91585,25.46397,22.37761,12.46669,-31.63964,-31.63964,36.54254,-2.48890,752.13427,20.45814,15.16174,24.02200,2.48718,2.48718,752.13427,780.00000,678.00000,678.00000
140.21475,-23.71489,25.61890,22.37136,12.68529,-31.81471,-31.81471,35.55832,-3.21627,774.50564,20.84159,14.89819,23.86149,2.89211,2.89211,774.50564,780.00000,678.00000,678.00000
140.20008,-23.51417,25.77598,22.36902,13.11180,-31.95358,-31.95358,34.07428,-4.45180,796.87466,21.35055,14.44144,23.58222,3.58244,3.58244,796.87466,780.00000,678.00000,678.00000
140.18306,-23.31360,25.93448,22.36922,13.03009,-32.16129,-32.16129,33.82435,-4.45849,819.24388,21.54501,14.43639,23.57915,3.58999,3.58999,819.24388,780.00000,678.00000,678.00000
140.16605,-23.11304,26.09321,22.36943,12.94818,-32.36860,-32.36860,33.57780,-4.46513,841.61330,21.73918,14.43134,23.57612,3.59752,3.59752,841.61330,780.00000,678.00000,678.00000
140.14903,-22.91248,26.25218,22.36963,12.86605,-32.57553,-32.57553,33.33457,-4.47171,863.98293,21.93306,14.42628,23.57313,3.60503,3.60503,863.98293,780.00000,678.00000,678.00000
140.13201,-22.71191,26.41136,22.36983,12.78373,-32.78206,-32.78206,33.09464,-4.47824,886.35276,22.12664,14.42122,23.57018,3.61253,3.61253,886.35276,780.00000,678.00000,678.00000
140.11500,-22.51135,26.57075,22.37003,12.70119,-32.98820,-32.98820,32.85793,-4.48472,908.72278,22.31992,14.41616,23.56728,3.62002,3.62002,863.98273,780.00000,678.00000,678.00000
140.09798,-22.31079,26.73032,22.37022,12.61846,-33.19393,-33.19393,32.62440,-4.49114,931.09301,22.51289,14.41110,23.56442,3.62749,3.62749,841.61251,780.00000,678.00000,678.00000
140.08097,-22.11022,26.89009,22.37042,12.53553,-33.39927,-33.39927,32.39398,-4.49750,953.46343,22.70557,14.40605,23.56161,3.63494,3.63494,819.24209,780.00000,678.00000,678.00000
140.06395,-21.90966,27.05002,22.37061,12.45238,-33.60420,-33.60420,32.16664,-4.50381,975.83404,22.89793,14.40098,23.55884,3.64238,3.64238,796.87147,780.00000,678.00000,678.00000
140.04693,-21.70910,27.21011,22.37081,12.36904,-33.80872,-33.80872,31.94232,-4.51007,998.20485,23.08999,14.39593,23.55611,3.64980,3.64980,774.50067,780.00000,678.00000,678.00000
140.02992,-21.50853,27.37035,22.37100,12.28551,-34.01283,-34.01283,31.72098,-4.51627,1020.57585,23.28173,14.39087,23.55342,3.65719,3.65719,752.12967,780.00000,678.00000,678.00000
140.01290,-21.30797,27.53072,22.37119,12.20178,-34.21654,-34.21654,31.50257,-4.52241,1042.94704,23.47316,14.38582,23.55077,3.66456,3.66456,729.75848,780.00000,678.00000,678.00000
139.99589,-21.10741,27.69123,22.37138,12.11784,-34.41982,-34.41982,31.28703,-4.52850,1065.31842,23.66427,14.38077,23.54817,3.67192,3.67192,707.38710,780.00000,678.00000,678.00000
139.97887,-20.90684,27.85185,22.37157,12.03371,-34.62268,-34.62268,31.07433,-4.53454,1087.68998,23.85507,14.37572,23.54560,3.67924,3.67924,685.01553,780.00000,678.00000,678.00000
139.96186,-20.70628,28.01258,22.37175,11.94939,-34.82514,-34.82514,30.86442,-4.54052,1110.06173,24.04554,14.37069,23.54308,3.68655,3.68655,662.64378,780.00000,678.00000,678.00000
139.94484,-20.50572,28.17340,22.37194,11.86487,-35.02716,-35.02716,30.65726,-4.54644,1132.43367,24.23568,14.36565,23.54060,3.69382,3.69382,640.27185,780.00000,678.00000,678.00000
139.92782,-20.30515,28.33431,22.37212,11.78016,-35.22877,-35.22877,30.45279,-4.55231,1154.80579,24.42551,14.36063,23.53816,3.70107,3.70107,617.89973,780.00000,678.00000,678.00000
139.91081,-20.10459,28.49530,22.37230,11.69525,-35.42994,-35.42994,30.25100,-4.55812,1177.17809,24.61500,14.35562,23.53576,3.70830,3.70830,595.52742,780.00000,678.00000,678.00000
139.89148,-19.90443,28.65718,22.32579,12.12404,-35.54035,-35.54035,28.79772,-5.82172,1199.50388,25.11303,13.80470,23.27187,4.49455,4.49455,573.20164,780.00000,678.00000,678.00000
139.85432,-19.70743,28.82548,22.29449,15.34474,-34.68351,-34.68351,20.13601,-14.32336,1221.79837,27.06362,9.92317,21.22843,9.71865,9.71865,550.90715,780.00000,678.00000,678.00000
139.80166,-19.51315,28.99924,22.29614,15.26754,-34.87763,-34.87763,19.97604,-14.33986,1244.09451,27.25451,9.90693,21.21927,9.73945,9.73945,528.61101,780.00000,678.00000,678.00000
139.74900,-19.31888,29.17287,22.29777,15.19002,-35.07139,-35.07139,19.81831,-14.35621,1266.39228,27.44504,9.89073,21.21025,9.76017,9.76017,506.31323,780.00000,678.00000,678.00000
139.69635,-19.12460,29.34638,22.29940,15.11218,-35.26477,-35.26477,19.66278,-14.37240,1288.69168,27.63517,9.87458,21.20137,9.78079,9.78079,484.01384,780.00000,678.00000,678.00000
139.64369,-18.93033,29.51973,22.30100,15.03403,-35.45778,-35.45778,19.50943,-14.38842,1310.99268,27.82490,9.85847,21.19262,9.80133,9.80133,461.71283,780.00000,678.00000,678.00000
139.59103,-18.73605,29.69295,22.30259,14.95555,-35.65042,-35.65042,19.35822,-14.40428,1333.29528,28.01424,9.84242,21.18399,9.82178,9.82178,439.41024,780.00000,678.00000,678.00000
139.53838,-18.54178,29.86601,22.30417,14.87676,-35.84268,-35.84268,19.20910,-14.41999,1355.59945,28.20319,9.82642,21.17550,9.84213,9.84213,417.10607,780.00000,678.00000,678.00000
139.48572,-18.34751,30.03891,22.30574,14.79765,-36.03456,-36.03456,19.06205,-14.43553,1377.90518,28.39174,9.81047,21.16714,9.86238,9.86238,394.80033,780.00000,678.00000,678.00000
139.43306,-18.15323,30.21164,22.30729,14.71823,-36.22605,-36.22605,18.91704,-14.45091,1400.21247,28.57988,9.79458,21.15891,9.88253,9.88253,372.49304,780.00000,678.00000,678.00000
139.38041,-17.95896,30.38421,22.30882,14.63849,-36.41716,-36.41716,18.77404,-14.46613,1422.52129,28.76762,9.77876,21.15080,9.90258,9.90258,350.18422,780.00000,678.00000,678.00000
139.32775,-17.76468,30.55660,22.31034,14.55845,-36.60788,-36.60788,18.63301,-14.48119,1444.83164,28.95496,9.76300,21.14283,9.92252,9.92252,327.87388,780.00000,678.00000,678.00000
139.27510,-17.57041,30.72881,22.31185,14.47809,-36.79822,-36.79822,18.49391,-14.49609,1467.14349,29.14189,9.74730,21.13498,9.94235,9.94235,305.56203,780.00000,678.00000,678.00000
139.22244,-17.37613,30.90083,22.31334,14.39742,-36.98816,-36.98816,18.35672,-14.51082,1489.45683,29.32841,9.73167,21.12727,9.96208,9.96208,283.24869,780.00000,678.00000,678.00000
139.16978,-17.18186,31.07265,22.31482,14.31645,-37.17771,-37.17771,18.22142,-14.52539,1511.77165,29.51452,9.71611,21.11967,9.98169,9.98169,260.93387,780.00000,678.00000,678.00000
139.11713,-16.98758,31.24428,22.31628,14.23516,-37.36687,-37.36687,18.08797,-14.53980,1534.08793,29.70021,9.70062,21.11221,10.00118,10.00118,238.61759,780.00000,678.00000,678.00000
139.06447,-16.79331,31.41569,22.31773,14.15357,-37.55562,-37.55562,17.95634,-14.55405,1556.40566,29.88549,9.68521,21.10487,10.02056,10.02056,216.29986,780.00000,678.00000,678.00000
139.01137,-16.59919,31.58698,22.30928,14.16602,-37.69860,-37.69860,17.57067,-14.82470,1578.71494,30.11330,9.53554,21.03422,10.20829,10.20829,193.99058,780.00000,678.00000,678.00000
138.94374,-16.41024,31.76081,22.23404,16.95661,-36.02608,-36.02608,9.21182,-23.09334,1600.94897,31.35120,5.08442,18.78042,15.54725,15.54725,171.75654,780.00000,678.00000,678.00000
138.86202,-16.22629,31.93702,22.23725,16.87777,-36.20644,-36.20644,9.11828,-23.11264,1623.18623,31.53345,5.06116,18.76790,15.57397,15.57397,149.51929,780.00000,678.00000,678.00000
138.78030,-16.04234,32.11293,22.24043,16.79856,-36.38649,-36.38649,9.02612,-23.13173,1645.42666,31.71527,5.03803,18.75558,15.60052,15.60052,127.27885,780.00000,678.00000,678.00000
138.69858,-15.85840,32.28852,22.24358,16.71895,-36.56624,-36.56624,8.93529,-23.15059,1667.67024,31.89668,5.01502,18.74346,15.62692,15.62692,105.03527,780.00000,678.00000,678.00000
138.61686,-15.67445,32.46379,22.24670,16.63898,-36.74567,-36.74567,8.84579,-23.16924,1689.91694,32.07766,4.99214,18.73153,15.65314,15.65314,82.78857,780.00000,678.00000,678.00000
138.53514,-15.49050,32.63875,22.24978,16.55862,-36.92479,-36.92479,8.75759,-23.18767,1712.16673,32.25823,4.96939,18.71980,15.67918,15.67918,60.53879,780.00000,678.00000,678.00000
138.45342,-15.30655,32.81338,22.25283,16.47789,-37.10360,-37.10360,8.67070,-23.20588,1734.41956,32.43836,4.94679,18.70825,15.70503,15.70503,38.28596,780.00000,678.00000,678.00000
138.37170,-15.12260,32.98769,22.25585,16.39678,-37.28209,-37.28209,8.58508,-23.22387,1756.67541,32.61807,4.92433,18.69690,15.73072,15.73072,16.03011,780.00000,678.00000,678.00000
138.28998,-14.93865,33.16166,22.25883,16.31529,-37.46027,-37.46027,8.50072,-23.24164,1778.93424,32.79735,4.90202,18.68574,15.75622,15.75622,-6.22873,780.00000,678.00000,678.00000
138.20825,-14.75471,33.33530,22.26178,16.23343,-37.63813,-37.63813,8.41760,-23.25919,1801.19602,32.97619,4.87985,18.67478,15.78153,15.78153,-28.49051,780.00000,678.00000,678.00000
14.37584,39.88336,19.46959,23.65900,-12.28908,-29.24557,0.00000,50.86178,45.77090,23.65900,-12.28908,15.10111,15.10111,22.13659,0.00000,23.65900,301.00000,0.00000,307.00000
14.57474,40.03161,19.44534,23.63265,-12.20044,-29.35461,0.00000,51.13981,45.70862,47.29165,-12.20044,15.14168,15.14168,22.23366,0.00000,47.29165,301.00000,0.00000,307.00000
14.77364,40.17985,19.42115,23.60625,-12.11135,-29.46245,0.00000,51.41930,45.64602,70.89790,-12.11135,15.18211,15.18211,22.33146,0.00000,70.89790,301.00000,0.00000,307.00000
14.97254,40.32810,19.39704,23.57979,-12.02181,-29.56907,0.00000,51.70024,45.58308,94.47769,-12.02181,15.22239,15.22239,22.42999,0.00000,94.47769,301.00000,0.00000,307.00000
15.17674,40.46595,19.37201,22.69110,-13.40431,-31.78334,0.00000,46.21595,51.28121,117.16879,-13.40431,13.98568,13.98568,19.44561,0.00000,117.16879,301.00000,0.00000,307.00000
15.39999,40.56643,19.34346,21.61735,-16.75480,-36.12951,0.00000,29.98300,67.71683,138.78614,-16.75480,9.66676,9.66676,9.71930,0.00000,138.78614,301.00000,0.00000,307.00000
15.63692,40.63990,19.31229,21.59700,-16.68895,-36.26434,0.00000,30.21282,67.69467,160.38314,-16.68895,9.71820,9.71820,9.83064,0.00000,160.38314,301.00000,0.00000,307.00000
15.87386,40.71338,19.28105,21.57661,-16.62274,-36.39820,0.00000,30.44363,67.67244,181.95975,-16.62274,9.76952,9.76952,9.94260,0.00000,181.95975,301.00000,0.00000,307.00000
16.11080,40.78685,19.24976,21.55620,-16.55616,-36.53110,0.00000,30.67545,67.65012,203.51596,-16.55616,9.82073,9.82073,10.05516,0.00000,203.51596,301.00000,0.00000,307.00000
16.35101,40.84640,19.21755,21.09593,-17.75201,-37.75267,0.00000,22.52092,76.00757,224.61188,-17.75201,7.36072,7.36072,4.72856,0.00000,224.61188,301.00000,0.00000,307.00000
16.59523,40.88872,19.18418,21.04551,-17.94515,-38.04510,0.00000,20.70493,78.02221,245.65740,-17.94515,6.78267,6.78267,3.50116,0.00000,245.65740,301.00000,0.00000,307.00000
16.84021,40.92774,19.15050,21.03363,-17.88924,-38.19323,0.00000,20.91044,78.01533,266.69103,-17.88924,6.83497,6.83497,3.61243,0.00000,266.69103,301.00000,0.00000,307.00000
17.08519,40.96676,19.11670,21.02173,-17.83299,-38.34053,0.00000,21.11670,78.00843,287.71276,-17.83299,6.88715,6.88715,3.72422,0.00000,287.71276,301.00000,0.00000,307.00000
17.33017,41.00578,19.08279,21.00983,-17.77639,-38.48698,0.00000,21.32372,78.00152,308.72258,-17.77639,6.93921,6.93921,3.83654,0.00000,308.72258,301.00000,0.00000,307.00000
17.57515,41.04480,19.04876,20.99791,-17.71946,-38.63259,0.00000,21.53151,77.99459,329.72049,-17.71946,6.99114,6.99114,3.94939,0.00000,287.72467,301.00000,0.00000,307.00000
17.82013,41.08382,19.01462,20.98599,-17.66218,-38.77734,0.00000,21.74008,77.98766,350.70648,-17.66218,7.04295,7.04295,4.06274,0.00000,266.73868,301.00000,0.00000,307.00000
18.05953,41.09012,18.98008,19.80515,-18.97396,-37.92408,0.00000,1.45571,98.45495,370.51163,-18.97396,0.48217,0.48217,-9.67409,0.00000,246.93353,301.00000,0.00000,307.00000
18.28537,41.01753,18.94462,22.54380,-17.06551,-29.47257,0.00000,25.73520,125.77462,393.05543,-17.06551,-8.22599,-8.22599,-25.95550,0.00000,224.38973,301.00000,0.00000,307.00000
18.50318,40.89880,18.90848,22.57047,-17.05284,-29.72615,0.00000,25.59608,125.72589,415.62590,-17.05284,-8.16892,-8.16892,-25.85647,0.00000,201.81926,301.00000,0.00000,307.00000
18.72099,40.78008,18.87207,22.59710,-17.03964,-29.97897,0.00000,25.45772,125.67738,438.22300,-17.03964,-8.11206,-8.11206,-25.75690,0.00000,179.22217,301.00000,0.00000,307.00000
18.93880,40.66135,18.83537,22.62368,-17.02591,-30.23102,0.00000,25.32010,125.62911,460.84668,-17.02591,-8.05542,-8.05542,-25.65678,0.00000,156.59849,301.00000,0.00000,307.00000
19.15661,40.54262,18.79840,22.65021,-17.01164,-30.48229,0.00000,25.18323,125.58107,483.49689,-17.01164,-7.99899,-7.99899,-25.55614,0.00000,133.94828,301.00000,0.00000,307.00000
19.37442,40.42389,18.76115,22.67669,-16.99685,-30.73278,0.00000,25.04712,125.53326,506.17358,-16.99685,-7.94279,-7.94279,-25.45496,0.00000,111.27158,301.00000,0.00000,307.00000
19.59223,40.30517,18.72362,22.70313,-16.98153,-30.98249,0.00000,24.91175,125.48567,528.87671,-16.98153,-7.88680,-7.88680,-25.35327,0.00000,88.56845,301.00000,0.00000,307.00000
19.81004,40.18644,18.68581,22.72952,-16.96568,-31.23141,0.00000,24.77712,125.43832,551.60623,-16.96568,-7.83103,-7.83103,-25.25107,0.00000,65.83894,301.00000,0.00000,307.00000
20.02785,40.06771,18.64772,22.75585,-16.94931,-31.47954,0.00000,24.64324,125.39119,574.36208,-16.94931,-7.77548,-7.77548,-25.14836,0.00000,43.08308,301.00000,0.00000,307.00000
20.24566,39.94898,18.60934,22.78214,-16.93242,-31.72687,0.00000,24.51011,125.34428,597.14422,-16.93242,-7.72016,-7.72016,-25.04515,0.00000,20.30094,301.00000,0.00000,307.00000
20.46347,39.83026,18.57068,22.80838,-16.91500,-31.97339,0.00000,24.37773,125.29760,619.95260,-16.91500,-7.66506,-7.66506,-24.94146,0.00000,-2.50744,301.00000,0.00000,307.00000
143.59510,-30.11573,18.66422,23.39043,-19.35891,-38.12391,-39.48393,43.76289,133.01908,23.39043,13.47945,12.90958,-3.53926,-16.41117,-0.56135,23.39043,901.00000,847.00000,854.00000
143.77302,-30.25912,18.57551,23.37222,-19.55557,-38.04629,-39.56771,44.15720,133.06088,46.76265,13.32665,12.94024,-3.58377,-16.49830,-0.65177,46.76265,901.00000,847.00000,854.00000
143.95095,-30.40251,18.48733,23.35394,-19.75167,-37.96780,-39.65067,44.55548,133.10292,70.11659,13.17354,12.97070,-3.62895,-16.58566,-0.74281,70.11659,901.00000,847.00000,854.00000
144.12887,-30.54591,18.39970,23.33560,-19.94720,-37.88846,-39.73281,44.95772,133.14521,93.45220,13.02015,13.00095,-3.67479,-16.67326,-0.83449,93.45220,901.00000,847.00000,854.00000
144.30680,-30.68930,18.31263,23.31720,-20.14215,-37.80825,-39.81414,45.36397,133.18774,116.76939,12.86646,13.03098,-3.72130,-16.76109,-0.92678,116.76939,901.00000,847.00000,854.00000
144.48472,-30.83269,18.22613,23.29872,-20.33653,-37.72718,-39.89464,45.77427,133.23052,140.06812,12.71249,13.06080,-3.76849,-16.84915,-1.01970,140.06812,901.00000,847.00000,854.00000
144.66265,-30.97609,18.14023,23.28019,-20.53032,-37.64525,-39.97431,46.18862,133.27354,163.34831,12.55823,13.09040,-3.81636,-16.93743,-1.11325,163.34831,901.00000,847.00000,854.00000
144.84057,-31.11948,18.05492,23.26159,-20.72351,-37.56245,-40.05315,46.60706,133.31681,186.60989,12.40370,13.11978,-3.86491,-17.02593,-1.20742,186.60989,901.00000,847.00000,854.00000
145.01850,-31.26287,17.97023,23.24292,-20.91611,-37.47880,-40.13115,47.02960,133.36033,209.85281,12.24888,13.14892,-3.91413,-17.11465,-1.30222,209.85281,901.00000,847.00000,854.00000
145.19642,-31.40627,17.88616,23.22419,-21.10811,-37.39429,-40.20832,47.45626,133.40410,233.07701,12.09378,13.17783,-3.96405,-17.20358,-1.39764,233.07701,901.00000,847.00000,854.00000
145.35548,-31.56792,17.81310,24.01357,-19.85490,-32.45646,-38.91651,60.93046,146.45917,257.09058,8.65487,15.56920,-8.68433,-25.25343,-10.51602,257.09058,901.00000,847.00000,854.00000
145.49433,-31.74913,17.75202,24.10212,-19.90803,-31.96396,-38.80893,62.29591,147.38698,281.19270,8.25300,15.71693,-9.03175,-25.81629,-11.19514,281.19270,901.00000,847.00000,854.00000
145.63184,-31.93164,17.69261,24.08827,-20.09641,-31.86119,-38.86630,62.78950,147.43863,305.28096,8.09014,15.73462,-9.07505,-25.88536,-11.27920,305.28096,901.00000,847.00000,854.00000
145.76936,-32.11414,17.63418,24.07436,-20.28416,-31.75753,-38.92275,63.28679,147.49060,329.35533,7.92701,15.75205,-9.11899,-25.95460,-11.36385,329.35533,901.00000,847.00000,854.00000
145.90688,-32.29665,17.57674,24.06041,-20.47131,-31.65298,-38.97827,63.78775,147.54289,353.41573,7.76361,15.76922,-9.16358,-26.02399,-11.44910,353.41573,901.00000,847.00000,854.00000
146.04439,-32.47915,17.52030,24.04640,-20.65783,-31.54754,-39.03286,64.29236,147.59551,377.46213,7.59994,15.78613,-9.20884,-26.09353,-11.53494,377.46213,901.00000,847.00000,854.00000
146.18944,-32.65541,17.46064,23.69487,-21.52902,-33.47381,-39.90486,60.10395,142.96238,401.15700,8.70287,15.13717,-7.52939,-23.50516,-8.39254,401.15700,901.00000,847.00000,854.00000
146.34264,-32.82492,17.39738,23.65817,-21.76389,-33.52562,-40.01786,60.22188,142.63539,424.81517,8.64028,15.10015,-7.43696,-23.36212,-8.22191,424.81517,901.00000,847.00000,854.00000
146.49645,-32.99393,17.33473,23.64153,-21.94851,-33.42128,-40.07508,60.72315,142.68835,448.45670,8.47720,15.12051,-7.48897,-23.44176,-8.31719,448.45670,901.00000,847.00000,854.00000
146.65025,-33.16294,17.27304,23.62483,-22.13248,-33.31605,-40.13136,61.22832,142.74162,472.08153,8.31387,15.14059,-7.54168,-23.52156,-8.41309,472.08153,901.00000,847.00000,854.00000
146.80405,-33.33195,17.21232,23.60808,-22.31577,-33.20991,-40.18670,61.73736,142.79520,495.68961,8.15027,15.16037,-7.59510,-23.60151,-8.50962,495.68961,901.00000,847.00000,854.00000
146.97448,-33.47711,17.14205,21.97323,-23.70620,-38.08813,-41.09867,47.27534,127.91674,517.66285,11.63047,12.59294,-1.61945,-14.34556,2.04349,517.66285,901.00000,847.00000,854.00000
147.17394,-33.58059,17.05403,21.81457,-23.71661,-40.17821,-39.86790,35.66596,115.94332,539.47742,13.85521,9.94350,3.31069,-6.20902,10.46078,539.47742,901.00000,847.00000,854.00000
147.38580,-33.66624,16.95852,21.79703,-23.90981,-40.11591,-39.96171,36.03815,115.96583,561.27444,13.71309,9.97710,3.25263,-6.30690,10.36347,561.27444,901.00000,847.00000,854.00000
147.59765,-33.75188,16.86342,21.77945,-24.10246,-40.05290,-40.05481,36.41425,115.98843,583.05389,13.57077,10.01045,3.19395,-6.40488,10.26568,583.05389,901.00000,847.00000,854.00000
147.80951,-33.83753,16.76873,21.76184,-24.29455,-39.98917,-40.14721,36.79430,116.01111,604.81573,13.42824,10.04353,3.13466,-6.50294,10.16742,604.81573,901.00000,847.00000,854.00000
148.02137,-33.92317,16.67445,21.74419,-24.48609,-39.92474,-40.23891,37.17833,116.03387,626.55992,13.28551,10.07633,3.07475,-6.60109,10.06869,626.55992,901.00000,847.00000,854.00000
148.23893,-33.98720,16.57520,21.11256,-23.35224,-40.34099,-37.02236,24.42918,102.96180,647.67248,15.09128,6.85498,8.50603,2.51122,18.84011,647.67248,901.00000,847.00000,854.00000
148.46385,-34.02310,16.46913,21.13930,-22.90273,-40.03171,-35.73028,20.71184,98.96680,668.81178,15.40475,5.82461,10.06885,5.22677,21.29820,668.81178,901.00000,847.00000,854.00000
148.69046,-34.05253,16.36152,21.13214,-23.10340,-39.99515,-35.84216,20.98478,98.96988,689.94392,15.27635,5.85938,10.01670,5.13607,21.21707,689.94392,901.00000,847.00000,854.00000
148.91708,-34.08195,16.25398,21.12498,-23.30365,-39.95797,-35.95348,21.26072,98.97298,711.06890,15.14773,5.89389,9.96405,5.04537,21.13563,711.06890,901.00000,847.00000,854.00000
149.14369,-34.11137,16.14652,21.11781,-23.50349,-39.92017,-36.06423,21.53975,98.97607,732.18671,15.01890,5.92814,9.91092,4.95469,21.05388,689.95108,901.00000,847.00000,854.00000
149.37030,-34.14080,16.03916,21.11064,-23.70290,-39.88176,-36.17442,21.82190,98.97917,753.29735,14.88985,5.96212,9.85729,4.86403,20.97181,668.84044,901.00000,847.00000,854.00000
149.59691,-34.17022,15.93189,21.10346,-23.90189,-39.84273,-36.28404,22.10724,98.98228,774.40082,14.76060,5.99583,9.80317,4.77339,20.88943,647.73698,901.00000,847.00000,854.00000
149.82345,-34.19989,15.82480,21.09129,-24.12621,-39.81537,-36.44817,22.54837,99.13743,795.49211,14.61509,6.06823,9.68479,4.57705,20.71016,626.64569,901.00000,847.00000,854.00000
150.03914,-34.26532,15.72836,21.93056,-26.17063,-38.60950,-41.59733,44.62772,120.85496,817.42267,11.19366,11.04913,-0.02060,-10.55723,5.64952,604.71513,901.00000,847.00000,854.00000
150.24413,-34.36631,15.64288,21.91111,-26.35308,-38.52921,-41.67467,45.08429,120.88544,839.33377,11.04490,11.07744,-0.08747,-10.65543,5.54350,582.80402,901.00000,847.00000,854.00000
150.44912,-34.46729,15.55807,21.89161,-26.53489,-38.44818,-41.75124,45.54555,120.91604,861.22539,10.89597,11.10546,-0.15500,-10.75372,5.43698,560.91241,901.00000,847.00000,854.00000
150.65412,-34.56827,15.47393,21.87207,-26.71604,-38.36641,-41.82703,46.01154,120.94677,883.09746,10.74686,11.13318,-0.22320,-10.85209,5.32994,539.04033,901.00000,847.00000,854.00000
150.85911,-34.66925,15.39050,21.85249,-26.89654,-38.28391,-41.90203,46.48229,120.97764,904.94995,10.59757,11.16060,-0.29206,-10.95054,5.22240,517.18784,901.00000,847.00000,854.00000
151.06410,-34.77023,15.30777,21.83286,-27.07638,-38.20067,-41.97625,46.95783,121.00865,926.78282,10.44811,11.18771,-0.36158,-11.04907,5.11436,495.35498,901.00000,847.00000,854.00000
151.26910,-34.87121,15.22577,21.81319,-27.25556,-38.11670,-42.04968,47.43818,121.03978,948.59601,10.29849,11.21451,-0.43177,-11.14766,5.00580,473.54178,901.00000,847.00000,854.00000
151.47506,-34.96965,15.14359,21.66089,-27.43723,-38.31740,-41.97725,46.39644,119.54927,970.25690,10.44399,10.96591,0.22373,-10.23160,6.01287,451.88090,901.00000,847.00000,854.00000
151.68874,-35.04777,15.05469,21.15604,-27.07653,-39.50516,-40.14590,35.81317,108.55243,991.41294,12.20829,8.80916,5.41456,-2.82164,13.83245,430.72485,901.00000,847.00000,854.00000
151.90914,-35.10810,14.95979,21.14198,-27.26334,-39.44329,-40.23653,36.21597,108.56527,1012.55492,12.06949,8.83870,5.34845,-2.91769,13.73466,409.58288,901.00000,847.00000,854.00000
152.12955,-35.16844,14.86533,21.12789,-27.44959,-39.38077,-40.32650,36.62337,108.57815,1033.68281,11.93053,8.86795,5.28178,-3.01374,13.63649,388.45499,901.00000,847.00000,854.00000
152.34996,-35.22878,14.77134,21.11379,-27.63529,-39.31760,-40.41581,37.03541,108.59106,1054.79659,11.79142,8.89690,5.21455,-3.10979,13.53794,367.34120,901.00000,847.00000,854.00000
152.57036,-35.28911,14.67781,21.09966,-27.82042,-39.25380,-40.50444,37.45216,108.60401,1075.89625,11.65215,8.92556,5.14675,-3.20585,13.43901,346.24154,901.00000,847.00000,854.00000
152.79077,-35.34945,14.58477,21.08551,-28.00499,-39.18936,-40.59241,37.87370,108.61700,1096.98177,11.51272,8.95393,5.07839,-3.30190,13.33971,325.15603,901.00000,847.00000,854.00000
152.99249,-35.44639,14.50879,22.26492,-27.88768,-34.59782,-42.60548,61.63414,131.89229,1119.24669,6.89313,12.76675,-6.49688,-18.58473,-3.89158,302.89111,901.00000,847.00000,854.00000
153.17326,-35.58455,14.45243,22.63524,-27.71970,-33.58860,-42.42247,64.87428,134.58352,1141.88192,6.13659,13.08492,-7.85461,-20.24965,-5.96770,280.25587,901.00000,847.00000,854.00000
153.35170,-35.72731,14.39939,22.61470,-27.88184,-33.47173,-42.46378,65.48505,134.63491,1164.49663,5.97475,13.10133,-7.92992,-20.34049,-6.08268,257.64117,901.00000,847.00000,854.00000
153.54546,-35.83745,14.33299,20.71932,-29.08633,-38.33791,-42.05255,45.98638,114.63685,1185.21595,9.95898,10.30792,2.06206,-7.74752,8.73957,236.92184,901.00000,847.00000,854.00000
153.76193,-35.89911,14.24569,20.79883,-28.41916,-39.04783,-39.87233,36.02108,104.24498,1206.01478,11.52193,8.37765,7.22943,-0.79370,16.10125,216.12301,901.00000,847.00000,854.00000
153.98580,-35.94493,14.15177,20.78751,-28.60437,-38.98770,-39.96295,36.43799,104.25293,1226.80229,11.38510,8.40548,7.16015,-0.88851,16.00425,195.33551,901.00000,847.00000,854.00000
154.20968,-35.99075,14.05831,20.77617,-28.78903,-38.92695,-40.05293,36.85984,104.26091,1247.57846,11.24813,8.43301,7.09033,-0.98329,15.90692,174.55934,901.00000,847.00000,854.00000
154.43355,-36.03657,13.96532,20.76482,-28.97315,-38.86558,-40.14225,37.28669,104.26890,1268.34328,11.11100,8.46024,7.01998,-1.07803,15.80925,153.79451,901.00000,847.00000,854.00000
154.65742,-36.08239,13.87281,20.75346,-29.15672,-38.80360,-40.23093,37.71862,104.27691,1289.09675,10.97373,8.48716,6.94911,-1.17273,15.71126,133.04105,901.00000,847.00000,854.00000
154.87581,-36.14599,13.78785,21.15566,-30.11840,-37.76942,-42.57296,49.30442,115.39608,1310.25241,8.99023,10.45374,1.11064,-8.71527,7.55508,111.88538,901.00000,847.00000,854.00000
155.08780,-36.23053,13.71193,21.29109,-30.30840,-37.37351,-42.86557,51.73045,117.31244,1331.54350,8.49265,10.76532,0.03375,-10.05443,6.03244,90.59430,901.00000,847.00000,854.00000
155.29883,-36.31820,13.63815,21.27220,-30.47812,-37.28489,-42.93145,52.27723,117.33877,1352.81570,8.34439,10.78751,-0.04637,-10.15284,5.91934,69.32209,901.00000,847.00000,854.00000
155.50288,-36.41619,13.57125,21.35686,-30.40287,-35.66337,-43.38409,59.86813,124.38568,1374.17256,6.81266,11.73739,-3.86167,-14.72441,0.51008,47.96523,901.00000,847.00000,854.00000
155.68157,-36.55176,13.52721,23.08596,-28.01954,-29.54492,-41.59187,77.80216,141.71310,1397.25852,2.85814,13.22182,-12.82370,-24.72896,-12.52650,24.87927,901.00000,847.00000,854.00000
155.84187,-36.71461,13.50047,23.06722,-28.16779,-29.40962,-41.61069,78.49690,141.77218,1420.32574,2.69228,13.22930,-12.89948,-24.80847,-12.63871,1.81205,901.00000,847.00000,854.00000
-179.71788,-58.84366,73.10340,23.04123,-32.93513,-17.30376,-18.40680,85.09360,64.68077,23.04123,6.25241,72.83553,36.26823,25.18870,24.10760,23.04123,901.00000,865.00000,841.00000
-179.35388,-58.76714,73.09598,22.29767,-37.33527,-20.15550,-20.97291,87.44215,71.56522,45.33889,-3.26214,73.02315,31.85084,22.83415,21.63247,45.33889,901.00000,865.00000,841.00000
-178.98648,-58.70764,73.12024,22.13542,-38.98445,-21.09952,-21.71710,84.33413,74.09506,67.47431,-7.21894,72.76301,29.95678,21.81032,20.57305,67.47431,901.00000,865.00000,841.00000
-178.61691,-58.66543,73.17595,21.69906,-42.77190,-23.67986,-23.98863,76.34756,81.50945,89.17337,-17.27183,71.10840,24.43392,18.78551,17.48574,89.17337,901.00000,865.00000,841.00000
-178.24556,-58.63969,73.26139,21.65197,-43.88520,-24.29805,-24.41532,73.65702,83.63353,110.82534,-20.61477,70.30123,22.58772,17.76336,16.45452,110.82534,901.00000,865.00000,841.00000
-177.87401,-58.61530,73.35218,21.70759,-43.59372,-23.82231,-23.82656,74.41296,82.31213,132.53293,-19.70988,70.65453,23.35417,18.18497,16.87720,132.53293,901.00000,865.00000,841.00000
-177.50324,-58.58135,73.43106,21.93761,-42.01436,-22.36754,-22.32409,78.06372,78.09270,154.47054,-15.18729,71.84335,26.27066,19.75860,18.44952,154.47054,901.00000,865.00000,841.00000
-177.13314,-58.54011,73.50175,21.96232,-42.27618,-22.31749,-22.12887,77.47975,78.10641,176.43286,-15.93405,71.75384,26.02825,19.63009,18.32168,176.43286,901.00000,865.00000,841.00000
-176.76208,-58.52013,73.60868,21.61411,-47.08446,-25.93703,-25.32954,64.49579,90.53225,198.04696,-31.69424,66.43578,16.05089,14.24255,13.02314,198.04696,901.00000,865.00000,841.00000
-176.38979,-58.52286,73.75364,21.62551,-47.51414,-26.06381,-25.29576,63.08518,91.39644,219.67247,-33.38572,65.76468,15.07538,13.70631,12.50109,219.67247,901.00000,865.00000,841.00000
-176.01742,-58.52707,73.90345,21.62292,-47.70519,-25.97766,-25.06735,62.54109,91.39660,241.29539,-34.07780,65.57761,14.81136,13.56201,12.36144,241.29539,901.00000,865.00000,841.00000
-175.64505,-58.53127,74.05582,21.62033,-47.89420,-25.89043,-24.83793,61.99885,91.39675,262.91571,-34.76841,65.38671,14.54628,13.41819,12.22306,262.91571,901.00000,865.00000,841.00000
-175.27271,-58.53672,74.21258,21.62160,-48.26106,-25.97087,-24.76101,60.72160,92.13455,284.53731,-36.29393,64.73219,13.66065,12.94052,11.76623,284.53731,901.00000,865.00000,841.00000
-174.90047,-58.54612,74.37761,21.63792,-48.79490,-26.22392,-24.84015,58.59969,93.72142,306.17523,-38.75179,63.48486,12.04748,12.07299,10.94181,306.17523,901.00000,865.00000,841.00000
-174.52827,-58.55821,74.54896,21.63049,-48.96717,-26.12764,-24.60202,58.06719,93.72267,327.80572,-39.43077,63.26738,11.77554,11.92737,10.80428,327.80572,901.00000,865.00000,841.00000
-174.15651,-58.57648,74.73145,21.70108,-49.76760,-26.72396,-24.98897,53.90880,97.35594,349.50681,-44.02222,60.38902,8.37008,10.10445,9.09381,349.50681,901.00000,865.00000,841.00000
-173.78557,-58.60718,74.93378,21.85312,-50.33191,-27.19287,-25.25600,49.75574,100.99503,371.35992,-48.41078,57.19675,4.91300,8.24233,7.35849,371.35992,901.00000,865.00000,841.00000
-173.41504,-58.64433,75.14708,21.83636,-50.47360,-27.09008,-25.00960,49.12351,101.12067,393.19629,-49.17855,56.82036,4.52422,8.03297,7.16463,393.19629,901.00000,865.00000,841.00000
-173.04534,-58.68827,75.37140,22.04873,-50.77320,-27.43053,-25.15580,44.82320,104.92167,415.24501,-53.45983,53.13092,0.88476,6.07311,5.36130,415.24501,901.00000,865.00000,841.00000
-172.67639,-58.73880,75.60625,22.01883,-50.88251,-27.29801,-24.88117,44.31182,104.94226,437.26384,-54.09995,52.81572,0.58687,5.91273,5.21467,437.26384,901.00000,865.00000,841.00000
-172.30941,-58.79978,75.85627,22.48227,-50.75180,-27.60873,-24.99159,37.92846,110.84529,459.74611,-59.83382,46.62711,-4.93378,2.93014,2.50545,414.78158,901.00000,865.00000,841.00000
-171.94539,-58.87713,76.12894,22.82356,-50.45471,-27.56443,-24.78433,34.22315,114.08856,482.56967,-62.94748,42.81625,-8.07504,1.21762,0.96041,391.95802,901.00000,865.00000,841.00000
-171.58242,-58.96039,76.40999,22.77765,-50.50940,-27.39706,-24.47270,33.71877,114.13996,505.34733,-63.55571,42.41648,-8.39410,1.04393,0.80475,369.18036,901.00000,865.00000,841.00000
-171.22122,-59.05019,76.69967,23.18198,-49.93931,-27.22933,-24.15190,29.73824,117.67552,528.52931,-66.59837,38.04598,-11.76715,-0.79049,-0.82817,345.99838,901.00000,865.00000,841.00000
-170.86321,-59.15206,77.00469,23.57905,-49.30774,-26.96244,-23.74162,26.39790,120.58636,552.10836,-68.97526,34.23646,-14.55596,-2.31331,-2.17405,322.41933,901.00000,865.00000,841.00000
-170.50665,-59.25947,77.31651,23.52402,-49.31704,-26.76492,-23.39786,25.89915,120.66530,575.63238,-69.55117,33.77096,-14.88737,-2.49385,-2.33245,298.89531,901.00000,865.00000,841.00000
-170.15008,-59.36689,77.62806,23.46898,-49.32297,-26.56622,-23.05345,25.40264,120.74470,599.10136,-70.12263,33.30063,-15.21953,-2.67343,-2.48887,275.42633,901.00000,865.00000,841.00000
-169.79351,-59.47428,77.93927,23.41247,-49.32792,-26.36679,-22.70883,24.91709,120.81576,622.51383,-70.68456,32.83631,-15.54483,-2.84798,-2.63977,252.01386,901.00000,865.00000,841.00000
-169.43692,-59.58163,78.25008,23.35498,-49.33124,-26.16657,-22.36398,24.43968,120.88123,645.86881,-71.23866,32.37480,-15.86565,-3.01882,-2.78634,228.65888,901.00000,865.00000,841.00000
-169.08032,-59.68895,78.56045,23.29991,-49.32716,-25.96446,-22.01786,23.94958,120.96192,669.16872,-71.79664,31.89024,-16.19988,-3.19542,-2.93669,205.35897,901.00000,865.00000,841.00000
-168.72373,-59.79627,78.87039,23.24484,-49.31968,-25.76119,-21.67116,23.46151,121.04308,692.41356,-72.35000,31.40090,-16.53476,-3.37101,-3.08500,182.11413,901.00000,865.00000,841.00000
-168.36413,-59.89216,79.16643,22.29401,-50.81121,-25.79115,-21.55115,29.01952,115.07136,714.70756,-69.22743,38.40424,-11.58178,-0.82121,-0.94738,159.82013,901.00000,865.00000,841.00000
-168.00086,-59.97364,79.44533,22.05602,-51.15590,-25.63003,-21.25562,30.19135,113.47147,736.76358,-68.66863,39.95221,-10.43714,-0.24398,-0.46687,137.76411,901.00000,865.00000,841.00000
-167.63683,-60.05215,79.72079,22.01191,-51.18469,-25.45566,-20.94254,29.71229,113.52108,758.77549,-69.23952,39.51320,-10.76292,-0.40661,-0.60120,115.75220,901.00000,865.00000,841.00000
-167.27220,-60.12778,79.99294,21.78396,-51.50169,-25.28697,-20.64268,30.84427,111.95969,780.55945,-68.67906,41.01289,-9.64635,0.14513,-0.14904,93.96824,901.00000,865.00000,841.00000
-166.90679,-60.19956,80.26068,21.68367,-51.62790,-25.11580,-20.33712,30.92424,111.44854,802.24311,-68.85143,41.24630,-9.47133,0.23067,-0.07949,72.28458,901.00000,865.00000,841.00000
-166.54119,-60.27036,80.52741,21.64304,-51.66035,-24.94648,-20.03103,30.45214,111.49057,823.88615,-69.41888,40.81277,-9.79518,0.07371,-0.20606,50.64154,901.00000,865.00000,841.00000
-166.17640,-60.34498,80.79855,21.84354,-51.27348,-24.75458,-19.69631,27.83050,113.68737,845.72969,-71.45279,37.72141,-12.05402,-1.01698,-1.07790,28.79800,901.00000,865.00000,841.00000
-165.81258,-60.42434,81.07503,21.86407,-51.17161,-24.56335,-19.36877,26.83525,114.26511,867.59377,-72.34393,36.59942,-12.85336,-1.40179,-1.38271,6.93392,901.00000,865.00000,841.00000
-165.44895,-60.50466,81.35241,21.81907,-51.17952,-24.38126,-19.05106,26.36798,114.31812,889.41284,-72.88852,36.13141,-13.18319,-1.55951,-1.50651,-14.88515,901.00000,865.00000,841.00000
-165.08614,-60.58832,81.63320,22.00854,-50.71815,-24.12858,-18.66833,24.04082,116.23588,911.42138,-74.55196,33.25634,-15.17019,-2.50547,-2.24207,-36.89369,901.00000,865.00000,841.00000
173.17265,-53.72317,27.54602,23.52030,-39.82591,-34.03039,-34.09529,5.13472,144.79223,23.52030,-27.43547,2.46531,-21.90379,-9.77064,-10.57003,23.52030,901.00000,943.00000,841.00000
173.38107,-53.89349,27.69171,23.21271,-40.32458,-34.02934,-34.23396,6.06076,143.67007,46.73301,-27.53692,2.92378,-21.23534,-9.20304,-10.00017,46.73301,901.00000,943.00000,841.00000
173.59447,-54.05761,27.83423,22.74119,-41.11835,-34.14892,-34.50316,7.85544,141.66965,69.47420,-27.57303,3.80422,-19.93421,-8.11387,-8.90205,69.47420,901.00000,943.00000,841.00000
173.81131,-54.21741,27.97442,22.65693,-41.23681,-33.98702,-34.46345,7.77162,141.53868,92.13113,-27.71747,3.78284,-19.96606,-8.14022,-8.92873,92.13113,901.00000,943.00000,841.00000
174.01510,-54.39165,28.12000,24.37891,-38.04351,-32.28669,-32.77033,0.58328,149.69952,116.51004,-28.11854,-0.28626,-25.74387,-12.97088,-13.82901,116.51004,901.00000,943.00000,841.00000
174.18205,-54.59970,28.27738,26.87860,-32.91500,-29.23654,-29.69471,10.95854,159.95369,143.38864,-27.76174,-5.37549,-32.20655,-18.57559,-19.51889,143.38864,901.00000,943.00000,841.00000
174.32906,-54.82485,28.44010,26.63840,-33.63379,-29.37457,-29.99402,9.88769,158.82642,170.02704,-28.01766,-4.88366,-31.61976,-18.05880,-18.99260,170.02704,901.00000,943.00000,841.00000
174.50287,-55.02623,28.59367,23.57371,-39.11183,-32.06791,-32.98601,0.94832,147.89322,193.60075,-28.58975,0.47324,-24.73598,-12.24633,-13.03386,193.60075,901.00000,943.00000,841.00000
174.70241,-55.20492,28.73858,23.57850,-39.50154,-32.02876,-33.08243,1.53360,147.14023,217.17925,-28.72828,0.76913,-24.33015,-11.91544,-12.69280,217.17925,901.00000,943.00000,841.00000
174.90198,-55.38568,28.88413,23.90766,-38.88490,-31.48853,-32.64658,0.20178,148.70633,241.08691,-28.88395,-0.10172,-25.51503,-12.87559,-13.68636,241.08691,901.00000,943.00000,841.00000
175.09707,-55.57134,29.03103,24.15205,-38.40840,-31.00726,-32.27570,1.55271,149.89954,265.23895,-29.02037,-0.78664,-26.42930,-13.61483,-14.45430,265.23895,901.00000,943.00000,841.00000
175.28946,-55.75984,29.17841,24.21878,-38.23826,-30.67817,-32.06754,2.20624,150.40329,289.45774,-29.15678,-1.12327,-26.87279,-13.97177,-14.82661,289.45774,901.00000,943.00000,841.00000
175.47516,-55.95476,29.32749,24.95659,-36.82293,-29.68023,-31.15265,5.37792,153.43600,314.41433,-29.19840,-2.74871,-28.96358,-15.65314,-16.58764,314.41433,901.00000,943.00000,841.00000
175.65705,-56.15341,29.47731,24.66099,-37.33469,-29.70522,-31.32365,4.61226,152.54694,339.07532,-29.38185,-2.37034,-28.48460,-15.26958,-16.18412,339.07532,901.00000,943.00000,841.00000
175.81672,-56.36716,29.63062,26.98933,-32.15432,-26.53123,-28.11128,14.24865,162.08099,366.06466,-28.71909,-7.29300,-34.37227,-20.03554,-21.22057,366.06466,901.00000,943.00000,841.00000
175.94786,-56.60133,29.78918,27.52568,-31.28799,-25.74060,-27.43250,15.84343,163.64542,393.59033,-28.65753,-8.13273,-35.30078,-20.80061,-22.03351,338.53898,901.00000,943.00000,841.00000
176.07730,-56.83750,29.94786,27.32084,-31.78316,-25.74683,-27.59873,15.20232,162.98281,420.91117,-28.89986,-7.85318,-34.99445,-20.55054,-21.76623,311.21814,901.00000,943.00000,841.00000
176.21053,-57.07158,30.10540,27.18634,-32.07587,-25.63540,-27.63934,14.89105,162.64196,448.09751,-29.09435,-7.73654,-34.86602,-20.44721,-21.65514,284.03180,901.00000,943.00000,841.00000
176.35062,-57.30120,30.26106,26.60193,-33.22229,-26.02539,-28.20863,13.15673,160.86852,474.69944,-29.46674,-6.88789,-33.91975,-19.69861,-20.84584,257.42987,901.00000,943.00000,841.00000
176.51014,-57.51719,30.41213,25.14408,-36.19980,-27.46117,-29.87559,8.09446,155.73763,499.84352,-30.10914,-4.28219,-30.88345,-17.35964,-18.30563,232.28579,901.00000,943.00000,841.00000
176.68365,-57.72323,30.55960,25.11999,-36.19350,-27.19951,-29.74506,8.32277,155.85957,524.96351,-30.23776,-4.42349,-31.05295,-17.48762,-18.44522,207.16580,901.00000,943.00000,841.00000
176.85716,-57.92926,30.70638,25.09596,-36.18525,-26.93674,-29.61319,8.55119,155.98201,550.05947,-30.36503,-4.56583,-31.22295,-17.61477,-18.58464,182.06984,901.00000,943.00000,841.00000
177.03714,-58.12786,30.84958,23.90826,-37.90774,-27.64764,-30.50332,5.51044,152.82728,573.96773,-30.70702,-2.96240,-29.27769,-16.18188,-17.00642,158.16158,901.00000,943.00000,841.00000
177.25120,-58.28029,30.97320,18.95198,-45.93067,-31.43697,-34.51095,15.20993,131.93402,592.91971,-29.88824,8.12602,-13.93720,-5.37577,-5.11305,139.20960,901.00000,943.00000,841.00000
177.50099,-58.37593,31.07208,17.33807,-47.90603,-31.74265,-34.79498,26.91931,119.94982,610.25778,-27.70526,14.06742,-4.25726,1.14076,2.03587,121.87153,901.00000,943.00000,841.00000
177.75894,-58.45351,31.16254,17.30938,-47.97884,-31.62227,-34.77218,26.56116,120.00440,627.56715,-27.87357,13.93442,-4.48672,0.98913,1.86939,104.56216,901.00000,943.00000,841.00000
178.01977,-58.51970,31.24736,16.47627,-48.22796,-31.05733,-34.14521,34.44382,111.81054,644.04342,-25.76911,17.67344,2.21897,5.35763,6.67283,88.08589,901.00000,943.00000,841.00000
178.28366,-58.57352,31.32615,16.40226,-48.29606,-30.89207,-34.05739,34.82206,111.10782,660.44568,-25.71656,17.88816,2.62151,5.61598,6.95726,71.68363,901.00000,943.00000,841.00000
178.54778,-58.62637,31.40455,16.38067,-48.39493,-30.79734,-34.05685,34.46866,111.13686,676.82636,-25.89104,17.77357,2.40683,5.47902,6.80602,55.30295,901.00000,943.00000,841.00000
178.81191,-58.67922,31.48305,16.35908,-48.49242,-30.70199,-34.05547,34.11647,111.16600,693.18544,-26.06479,17.65812,2.19153,5.34236,6.65466,38.94387,901.00000,943.00000,841.00000
179.07603,-58.73207,31.56162,16.33748,-48.58853,-30.60600,-34.05325,33.76550,111.19522,709.52291,-26.23779,17.54180,1.97561,5.20600,6.50318,22.60640,901.00000,943.00000,841.00000
179.34016,-58.78492,31.64027,16.31587,-48.68324,-30.50938,-34.05021,33.41571,111.22455,725.83878,-26.41004,17.42460,1.75909,5.06996,6.35159,6.29053,901.00000,943.00000,841.00000
179.60564,-58.82929,31.71484,15.86383,-48.27841,-29.64839,-33.11291,39.63517,104.67947,741.70262,-24.42429,20.23079,7.11157,8.39066,10.05906,-9.57331,901.00000,943.00000,841.00000
179.87287,-58.86236,31.78402,15.75356,-48.08403,-29.22166,-32.71085,41.52702,102.45243,757.45617,-23.79489,21.07195,8.79256,9.41760,11.20732,-25.32686,901.00000,943.00000,841.00000
159.24796,-37.76575,19.61274,22.49780,-30.88586,-46.97411,-46.97411,49.72578,137.49566,22.49780,-12.67859,14.96372,-12.95419,4.16120,4.16120,22.49780,901.00000,841.00000,841.00000
159.42040,-37.91555,19.79795,22.52495,-30.90400,-46.91282,-46.91282,48.43196,138.06222,45.02274,-13.13612,14.81220,-13.31685,3.61015,3.61015,45.02274,901.00000,841.00000,841.00000
159.59219,-38.06611,19.98691,22.50429,-31.03768,-46.81546,-46.81546,47.66231,138.12086,67.52703,-13.46117,14.77409,-13.40562,3.47584,3.47584,67.52703,901.00000,841.00000,841.00000
159.77027,-38.20842,20.16630,21.94700,-32.29056,-46.20377,-46.20377,52.23560,132.83340,89.47403,-12.35016,15.94218,-10.54002,7.68475,7.68475,89.47403,901.00000,841.00000,841.00000
159.94319,-38.35218,20.35067,22.12545,-30.72587,-46.71357,-46.71357,43.84715,140.52812,111.59948,-14.67671,14.09766,-14.84085,1.34311,1.34311,111.59948,901.00000,841.00000,841.00000
160.08173,-38.52741,20.58356,24.10451,-26.03031,-45.36877,-45.36877,28.42804,155.37654,135.70399,-18.10151,9.79890,-22.28607,-10.73840,-10.73840,135.70399,901.00000,841.00000,841.00000
160.19466,-38.72594,20.85186,24.21311,-25.63379,-44.96097,-44.96097,26.57399,156.77234,159.91710,-18.64901,9.32814,-22.94787,-11.89551,-11.89551,159.91710,901.00000,841.00000,841.00000
160.30449,-38.92622,21.12363,24.22184,-25.68566,-44.77370,-44.77370,25.88213,157.02971,184.13894,-19.00480,9.22091,-23.09402,-12.15106,-12.15106,184.13894,901.00000,841.00000,841.00000
160.39989,-39.13305,21.40592,24.71939,-23.05551,-42.96705,-42.96705,18.99184,163.53768,208.85832,-20.24069,6.96620,-25.89438,-17.19236,-17.19236,208.85832,901.00000,841.00000,841.00000
160.47942,-39.34703,21.69926,24.80187,-22.82862,-42.56646,-42.56646,17.82432,164.39434,233.66020,-20.65769,6.64213,-26.25796,-17.87012,-17.87012,233.66020,901.00000,841.00000,841.00000
160.58684,-39.54442,21.96888,23.21055,-28.93959,-45.59610,-45.59610,32.24947,149.59315,256.87075,-18.57981,11.72274,-19.55575,-6.45792,-6.45792,256.87075,901.00000,841.00000,841.00000
160.73014,-39.72078,22.20908,23.07384,-30.12561,-45.76219,-45.76219,34.92771,146.41389,279.94459,-18.20867,12.71564,-17.96164,-3.99228,-3.99228,279.94459,901.00000,841.00000,841.00000
160.85586,-39.90828,22.46613,24.11298,-25.66861,-43.67887,-43.67887,22.00165,158.88903,304.05757,-20.82999,8.41656,-24.10649,-13.84377,-13.84377,304.05757,901.00000,841.00000,841.00000
160.95120,-40.11466,22.75036,24.59189,-24.40085,-42.67411,-42.67411,18.39396,162.16653,328.64946,-21.58803,7.17885,-25.56750,-16.36366,-16.36366,328.64946,901.00000,841.00000,841.00000
161.05286,-40.31850,23.03136,23.98266,-27.11327,-44.02403,-44.02403,24.10382,156.12656,352.63213,-21.02319,9.40581,-22.87539,-11.83311,-11.83311,352.63213,901.00000,841.00000,841.00000
161.16990,-40.51444,23.30185,23.88985,-27.69089,-44.10372,-44.10372,24.81139,155.04055,376.52198,-21.15095,9.77822,-22.39146,-11.05494,-11.05494,376.52198,901.00000,841.00000,841.00000
161.28932,-40.70916,23.57121,23.87745,-27.81259,-43.95350,-43.95350,24.36843,155.10459,400.39943,-21.47128,9.72554,-22.46006,-11.16377,-11.16377,400.39943,901.00000,841.00000,841.00000
161.42039,-40.89371,23.82727,22.79858,-30.42557,-44.83893,-44.83893,30.77747,148.29548,423.19801,-20.47146,12.19254,-19.03491,-5.94216,-5.94216,423.19801,901.00000,841.00000,841.00000
161.58026,-41.05309,24.05014,21.86490,-33.63777,-45.03910,-45.03910,41.28373,137.30942,445.06290,-18.07251,15.86800,-12.92656,2.62689,2.62689,445.06290,901.00000,841.00000,841.00000
161.75725,-41.19749,24.25419,21.84277,-33.75812,-44.93312,-44.93312,40.68393,137.37243,466.90567,-18.39237,15.81096,-13.03199,2.48615,2.48615,466.90567,901.00000,841.00000,841.00000
161.93305,-41.34309,24.46130,21.88494,-33.67634,-44.85633,-44.85633,39.23449,138.29711,488.79061,-18.94684,15.47167,-13.64476,1.67024,1.67024,488.79061,901.00000,841.00000,841.00000
162.09318,-41.50446,24.69055,23.02047,-30.93549,-44.34019,-44.34019,28.80671,148.25048,511.81108,-21.63510,11.89730,-19.33624,-6.18761,-6.18761,511.81108,901.00000,841.00000,841.00000
162.23884,-41.68042,24.93987,23.00308,-31.04738,-44.20031,-44.20031,28.32670,148.32055,534.81416,-21.95347,11.83393,-19.42636,-6.31634,-6.31634,534.81416,901.00000,841.00000,841.00000
162.38450,-41.85638,25.18986,22.98568,-31.15824,-44.05949,-44.05949,27.85441,148.39097,557.79984,-22.27130,11.76937,-19.51716,-6.44518,-6.44518,557.79984,901.00000,841.00000,841.00000
162.54331,-42.01903,25.42333,21.85175,-33.93490,-44.40801,-44.40801,36.30659,139.51171,579.65159,-20.48764,15.05330,-14.51845,0.34787,0.34787,579.65159,901.00000,841.00000,841.00000
162.71818,-42.16541,25.63678,21.65732,-34.55893,-44.25496,-44.25496,37.85949,137.48169,601.30891,-20.24070,15.73399,-13.37374,1.82963,1.82963,601.30891,901.00000,841.00000,841.00000
162.89932,-42.30388,25.84115,21.22704,-35.35076,-43.98878,-43.98878,40.41097,134.44089,622.53594,-19.67582,16.75193,-11.59100,4.07983,4.07983,622.53594,901.00000,841.00000,841.00000
163.09125,-42.42639,26.02613,20.52985,-36.66246,-43.03480,-43.03480,47.11977,127.21730,643.06580,-17.70995,19.07137,-7.12361,9.47809,9.47809,643.06580,901.00000,841.00000,841.00000
163.29062,-42.53789,26.19838,20.50664,-36.78720,-42.95355,-42.95355,46.53310,127.26661,663.57244,-18.02279,19.01405,-7.24142,9.34016,9.34016,663.57244,901.00000,841.00000,841.00000
163.48998,-42.64939,26.37218,20.48339,-36.91094,-42.87161,-42.87161,45.95318,127.31612,684.05583,-18.33515,18.95558,-7.35995,9.20213,9.20213,684.05583,901.00000,841.00000,841.00000
163.68935,-42.76089,26.54746,20.46011,-37.03369,-42.78900,-42.78900,45.37989,127.36586,704.51593,-18.64701,18.89594,-7.47921,9.06398,9.06398,704.51593,901.00000,841.00000,841.00000
163.89195,-42.86612,26.71617,20.06234,-37.60088,-41.96311,-41.96311,48.88474,123.33488,724.57827,-17.56791,20.12765,-4.94092,11.94627,11.94627,724.57827,901.00000,841.00000,841.00000
164.09809,-42.96449,26.87764,20.00972,-37.76156,-41.80847,-41.80847,48.70063,122.98468,744.58799,-17.73907,20.19241,-4.80269,12.09992,12.09992,744.58799,901.00000,841.00000,841.00000
164.30452,-43.06228,27.03992,19.98729,-37.88825,-41.73606,-41.73606,48.12953,123.02643,764.57529,-18.04776,20.13543,-4.92314,11.96690,11.96690,764.57529,901.00000,841.00000,841.00000
164.50554,-43.16987,27.21595,20.54658,-37.20874,-42.72705,-42.72705,41.12731,129.52128,785.12187,-20.50042,17.90087,-9.27664,7.07021,7.07021,785.12187,901.00000,841.00000,841.00000
164.69985,-43.28967,27.40847,20.70272,-37.06439,-42.80215,-42.80215,39.09494,131.07964,805.82458,-21.27177,17.28398,-10.37352,5.80708,5.80708,805.82458,901.00000,841.00000,841.00000
164.89286,-43.41186,27.60501,20.67902,-37.17579,-42.70524,-42.70524,38.57576,131.13691,826.50361,-21.58117,17.21307,-10.49636,5.66560,5.66560,826.50361,901.00000,841.00000,841.00000
165.08606,-43.53372,27.80218,20.63352,-37.32368,-42.58767,-42.58767,38.26651,130.99005,847.13713,-21.82857,17.21846,-10.48712,5.67618,5.67618,847.13713,901.00000,841.00000,841.00000
165.27962,-43.65502,27.99965,20.59186,-37.46437,-42.47342,-42.47342,37.92730,130.87814,867.72898,-22.08588,17.21029,-10.50102,5.66037,5.66037,867.72898,901.00000,841.00000,841.00000
165.47370,-43.77541,28.19696,20.51877,-37.64715,-42.33550,-42.33550,37.82841,130.53033,888.24775,-22.27140,17.29316,-10.36070,5.81881,5.81881,888.24775,901.00000,841.00000,841.00000
165.67344,-43.88564,28.38294,19.88397,-38.67016,-41.37158,-41.37158,43.55660,124.34426,908.13172,-20.56895,19.55786,-6.32652,10.24339,10.24339,908.13172,901.00000,841.00000,841.00000
165.87847,-43.98634,28.55853,19.86100,-38.78753,-41.29143,-41.29143,43.03623,124.38956,927.99272,-20.87407,19.49008,-6.45321,10.10818,10.10818,927.99272,901.00000,841.00000,841.00000
166.07832,-44.09602,28.74591,20.39237,-38.01360,-42.02099,-42.02099,36.58195,130.38961,948.38509,-23.08312,17.13176,-10.57383,5.63802,5.63802,948.38509,901.00000,841.00000,841.00000
166.27072,-44.21868,28.94955,20.68386,-37.61080,-42.12325,-42.12325,33.57693,132.97520,969.06896,-24.11914,16.01073,-12.36991,3.63955,3.63955,969.06896,901.00000,841.00000,841.00000
166.46082,-44.34532,29.15861,20.65998,-37.71128,-42.01606,-42.01606,33.11134,133.03695,989.72894,-24.42356,15.92841,-12.49764,3.49687,3.49687,989.72894,901.00000,841.00000,841.00000
166.65092,-44.47197,29.36831,20.63607,-37.81064,-41.90811,-41.90811,32.65100,133.09897,1010.36501,-24.72731,15.84481,-12.62610,3.35412,3.35412,1010.36501,901.00000,841.00000,841.00000
166.84881,-44.58502,29.56287,19.68431,-39.42523,-40.79882,-40.79882,41.08764,124.24650,1030.04932,-22.28169,19.42909,-6.73758,9.65928,9.65928,1030.04932,901.00000,841.00000,841.00000
167.05447,-44.68442,29.74246,19.65937,-39.54034,-40.71162,-40.71162,40.62310,124.26657,1049.70869,-22.57479,19.36473,-6.85089,9.54232,9.54232,1049.70869,901.00000,841.00000,841.00000
167.26015,-44.78378,29.92295,19.63629,-39.65141,-40.62813,-40.62813,40.13775,124.31248,1069.34498,-22.87600,19.28916,-6.98257,9.40707,9.40707,1069.34498,901.00000,841.00000,841.00000
167.46512,-44.88449,30.10590,19.69250,-39.64409,-40.68550,-40.68550,38.75214,125.26587,1089.03748,-23.47842,18.84487,-7.74258,8.62771,8.62771,1089.03748,901.00000,841.00000,841.00000
167.66659,-44.99188,30.29732,20.02899,-39.20018,-41.03837,-41.03837,34.80171,128.80087,1109.06648,-24.87811,17.29183,-10.27484,6.00289,6.00289,1069.00849,901.00000,841.00000,841.00000
167.86528,-45.10457,30.49551,20.00501,-39.30029,-40.94028,-40.94028,34.34852,128.85612,1129.07149,-25.17772,17.20634,-10.40893,5.86288,5.86288,1049.00347,901.00000,841.00000,841.00000
168.06397,-45.21727,30.69431,19.98100,-39.39929,-40.84151,-40.84151,33.89998,128.91161,1149.05249,-25.47667,17.11959,-10.54370,5.72282,5.72282,1029.02247,901.00000,841.00000,841.00000
168.25563,-45.34058,30.90520,20.73809,-37.90505,-41.11592,-41.11592,26.47787,135.96506,1169.79058,-27.66345,13.77915,-15.40338,0.57031,0.57031,1008.28439,901.00000,841.00000,841.00000
168.43872,-45.47687,31.13049,20.92949,-37.57698,-40.99054,-40.99054,24.59933,137.51345,1190.72007,-28.30511,12.95869,-16.50990,-0.63333,-0.63333,987.35490,901.00000,841.00000,841.00000
168.62024,-45.61553,31.35852,20.90592,-37.65904,-40.86268,-40.86268,24.20963,137.58401,1211.62599,-28.60057,12.85939,-16.64119,-0.77618,-0.77618,966.44898,901.00000,841.00000,841.00000
168.80221,-45.75359,31.58608,20.83119,-37.85165,-40.73942,-40.73942,24.20801,137.26963,1232.45718,-28.80849,12.95189,-16.51953,-0.64470,-0.64470,945.61778,901.00000,841.00000,841.00000
168.98620,-45.88893,31.81096,20.63127,-38.32508,-40.61887,-40.61887,25.21344,135.94651,1253.08845,-28.78024,13.55120,-15.72679,0.20196,0.20196,924.98651,901.00000,841.00000,841.00000
169.17177,-46.02212,32.03381,20.60728,-38.40605,-40.49443,-40.49443,24.82455,136.01548,1273.69574,-29.07381,13.44911,-15.86218,0.05882,0.05882,904.37923,901.00000,841.00000,841.00000
169.35735,-46.15532,32.25682,20.58327,-38.48581,-40.36920,-40.36920,24.43948,136.08477,1294.27900,-29.36657,13.34567,-15.99828,-0.08430,-0.08430,883.79596,901.00000,841.00000,841.00000
169.54292,-46.28852,32.47996,20.55923,-38.56435,-40.24319,-40.24319,24.05812,136.15437,1314.83824,-29.65850,13.24088,-16.13508,-0.22742,-0.22742,863.23673,901.00000,841.00000,841.00000
169.72504,-46.42600,32.70745,20.88232,-37.78266,-40.04677,-40.04677,20.82842,139.08484,1335.72056,-30.57000,11.62981,-18.17735,-2.37521,-2.37521,842.35441,901.00000,841.00000,841.00000
169.89934,-46.57321,32.94452,21.37324,-36.67682,-39.68227,-39.68227,17.00807,142.63409,1357.09380,-31.50364,9.63648,-20.56847,-4.93566,-4.93566,820.98117,901.00000,841.00000,841.00000
170.06927,-46.72585,33.18679,21.35101,-36.74379,-39.53306,-39.53306,16.67939,142.71226,1378.44481,-31.79049,9.52514,-20.69762,-5.07502,-5.07502,799.63016,901.00000,841.00000,841.00000
170.23921,-46.87849,33.42889,21.32877,-36.80950,-39.38298,-39.38298,16.35365,142.79078,1399.77358,-32.07642,9.41242,-20.82744,-5.21430,-5.21430,778.30139,901.00000,841.00000,841.00000
170.40915,-47.03113,33.67079,21.30651,-36.87395,-39.23206,-39.23206,16.03078,142.86967,1421.08008,-32.36145,9.29831,-20.95793,-5.35352,-5.35352,756.99488,901.00000,841.00000,841.00000
170.57953,-47.18327,33.91201,21.23638,-37.05677,-39.11115,-39.11115,16.03674,142.62181,1442.31647,-32.59232,9.36832,-20.87824,-5.26907,-5.26907,735.75850,901.00000,841.00000,841.00000
170.75058,-47.33467,34.15232,21.19125,-37.17611,-38.97425,-38.97425,15.87277,142.54480,1463.50772,-32.85014,9.34073,-20.90953,-5.30199,-5.30199,714.56725,901.00000,841.00000,841.00000
170.92183,-47.48583,34.39219,21.16875,-37.23720,-38.82232,-38.82232,15.55446,142.62435,1484.67647,-33.13261,9.22241,-21.04297,-5.44149,-5.44149,693.39850,901.00000,841.00000,841.00000
171.08735,-47.64267,34.63679,21.67805,-35.79854,-38.20772,-38.20772,11.41510,146.54027,1506.35451,-33.95164,6.85517,-23.62028,-8.15987,-8.15987,671.72045,901.00000,841.00000,841.00000
171.24211,-47.81019,34.89038,22.20323,-34.47673,-37.51906,-37.51906,7.94794,149.81821,1528.55775,-34.55522,4.82441,-25.70350,-10.40481,-10.40481,649.51722,901.00000,841.00000,841.00000
171.39184,-47.98270,35.14786,22.18453,-34.53104,-37.34323,-37.34323,7.69599,149.90135,1550.74227,-34.83127,4.70689,-25.82037,-10.53159,-10.53159,627.33269,901.00000,841.00000,841.00000
171.54468,-48.15207,35.40213,21.80537,-35.45567,-37.51259,-37.51259,9.41255,148.01149,1572.54765,-34.92549,5.78974,-24.73398,-9.36965,-9.36965,605.52732,901.00000,841.00000,841.00000
171.70958,-48.30928,35.64545,20.90005,-37.90527,-38.13095,-38.13095,15.11824,142.10475,1593.44770,-34.41175,9.29676,-21.02358,-5.54410,-5.54410,584.62727,901.00000,841.00000,841.00000
171.88341,-48.45748,35.88066,20.87708,-37.95970,-37.97692,-37.97692,14.80671,142.18577,1614.32478,-34.68918,9.16962,-21.16316,-5.68413,-5.68413,563.75019,901.00000,841.00000,841.00000
172.05724,-48.60567,36.11557,20.85410,-38.01281,-37.82205,-37.82205,14.49746,142.26716,1635.17888,-34.96561,9.04107,-21.30338,-5.82402,-5.82402,542.89609,901.00000,841.00000,841.00000
172.21434,-48.76715,36.36024,21.98992,-33.85832,-36.09449,-36.09449,4.41054,152.16016,1657.16879,-36.25257,2.79619,-27.60578,-12.30643,-12.30643,520.90617,901.00000,841.00000,841.00000
172.33707,-48.95595,36.62507,23.82240,-29.15218,-33.51617,-33.51617,4.78597,161.25380,1680.99119,-36.49737,-3.05577,-32.67457,-17.90716,-17.90716,497.08378,901.00000,841.00000,841.00000
172.44213,-49.15877,36.89985,23.81236,-29.21502,-33.31507,-33.31507,4.90021,161.32509,1704.80355,-36.76498,-3.15201,-32.75124,-17.99495,-17.99495,473.27142,901.00000,841.00000,841.00000
172.54720,-49.36160,37.17395,23.80232,-29.27688,-33.11319,-33.11319,5.01449,161.39665,1728.60587,-37.03168,-3.24929,-32.82835,-18.08251,-18.08251,449.46910,901.00000,841.00000,841.00000
172.62833,-49.56938,37.44519,24.01134,-24.03688,-29.78961,-29.78961,13.77762,170.14911,1752.61721,-36.36780,-8.91773,-36.94564,-22.94045,-22.94045,425.45776,901.00000,841.00000,841.00000
172.64892,-49.78968,37.71049,25.36308,-15.62520,-23.96148,-23.96148,26.12481,-177.39895,1777.98028,-33.85787,-16.60499,-41.28727,-28.82545,-28.82545,400.09468,901.00000,841.00000,841.00000
172.63002,-50.01691,37.97079,25.24674,-15.12827,-23.33823,-23.33823,26.83276,-176.48242,1803.22703,-33.88239,-17.13955,-41.52996,-29.19871,-29.19871,374.84794,901.00000,841.00000,841.00000
172.57889,-50.23709,38.21253,24.44602,-7.83328,-17.74746,-17.74746,36.61650,-166.45798,1827.67304,-30.67112,-22.79209,-43.54063,-32.79583,-32.79583,350.40192,901.00000,841.00000,841.00000
172.49822,-50.45079,38.43775,24.43998,-8.07598,-17.65622,-17.65622,36.24716,-166.51677,1852.11303,-30.99905,-22.72708,-43.52386,-32.75851,-32.75851,325.96194,901.00000,841.00000,841.00000
172.43125,-50.66858,38.67262,24.95488,-11.93262,-20.23980,-20.23980,31.09285,-171.37659,1877.06791,-33.11658,-19.97156,-42.66397,-31.12970,-31.12970,301.00706,901.00000,841.00000,841.00000
172.38000,-50.89104,38.91817,25.04121,-12.64264,-20.47995,-20.47995,30.13023,-172.08348,1902.10912,-33.65981,-19.53564,-42.50355,-30.86387,-30.86387,275.96585,901.00000,841.00000,841.00000
172.35938,-51.11306,39.17259,24.58126,-19.48624,-25.02866,-25.02866,20.66788,178.67004,1926.69038,-36.65152,-13.82598,-39.89449,-27.16859,-27.16859,251.38459,901.00000,841.00000,841.00000
172.39590,-51.33307,39.44138,24.76542,-25.72679,-28.86460,-28.86460,11.41496,169.52329,1951.45580,-38.66121,-7.80597,-36.28044,-22.86060,-22.86060,226.61916,901.00000,841.00000,841.00000
172.46087,-51.55205,39.71680,24.76150,-25.81519,-28.66054,-28.66054,11.43432,169.57249,1976.21730,-38.92852,-7.87364,-36.32539,-22.91077,-22.91077,201.85767,901.00000,841.00000,841.00000
172.52584,-51.77104,39.99159,24.75757,-25.90290,-28.45586,-28.45586,11.45461,169.62186,2000.97487,-39.19505,-7.94199,-36.37064,-22.96075,-22.96075,177.10009,901.00000,841.00000,841.00000
172.59143,-51.98984,40.26568,24.72630,-26.12330,-28.33491,-28.33491,11.26629,169.46112,2025.70117,-39.48975,-7.86667,-36.32084,-22.90638,-22.90638,152.37380,901.00000,841.00000,841.00000
172.66095,-52.20739,40.53880,24.57993,-26.92261,-28.57790,-28.57790,10.16177,168.37774,2050.28110,-39.90289,-7.15218,-35.84346,-22.39420,-22.39420,127.79386,901.00000,841.00000,841.00000
172.73380,-52.42389,40.81097,24.57505,-27.00090,-28.36908,-28.36908,10.20586,168.43313,2074.85615,-40.16524,-7.23111,-35.89662,-22.45034,-22.45034,103.21881,901.00000,841.00000,841.00000
172.80665,-52.64039,41.08246,24.57018,-27.07845,-28.15962,-28.15962,10.25062,168.48871,2099.42634,-40.42673,-7.31080,-35.95009,-22.50624,-22.50624,78.64863,901.00000,841.00000,841.00000
172.87950,-52.85688,41.35327,24.56532,-27.15523,-27.94953,-27.94953,10.29605,168.54447,2123.99165,-40.68737,-7.39125,-36.00389,-22.56189,-22.56189,54.08331,901.00000,841.00000,841.00000
172.94724,-53.07475,41.62356,24.73403,-26.15889,-27.06058,-27.06058,12.02279,170.28678,2148.72568,-40.71054,-8.67022,-36.84158,-23.42626,-23.42626,29.34928,901.00000,841.00000,841.00000
173.00109,-53.29633,41.89363,25.08062,-24.39117,-25.65960,-25.65960,14.86359,173.16616,2173.80630,-40.49184,-10.74650,-38.13411,-24.77433,-24.77433,4.26867,901.00000,841.00000,841.00000
173.04611,-53.52028,42.16340,25.07875,-24.49342,-25.45847,-25.45847,14.83787,173.20185,2198.88505,-40.75743,-10.79740,-38.16474,-24.80635,-24.80635,-20.81008,901.00000,841.00000,841.00000
156.59007,-36.43069,18.81011,21.45709,-30.71030,-37.43738,-37.43738,78.92537,104.37215,21.45709,3.61319,18.45982,6.26287,30.59899,30.59899,21.45709,901.00000,872.00000,841.00000
156.81728,-36.49670,18.78621,21.95462,-31.51099,-42.54046,-42.54046,89.12847,115.35409,43.41171,-0.28575,18.78404,0.20608,22.81338,22.81338,43.41171,901.00000,872.00000,841.00000
157.03817,-36.58399,18.79715,22.03477,-31.67280,-43.18835,-43.18835,86.34965,117.15691,65.44648,-1.19677,18.75901,-0.86088,21.36568,21.36568,65.44648,901.00000,872.00000,841.00000
157.25746,-36.67527,18.81875,22.05446,-31.83106,-43.37554,-43.37554,84.72852,117.80385,87.50095,-1.72897,18.73915,-1.29198,20.77805,20.77805,87.50095,901.00000,872.00000,841.00000
157.47941,-36.75943,18.83478,21.75309,-32.00000,-41.41043,-41.41043,88.63390,112.93033,109.25403,-0.44903,18.82942,1.35146,24.28920,24.28920,109.25403,901.00000,872.00000,841.00000
157.70154,-36.84190,18.85326,21.87606,-32.18411,-42.95857,-42.95857,83.65722,116.93946,131.13009,-2.08284,18.73786,-0.97052,21.23697,21.23697,131.13009,901.00000,872.00000,841.00000
157.91524,-36.94359,18.90498,22.45438,-31.92784,-45.33902,-45.33902,75.04096,124.59379,153.58447,-4.87991,18.26430,-5.33311,15.22832,15.22832,108.67571,901.00000,872.00000,841.00000
158.11975,-37.06380,18.98918,22.66723,-31.68592,-46.13458,-46.13458,70.47165,128.21814,176.25170,-6.34757,17.89685,-7.41528,12.23421,12.23421,86.00848,901.00000,872.00000,841.00000
158.31635,-37.19648,19.09720,23.03363,-31.22397,-46.81129,-46.81129,65.40714,132.36024,199.28533,-7.94763,17.36486,-9.75676,8.77469,8.77469,62.97486,901.00000,872.00000,841.00000
158.51024,-37.33338,19.21608,22.84603,-31.61967,-46.48858,-46.48858,65.95160,130.91291,222.13136,-7.83071,17.54815,-9.02675,9.85847,9.85847,40.12882,901.00000,872.00000,841.00000
158.71313,-37.45581,19.31693,22.25875,-32.67881,-44.77011,-44.77011,72.40775,123.55155,244.39011,-5.83837,18.41350,-4.95715,15.63415,15.63415,17.87007,901.00000,872.00000,841.00000
158.92344,-37.56626,19.40370,22.23586,-32.83555,-44.71132,-44.71132,71.45360,123.59074,266.62597,-6.17178,18.39599,-5.05268,15.50367,15.50367,-4.36579,901.00000,872.00000,841.00000
141.29413,-30.24126,20.36641,20.54764,27.84616,-15.37052,-15.37052,0.69413,-47.83587,20.54764,20.36492,0.24673,6.57486,19.76120,19.76120,20.54764,780.00000,678.00000,678.00000
141.13570,-30.11710,20.54923,20.56137,27.78348,-15.53844,-15.53844,0.58826,-47.85621,41.10901,20.54815,0.21098,6.52624,19.78821,19.78821,41.10901,780.00000,678.00000,678.00000
141.01329,-29.96411,20.72792,21.86090,22.23567,-22.71672,-22.71672,25.83469,-22.41026,62.96992,18.65627,9.03273,17.78371,11.18022,11.18022,62.96992,780.00000,678.00000,678.00000
140.92686,-29.78233,20.90278,21.86669,22.18101,-22.91606,-22.91606,25.52341,-22.44694,84.83661,18.86286,9.00659,17.75276,11.21202,11.21202,84.83661,780.00000,678.00000,678.00000
140.84042,-29.60055,21.07794,21.87246,22.12589,-23.11523,-23.11523,25.21730,-22.48339,106.70907,19.06918,8.98031,17.72207,11.24391,11.24391,106.70907,780.00000,678.00000,678.00000
140.75399,-29.41877,21.25337,21.87820,22.07029,-23.31423,-23.31423,24.91624,-22.51962,128.58727,19.27521,8.95390,17.69163,11.27589,11.27589,128.58727,780.00000,678.00000,678.00000
140.66755,-29.23699,21.42908,21.88392,22.01423,-23.51306,-23.51306,24.62013,-22.55563,150.47119,19.48096,8.92736,17.66144,11.30795,11.30795,150.47119,780.00000,678.00000,678.00000
140.58112,-29.05521,21.60503,21.88962,21.95771,-23.71171,-23.71171,24.32886,-22.59142,172.36081,19.68642,8.90070,17.63151,11.34010,11.34010,172.36081,780.00000,678.00000,678.00000
140.49468,-28.87343,21.78122,21.89529,21.90073,-23.91018,-23.91018,24.04233,-22.62698,194.25610,19.89159,8.87392,17.60183,11.37232,11.37232,194.25610,780.00000,678.00000,678.00000
140.40825,-28.69165,21.95763,21.90094,21.84328,-24.10848,-24.10848,23.76043,-22.66232,216.15704,20.09646,8.84702,17.57241,11.40462,11.40462,216.15704,780.00000,678.00000,678.00000
140.32181,-28.50987,22.13425,21.90656,21.78536,-24.30660,-24.30660,23.48308,-22.69743,238.06360,20.30104,8.82002,17.54324,11.43699,11.43699,238.06360,780.00000,678.00000,678.00000
140.23705,-28.32776,22.31024,21.85410,21.46038,-24.67452,-24.67452,24.07149,-21.86784,259.91769,20.37008,9.09982,17.84075,11.10002,11.10002,259.91769,780.00000,678.00000,678.00000
140.20205,-28.13612,22.46232,22.37134,11.78553,-27.25787,-27.25787,48.88551,3.27493,282.28903,14.77045,16.92305,25.24288,-0.46172,-0.46172,282.28903,780.00000,678.00000,678.00000
140.21508,-27.93525,22.59181,22.37147,11.69635,-27.47479,-27.47479,48.52279,3.28101,304.66050,14.96305,16.92622,25.24539,-0.46756,-0.46756,304.66050,780.00000,678.00000,678.00000
140.22810,-27.73439,22.72210,22.37161,11.60707,-27.69137,-27.69137,48.16455,3.28705,327.03211,15.15550,16.92941,25.24785,-0.47340,-0.47340,327.03211,780.00000,678.00000,678.00000
140.24112,-27.53353,22.85318,22.37174,11.51768,-27.90760,-27.90760,47.81075,3.29305,349.40385,15.34778,16.93262,25.25028,-0.47925,-0.47925,349.40385,780.00000,678.00000,678.00000
140.25414,-27.33267,22.98502,22.37188,11.42817,-28.12350,-28.12350,47.46132,3.29901,371.77573,15.53989,16.93585,25.25269,-0.48511,-0.48511,371.77573,780.00000,678.00000,678.00000
140.26716,-27.13180,23.11761,22.37201,11.33857,-28.33905,-28.33905,47.11623,3.30493,394.14774,15.73184,16.93910,25.25505,-0.49097,-0.49097,394.14774,780.00000,678.00000,678.00000
140.28018,-26.93094,23.25091,22.37214,11.24886,-28.55425,-28.55425,46.77542,3.31081,416.51988,15.92362,16.94236,25.25738,-0.49684,-0.49684,416.51988,780.00000,678.00000,678.00000
140.29320,-26.73008,23.38493,22.37228,11.15904,-28.76910,-28.76910,46.43884,3.31665,438.89216,16.11522,16.94564,25.25968,-0.50271,-0.50271,438.89216,780.00000,678.00000,678.00000
140.30623,-26.52922,23.51964,22.37241,11.06912,-28.98360,-28.98360,46.10644,3.32244,461.26456,16.30665,16.94894,25.26194,-0.50858,-0.50858,461.26456,780.00000,678.00000,678.00000
140.31925,-26.32836,23.65502,22.37254,10.97910,-29.19774,-29.19774,45.77818,3.32820,483.63710,16.49791,16.95225,25.26416,-0.51446,-0.51446,483.63710,780.00000,678.00000,678.00000
140.32587,-26.12744,23.79480,22.34715,12.31363,-29.39331,-29.39331,42.19109,0.06119,505.98425,17.62979,15.98072,24.60108,1.15348,1.15348,505.98425,780.00000,678.00000,678.00000
140.32121,-25.92642,23.94179,22.37693,13.29404,-29.52791,-29.52791,39.37675,-2.44887,528.36118,18.50679,15.18908,24.04009,2.44426,2.44426,528.36118,780.00000,678.00000,678.00000
140.31166,-25.72537,24.09213,22.37700,13.21214,-29.74075,-29.74075,39.07566,-2.45301,550.73819,18.70306,15.18638,24.03817,2.44856,2.44856,550.73819,780.00000,678.00000,678.00000
140.30211,-25.52431,24.24293,22.37707,13.13006,-29.95323,-29.95323,38.77866,-2.45712,573.11526,18.89909,15.18367,24.03627,2.45286,2.45286,573.11526,780.00000,678.00000,678.00000
140.29255,-25.32325,24.39417,22.37714,13.04779,-30.16535,-30.16535,38.48568,-2.46120,595.49240,19.09487,15.18095,24.03440,2.45716,2.45716,595.49240,780.00000,678.00000,678.00000
140.28300,-25.12219,24.54583,22.37721,12.96532,-30.37709,-30.37709,38.19667,-2.46525,617.86961,19.29039,15.17823,24.03255,2.46146,2.46146,617.86961,780.00000,678.00000,678.00000
140.27345,-24.92114,24.69791,22.37728,12.88268,-30.58846,-30.58846,37.91156,-2.46927,640.24689,19.48567,15.17549,24.03073,2.46576,2.46576,640.24689,780.00000,678.00000,678.00000
140.26389,-24.72008,24.85039,22.37734,12.79985,-30.79946,-30.79946,37.63030,-2.47325,662.62423,19.68068,15.17275,24.02893,2.47005,2.47005,662.62423,780.00000,678.00000,678.00000
140.25434,-24.51902,25.00325,22.37741,12.71683,-31.01008,-31.01008,37.35283,-2.47721,685.00164,19.87544,15.17001,24.02716,2.47434,2.47434,685.00164,780.00000,678.00000,678.00000
140.24479,-24.31797,25.15647,22.37748,12.63363,-31.22032,-31.22032,37.07909,-2.48114,707.37912,20.06994,15.16726,24.02542,2.47862,2.47862,707.37912,780.00000,678.00000,678.00000
140.23524,-24.11691,25.31005,22.37754,12.55025,-31.43017,-31.43017,36.80901,-2.48503,729.75666,20.26417,15.16451,24.02369,2.48290,2.48290,729.75666,780.00000,678.00000,678.00000
140.22568,-23.91585,25.46397,22.37761,12.46669,-31.63964,-31.63964,36.54254,-2.48890,752.13427,20.45814,15.16174,24.02200,2.48718,2.48718,752.13427,780.00000,678.00000,678.00000
140.21475,-23.71489,25.61890,22.37136,12.68529,-31.81471,-31.81471,35.55832,-3.21627,774.50564,20.84159,14.89819,23.86149,2.89211,2.89211,774.50564,780.00000,678.00000,678.00000
140.20008,-23.51417,25.77598,22.36902,13.11180,-31.95358,-31.95358,34.07428,-4.45180,796.87466,21.35055,14.44144,23.58222,3.58244,3.58244,796.87466,780.00000,678.00000,678.00000
140.18306,-23.31360,25.93448,22.36922,13.03009,-32.16129,-32.16129,33.82435,-4.45849,819.24388,21.54501,14.43639,23.57915,3.58999,3.58999,819.24388,780.00000,678.00000,678.00000
140.16605,-23.11304,26.09321,22.36943,12.94818,-32.36860,-32.36860,33.57780,-4.46513,841.61330,21.73918,14.43134,23.57612,3.59752,3.59752,841.61330,780.00000,678.00000,678.00000
140.14903,-22.91248,26.25218,22.36963,12.86605,-32.57553,-32.57553,33.33457,-4.47171,863.98293,21.93306,14.42628,23.57313,3.60503,3.60503,863.98293,780.00000,678.00000,678.00000
140.13201,-22.71191,26.41136,22.36983,12.78373,-32.78206,-32.78206,33.09464,-4.47824,886.35276,22.12664,14.42122,23.57018,3.61253,3.61253,886.35276,780.00000,678.00000,678.00000
140.11500,-22.51135,26.57075,22.37003,12.70119,-32.98820,-32.98820,32.85793,-4.48472,908.72278,22.31992,14.41616,23.56728,3.62002,3.62002,863.98273,780.00000,678.00000,678.00000
140.09798,-22.31079,26.73032,22.37022,12.61846,-33.19393,-33.19393,32.62440,-4.49114,931.09301,22.51289,14.41110,23.56442,3.62749,3.62749,841.61251,780.00000,678.00000,678.00000
140.08097,-22.11022,26.89009,22.37042,12.53553,-33.39927,-33.39927,32.39398,-4.49750,953.46343,22.70557,14.40605,23.56161,3.63494,3.63494,819.24209,780.00000,678.00000,678.00000
140.06395,-21.90966,27.05002,22.37061,12.45238,-33.60420,-33.60420,32.16664,-4.50381,975.83404,22.89793,14.40098,23.55884,3.64238,3.64238,796.87147,780.00000,678.00000,678.00000
140.04693,-21.70910,27.21011,22.37081,12.36904,-33.80872,-33.80872,31.94232,-4.51007,998.20485,23.08999,14.39593,23.55611,3.64980,3.64980,774.50067,780.00000,678.00000,678.00000
140.02992,-21.50853,27.37035,22.37100,12.28551,-34.01283,-34.01283,31.72098,-4.51627,1020.57585,23.28173,14.39087,23.55342,3.65719,3.65719,752.12967,780.00000,678.00000,678.00000
140.01290,-21.30797,27.53072,22.37119,12.20178,-34.21654,-34.21654,31.50257,-4.52241,1042.94704,23.47316,14.38582,23.55077,3.66456,3.66456,729.75848,780.00000,678.00000,678.00000
139.99589,-21.10741,27.69123,22.37138,12.11784,-34.41982,-34.41982,31.28703,-4.52850,1065.31842,23.66427,14.38077,23.54817,3.67192,3.67192,707.38710,780.00000,678.00000,678.00000
139.97887,-20.90684,27.85185,22.37157,12.03371,-34.62268,-34.62268,31.07433,-4.53454,1087.68998,23.85507,14.37572,23.54560,3.67924,3.67924,685.01553,780.00000,678.00000,678.00000
139.96186,-20.70628,28.01258,22.37175,11.94939,-34.82514,-34.82514,30.86442,-4.54052,1110.06173,24.04554,14.37069,23.54308,3.68655,3.68655,662.64378,780.00000,678.00000,678.00000
139.94484,-20.50572,28.17340,22.37194,11.86487,-35.02716,-35.02716,30.65726,-4.54644,1132.43367,24.23568,14.36565,23.54060,3.69382,3.69382,640.27185,780.00000,678.00000,678.00000
139.92782,-20.30515,28.33431,22.37212,11.78016,-35.22877,-35.22877,30.45279,-4.55231,1154.80579,24.42551,14.36063,23.53816,3.70107,3.70107,617.89973,780.00000,678.00000,678.00000
139.91081,-20.10459,28.49530,22.37230,11.69525,-35.42994,-35.42994,30.25100,-4.55812,1177.17809,24.61500,14.35562,23.53576,3.70830,3.70830,595.52742,780.00000,678.00000,678.00000
139.89148,-19.90443,28.65718,22.32579,12.12404,-35.54035,-35.54035,28.79772,-5.82172,1199.50388,25.11303,13.80470,23.27187,4.49455,4.49455,573.20164,780.00000,678.00000,678.00000
139.85432,-19.70743,28.82548,22.29449,15.34474,-34.68351,-34.68351,20.13601,-14.32336,1221.79837,27.06362,9.92317,21.22843,9.71865,9.71865,550.90715,780.00000,678.00000,678.00000
139.80166,-19.51315,28.99924,22.29614,15.26754,-34.87763,-34.87763,19.97604,-14.33986,1244.09451,27.25451,9.90693,21.21927,9.73945,9.73945,528.61101,780.00000,678.00000,678.00000
139.74900,-19.31888,29.17287,22.29777,15.19002,-35.07139,-35.07139,19.81831,-14.35621,1266.39228,27.44504,9.89073,21.21025,9.76017,9.76017,506.31323,780.00000,678.00000,678.00000
139.69635,-19.12460,29.34638,22.29940,15.11218,-35.26477,-35.26477,19.66278,-14.37240,1288.69168,27.63517,9.87458,21.20137,9.78079,9.78079,484.01384,780.00000,678.00000,678.00000
139.64369,-18.93033,29.51973,22.30100,15.03403,-35.45778,-35.45778,19.50943,-14.38842,1310.99268,27.82490,9.85847,21.19262,9.80133,9.80133,461.71283,780.00000,678.00000,678.00000
139.59103,-18.73605,29.69295,22.30259,14.95555,-35.65042,-35.65042,19.35822,-14.40428,1333.29528,28.01424,9.84242,21.18399,9.82178,9.82178,439.41024,780.00000,678.00000,678.00000
139.53838,-18.54178,29.86601,22.30417,14.87676,-35.84268,-35.84268,19.20910,-14.41999,1355.59945,28.20319,9.82642,21.17550,9.84213,9.84213,417.10607,780.00000,678.00000,678.00000
139.48572,-18.34751,30.03891,22.30574,14.79765,-36.03456,-36.03456,19.06205,-14.43553,1377.90518,28.39174,9.81047,21.16714,9.86238,9.86238,394.80033,780.00000,678.00000,678.00000
139.43306,-18.15323,30.21164,22.30729,14.71823,-36.22605,-36.22605,18.91704,-14.45091,1400.21247,28.57988,9.79458,21.15891,9.88253,9.88253,372.49304,780.00000,678.00000,678.00000
139.38041,-17.95896,30.38421,22.30882,14.63849,-36.41716,-36.41716,18.77404,-14.46613,1422.52129,28.76762,9.77876,21.15080,9.90258,9.90258,350.18422,780.00000,678.00000,678.00000
139.32775,-17.76468,30.55660,22.31034,14.55845,-36.60788,-36.60788,18.63301,-14.48119,1444.83164,28.95496,9.76300,21.14283,9.92252,9.92252,327.87388,780.00000,678.00000,678.00000
139.27510,-17.57041,30.72881,22.31185,14.47809,-36.79822,-36.79822,18.49391,-14.49609,1467.14349,29.14189,9.74730,21.13498,9.94235,9.94235,305.56203,780.00000,678.00000,678.00000
139.22244,-17.37613,30.90083,22.31334,14.39742,-36.98816,-36.98816,18.35672,-14.51082,1489.45683,29.32841,9.73167,21.12727,9.96208,9.96208,283.24869,780.00000,678.00000,678.00000
139.16978,-17.18186,31.07265,22.31482,14.31645,-37.17771,-37.17771,18.22142,-14.52539,1511.77165,29.51452,9.71611,21.11967,9.98169,9.98169,260.93387,780.00000,678.00000,678.00000
139.11713,-16.98758,31.24428,22.31628,14.23516,-37.36687,-37.36687,18.08797,-14.53980,1534.08793,29.70021,9.70062,21.11221,10.00118,10.00118,238.61759,780.00000,678.00000,678.00000
139.06447,-16.79331,31.41569,22.31773,14.15357,-37.55562,-37.55562,17.95634,-14.55405,1556.40566,29.88549,9.68521,21.10487,10.02056,10.02056,216.29986,780.00000,678.00000,678.00000
139.01137,-16.59919,31.58698,22.30928,14.16602,-37.69860,-37.69860,17.57067,-14.82470,1578.71494,30.11330,9.53554,21.03422,10.20829,10.20829,193.99058,780.00000,678.00000,678.00000
138.94374,-16.41024,31.76081,22.23404,16.95661,-36.02608,-36.02608,9.21182,-23.09334,1600.94897,31.35120,5.08442,18.78042,15.54725,15.54725,171.75654,780.00000,678.00000,678.00000
138.86202,-16.22629,31.93702,22.23725,16.87777,-36.20644,-36.20644,9.11828,-23.11264,1623.18623,31.53345,5.06116,18.76790,15.57397,15.57397,149.51929,780.00000,678.00000,678.00000
138.78030,-16.04234,32.11293,22.24043,16.79856,-36.38649,-36.38649,9.02612,-23.13173,1645.42666,31.71527,5.03803,18.75558,15.60052,15.60052,127.27885,780.00000,678.00000,678.00000
138.69858,-15.85840,32.28852,22.24358,16.71895,-36.56624,-36.56624,8.93529,-23.15059,1667.67024,31.89668,5.01502,18.74346,15.62692,15.62692,105.03527,780.00000,678.00000,678.00000
138.61686,-15.67445,32.46379,22.24670,16.63898,-36.74567,-36.74567,8.84579,-23.16924,1689.91694,32.07766,4.99214,18.73153,15.65314,15.65314,82.78857,780.00000,678.00000,678.00000
138.53514,-15.49050,32.63875,22.24978,16.55862,-36.92479,-36.92479,8.75759,-23.18767,1712.16673,32.25823,4.96939,18.71980,15.67918,15.67918,60.53879,780.00000,678.00000,678.00000
138.45342,-15.30655,32.81338,22.25283,16.47789,-37.10360,-37.10360,8.67070,-23.20588,1734.41956,32.43836,4.94679,18.70825,15.70503,15.70503,38.28596,780.00000,678.00000,678.00000
138.37170,-15.12260,32.98769,22.25585,16.39678,-37.28209,-37.28209,8.58508,-23.22387,1756.67541,32.61807,4.92433,18.69690,15.73072,15.73072,16.03011,780.00000,678.00000,678.00000
138.28998,-14.93865,33.16166,22.25883,16.31529,-37.46027,-37.46027,8.50072,-23.24164,1778.93424,32.79735,4.90202,18.68574,15.75622,15.75622,-6.22873,780.00000,678.00000,678.00000
138.20825,-14.75471,33.33530,22.26178,16.23343,-37.63813,-37.63813,8.41760,-23.25919,1801.19602,32.97619,4.87985,18.67478,15.78153,15.78153,-28.49051,780.00000,678.00000,678.00000
136.24405,-12.09595,36.13988,22.22298,16.28789,-29.77212,-39.05742,3.57229,-27.97961,22.22298,36.06966,2.25180,16.92764,38.09296,18.71839,22.22298,780.00000,678.00000,732.00000
136.14819,-11.91944,36.30750,22.22618,16.20007,-29.68196,-39.22660,3.52036,-27.99502,44.44916,36.23899,2.22940,16.91757,38.11138,18.74264,44.44916,780.00000,678.00000,732.00000
136.05233,-11.74292,36.47471,22.22934,16.11187,-29.59175,-39.39549,3.46931,-28.01020,66.67851,36.40786,2.20722,16.90771,38.12947,18.76663,66.67851,780.00000,678.00000,732.00000
135.95647,-11.56641,36.64151,22.23246,16.02330,-29.50151,-39.56407,3.41911,-28.02515,88.91097,36.57629,2.18528,16.89805,38.14724,18.79038,88.91097,780.00000,678.00000,732.00000
135.86061,-11.38990,36.80790,22.23553,15.93436,-29.41124,-39.73235,3.36978,-28.03987,111.14650,36.74425,2.16356,16.88859,38.16469,18.81387,111.14650,780.00000,678.00000,732.00000
135.76475,-11.21339,36.97387,22.23855,15.84506,-29.32094,-39.90033,3.32129,-28.05436,133.38505,36.91176,2.14208,16.87931,38.18182,18.83709,88.90794,780.00000,678.00000,732.00000
135.66889,-11.03687,37.13942,22.24153,15.75539,-29.23060,-40.06801,3.27364,-28.06863,155.62658,37.07882,2.12083,16.87024,38.19863,18.86005,66.66641,780.00000,678.00000,732.00000
135.57303,-10.86036,37.30455,22.24447,15.66536,-29.14025,-40.23538,3.22682,-28.08266,177.87105,37.24541,2.09983,16.86137,38.21513,18.88275,44.42194,780.00000,678.00000,732.00000
135.47717,-10.68385,37.46926,22.24736,15.57497,-29.04986,-40.40244,3.18082,-28.09646,200.11841,37.41153,2.07907,16.85268,38.23131,18.90517,22.17458,780.00000,678.00000,732.00000
135.38130,-10.50734,37.63354,22.25020,15.48421,-28.95944,-40.56919,3.13565,-28.11003,222.36861,37.57719,2.05856,16.84418,38.24718,18.92731,-0.07562,780.00000,678.00000,732.00000
135.28544,-10.33082,37.79739,22.25300,15.39310,-28.86900,-40.73563,3.09129,-28.12337,244.62161,37.74239,2.03830,16.83587,38.26273,18.94919,-22.32862,780.00000,678.00000,732.00000
136.24405,-12.09595,36.13988,22.22298,16.28789,-29.77212,-39.05742,3.57229,-27.97961,22.22298,36.06966,2.25180,16.92764,38.09296,18.71839,22.22298,780.00000,678.00000,732.00000
136.14819,-11.91944,36.30750,22.22618,16.20007,-29.68196,-39.22660,3.52036,-27.99502,44.44916,36.23899,2.22940,16.91757,38.11138,18.74264,44.44916,780.00000,678.00000,732.00000
136.05233,-11.74292,36.47471,22.22934,16.11187,-29.59175,-39.39549,3.46931,-28.01020,66.67851,36.40786,2.20722,16.90771,38.12947,18.76663,66.67851,780.00000,678.00000,732.00000
135.95647,-11.56641,36.64151,22.23246,16.02330,-29.50151,-39.56407,3.41911,-28.02515,88.91097,36.57629,2.18528,16.89805,38.14724,18.79038,88.91097,780.00000,678.00000,732.00000
135.86061,-11.38990,36.80790,22.23553,15.93436,-29.41124,-39.73235,3.36978,-28.03987,111.14650,36.74425,2.16356,16.88859,38.16469,18.81387,111.14650,780.00000,678.00000,732.00000
135.76475,-11.21339,36.97387,22.23855,15.84506,-29.32094,-39.90033,3.32129,-28.05436,133.38505,36.91176,2.14208,16.87931,38.18182,18.83709,88.90794,780.00000,678.00000,732.00000
135.66889,-11.03687,37.13942,22.24153,15.75539,-29.23060,-40.06801,3.27364,-28.06863,155.62658,37.07882,2.12083,16.87024,38.19863,18.86005,66.66641,780.00000,678.00000,732.00000
135.57303,-10.86036,37.30455,22.24447,15.66536,-29.14025,-40.23538,3.22682,-28.08266,177.87105,37.24541,2.09983,16.86137,38.21513,18.88275,44.42194,780.00000,678.00000,732.00000
135.47717,-10.68385,37.46926,22.24736,15.57497,-29.04986,-40.40244,3.18082,-28.09646,200.11841,37.41153,2.07907,16.85268,38.23131,18.90517,22.17458,780.00000,678.00000,732.00000
135.38130,-10.50734,37.63354,22.25020,15.48421,-28.95944,-40.56919,3.13565,-28.11003,222.36861,37.57719,2.05856,16.84418,38.24718,18.92731,-0.07562,780.00000,678.00000,732.00000
135.28544,-10.33082,37.79739,22.25300,15.39310,-28.86900,-40.73563,3.09129,-28.12337,244.62161,37.74239,2.03830,16.83587,38.26273,18.94919,-22.32862,780.00000,678.00000,732.00000
-68.67613,18.80460,38.59242,22.07638,-7.46322,-52.24189,-43.29436,5.83502,97.50666,22.07638,38.39246,-3.92347,-35.70558,-22.81099,-26.96702,22.07638,101.00000,2007.00000,224.00000
-68.46821,18.77855,38.65027,22.07974,-7.53467,-53.18488,-43.42561,5.89433,97.50556,44.15612,38.44592,-3.96916,-35.69667,-22.74831,-26.91546,44.15612,101.00000,2007.00000,224.00000
-68.26030,18.75245,38.70767,22.08234,-7.59016,-54.11721,-43.54435,5.92821,97.52981,66.23846,38.50067,-3.99782,-35.69104,-22.70834,-26.88307,66.23846,101.00000,2007.00000,224.00000
-68.05679,18.70673,38.76477,22.19195,-0.36980,-49.42865,-37.42629,5.54216,109.06673,88.43041,38.58356,3.74383,-36.49046,-33.10735,-35.01503,88.43041,101.00000,2007.00000,224.00000
-67.85768,18.64143,38.82158,22.19959,-0.44371,-50.38829,-37.56762,5.46350,109.06002,110.62999,38.64521,3.69626,-36.48995,-33.04587,-34.96884,110.62999,101.00000,2007.00000,224.00000
-67.65857,18.57613,38.87794,22.20719,-0.51747,-51.34741,-37.70833,5.38528,109.05333,132.83719,38.70634,3.64879,-36.48936,-32.98343,-34.92264,132.83719,101.00000,2007.00000,224.00000
-67.45946,18.51083,38.93387,22.21478,-0.59108,-52.30601,-37.84841,5.30748,109.04667,155.05197,38.76694,3.60141,-36.48868,-32.92003,-34.87642,155.05197,101.00000,2007.00000,224.00000
-67.26035,18.44553,38.98935,22.22234,-0.66453,-53.26407,-37.98785,5.23011,109.04004,177.27430,38.82702,3.55411,-36.48792,-32.85569,-34.83019,177.27430,101.00000,2007.00000,224.00000
-67.06124,18.38023,39.04438,22.22987,-0.73784,-54.22157,-38.12667,5.15317,109.03343,199.50417,38.88657,3.50691,-36.48707,-32.79040,-34.78396,199.50417,101.00000,2007.00000,224.00000
-66.86213,18.31493,39.09897,22.23738,-0.81098,-55.17851,-38.26485,5.07663,109.02686,221.74155,38.94559,3.45979,-36.48613,-32.72418,-34.73773,221.74155,101.00000,2007.00000,224.00000
-66.66302,18.24963,39.15311,22.24486,-0.88397,-56.13487,-38.40239,5.00053,109.02031,243.98641,39.00409,3.41278,-36.48511,-32.65704,-34.69148,243.98641,101.00000,2007.00000,224.00000
-66.46391,18.18433,39.20681,22.25232,-0.95681,-57.09062,-38.53929,4.92484,109.01379,266.23872,39.06206,3.36586,-36.48400,-32.58898,-34.64523,221.73409,101.00000,2007.00000,224.00000
-66.26480,18.11902,39.26005,22.25975,-1.02948,-58.04577,-38.67555,4.84955,109.00729,288.49847,39.11951,3.31903,-36.48281,-32.52003,-34.59899,199.47435,101.00000,2007.00000,224.00000
-66.06569,18.05372,39.31284,22.26715,-1.10200,-59.00029,-38.81117,4.77468,109.00082,310.76562,39.17642,3.27230,-36.48154,-32.45017,-34.55274,177.20719,101.00000,2007.00000,224.00000
-65.86658,17.98842,39.36518,22.27453,-1.17436,-59.95418,-38.94615,4.70022,108.99438,333.04015,39.23279,3.22567,-36.48019,-32.37943,-34.50650,154.93266,101.00000,2007.00000,224.00000
-65.66747,17.92312,39.41706,22.28189,-1.24655,-60.90741,-39.08048,4.62616,108.98797,355.32204,39.28864,3.17915,-36.47875,-32.30782,-34.46027,132.65078,101.00000,2007.00000,224.00000
-65.46836,17.85782,39.46848,22.28921,-1.31858,-61.85997,-39.21416,4.55251,108.98159,377.61125,39.34396,3.13272,-36.47723,-32.23533,-34.41404,110.36156,101.00000,2007.00000,224.00000
-65.26925,17.79252,39.51945,22.29652,-1.39046,-62.81186,-39.34718,4.47925,108.97523,399.90777,39.39875,3.08639,-36.47564,-32.16199,-34.36782,88.06505,101.00000,2007.00000,224.00000
-65.07014,17.72722,39.56996,22.30379,-1.46216,-63.76305,-39.47956,4.40639,108.96890,422.21157,39.45300,3.04017,-36.47397,-32.08778,-34.32161,65.76125,101.00000,2007.00000,224.00000
-64.87103,17.66192,39.62000,22.31105,-1.53370,-64.71354,-39.61129,4.33393,108.96259,444.52261,39.50671,2.99405,-36.47222,-32.01274,-34.27542,43.45020,101.00000,2007.00000,224.00000
-64.67192,17.59662,39.66959,22.31827,-1.60508,-65.66330,-39.74235,4.26185,108.95632,466.84089,39.55989,2.94804,-36.47039,-31.93688,-34.22924,21.13193,101.00000,2007.00000,224.00000
-64.47281,17.53132,39.71870,22.32547,-1.67628,-66.61233,-39.87277,4.19017,108.95007,489.16636,39.61254,2.90213,-36.46849,-31.86018,-34.18307,-1.19354,101.00000,2007.00000,224.00000
-64.27370,17.46601,39.76736,22.33265,-1.74732,-67.56061,-40.00252,4.11888,108.94384,511.49901,39.66465,2.85633,-36.46651,-31.78266,-34.13693,-23.52619,101.00000,2007.00000,224.00000
-60.39250,15.58218,43.10445,21.93205,9.56360,-72.05559,-28.58906,31.48959,128.87847,21.93205,36.75668,22.51534,-28.17437,-55.61735,-45.57131,21.93205,201.00000,2007.00000,224.00000
-60.23314,15.45833,43.14476,21.94003,9.51354,-72.98976,-28.71554,31.39740,128.86183,43.87208,36.82727,22.47716,-28.18426,-55.54211,-45.54158,43.87208,201.00000,2007.00000,224.00000
-60.07378,15.33447,43.18475,21.94795,9.46359,-73.92284,-28.84129,31.30608,128.84533,65.82003,36.89721,22.43922,-28.19403,-55.46650,-45.51196,65.82003,201.00000,2007.00000,224.00000
-59.91442,15.21061,43.22441,21.95580,9.41374,-74.85482,-28.96632,31.21565,128.82898,87.77583,36.96650,22.40151,-28.20367,-55.39054,-45.48245,87.77583,201.00000,2007.00000,224.00000
-59.75507,15.08675,43.26376,21.96360,9.36399,-75.78569,-29.09063,31.12609,128.81276,109.73943,37.03515,22.36404,-28.21318,-55.31426,-45.45305,109.73943,201.00000,2007.00000,224.00000
-59.59571,14.96289,43.30278,21.97134,9.31435,-76.71543,-29.21421,31.03741,128.79669,131.71077,37.10316,22.32681,-28.22256,-55.23767,-45.42377,131.71077,201.00000,2007.00000,224.00000
-59.46415,14.81509,43.33616,22.11403,18.73055,-52.87262,-11.20477,51.85312,149.69256,153.82479,26.76786,34.08085,-23.06149,-79.08502,-52.86196,153.82479,201.00000,2007.00000,224.00000
-59.36286,14.64124,43.36358,22.27013,19.40672,-51.30526,-9.65755,53.56190,151.47545,176.09492,25.75597,34.88596,-22.47691,-80.68184,-53.18174,176.09492,201.00000,2007.00000,224.00000
-59.26405,14.46525,43.39040,22.27418,19.36728,-52.25135,-9.77681,53.47000,151.45643,198.36910,25.82785,34.86615,-22.49179,-80.64208,-53.17428,198.36910,201.00000,2007.00000,224.00000
-59.16524,14.28926,43.41709,22.27818,19.32780,-53.19619,-9.89546,53.37905,151.43764,220.64727,25.89910,34.84653,-22.50647,-80.60208,-53.16681,220.64727,201.00000,2007.00000,224.00000
-59.06643,14.11327,43.44366,22.28214,19.28828,-54.13976,-10.01351,53.28902,151.41909,242.92941,25.96969,34.82709,-22.52094,-80.56186,-53.15935,242.92941,201.00000,2007.00000,224.00000
-58.96761,13.93728,43.47009,22.28605,19.24871,-55.08206,-10.13096,53.19994,151.40077,265.21546,26.03965,34.80784,-22.53521,-80.52143,-53.15190,220.64336,201.00000,2007.00000,224.00000
-58.86880,13.76129,43.49640,22.28992,19.20910,-56.02307,-10.24780,53.11180,151.38268,287.50538,26.10895,34.78878,-22.54926,-80.48082,-53.14445,198.35345,201.00000,2007.00000,224.00000
-58.76999,13.58530,43.52257,22.29374,19.16944,-56.96276,-10.36403,53.02459,151.36483,309.79911,26.17761,34.76991,-22.56311,-80.44004,-53.13701,176.05971,201.00000,2007.00000,224.00000
-58.68246,13.40484,43.54641,22.15607,21.66360,-47.99498,-4.12794,59.72312,158.13372,331.95519,21.95519,37.60664,-20.15661,-86.62592,-53.99112,153.90364,201.00000,2007.00000,224.00000
-58.62002,13.21443,43.56530,22.40856,24.30985,-35.93339,3.59077,67.92883,166.40769,354.36375,16.37001,40.37274,-16.83847,-92.68308,-54.02985,131.49508,201.00000,2007.00000,224.00000
-58.57139,13.01854,43.58148,22.40955,24.27925,-36.85263,3.49238,67.85499,166.39735,376.77329,16.42812,40.36660,-16.84757,-92.66944,-54.03117,109.08553,201.00000,2007.00000,224.00000
-58.52276,12.82266,43.59763,22.41052,24.24843,-37.77093,3.39425,67.78176,166.38716,399.18381,16.48581,40.36052,-16.85653,-92.65567,-54.03245,86.67501,201.00000,2007.00000,224.00000
-58.47413,12.62677,43.61376,22.41148,24.21741,-38.68828,3.29636,67.70914,166.37712,421.59529,16.54307,40.35452,-16.86534,-92.64177,-54.03366,64.26354,201.00000,2007.00000,224.00000
-58.42551,12.43089,43.62986,22.41242,24.18617,-39.60469,3.19872,67.63713,166.36724,444.00771,16.59990,40.34858,-16.87400,-92.62776,-54.03483,41.85112,201.00000,2007.00000,224.00000
-58.37688,12.23500,43.64593,22.41335,24.15472,-40.52012,3.10135,67.56573,166.35751,466.42106,16.65630,40.34272,-16.88252,-92.61364,-54.03594,19.43776,201.00000,2007.00000,224.00000
-58.32825,12.03912,43.66198,22.41427,24.12306,-41.43457,3.00422,67.49494,166.34793,488.83533,16.71228,40.33693,-16.89090,-92.59942,-54.03700,-2.97650,201.00000,2007.00000,224.00000
-82.32488,-66.65098,46.94883,20.72020,57.46204,8.43574,14.39870,9.41911,38.46195,20.72020,46.31585,7.68341,28.33984,17.91033,17.24245,20.72020,904.00000,802.00000,804.00000
-82.03330,-66.50480,47.23065,20.76735,57.63487,8.40439,14.36638,9.79291,38.62608,41.48755,46.54245,8.03334,28.77358,17.97379,17.35085,41.48755,904.00000,802.00000,804.00000
-81.74173,-66.35862,47.51229,20.81463,57.80531,8.37309,14.33369,10.16358,38.78929,62.30218,46.76673,8.38398,29.20737,18.03683,17.45870,62.30218,904.00000,802.00000,804.00000
-81.45427,-66.20507,47.80247,21.94731,59.65623,9.41450,15.33044,7.10400,35.51533,84.24949,47.43550,5.91177,26.12477,17.57005,16.68021,84.24949,904.00000,802.00000,804.00000
-81.17446,-66.03794,48.10847,22.96056,61.03795,10.19772,16.06839,4.85386,33.04412,107.21005,47.93595,4.07068,23.79485,17.19147,16.07407,107.21005,904.00000,802.00000,804.00000
-80.89816,-65.86460,48.42163,23.00680,61.28481,10.18312,16.05526,5.25076,33.22139,130.21685,48.21844,4.43129,24.25361,17.26791,16.19455,130.21685,904.00000,802.00000,804.00000
-80.62187,-65.69126,48.73458,23.05319,61.52885,10.16845,16.04161,5.64402,33.39771,153.27004,48.49833,4.79292,24.71282,17.34400,16.31456,153.27004,904.00000,802.00000,804.00000
-80.34557,-65.51792,49.04733,23.09974,61.77006,10.15370,16.02745,6.03371,33.57308,176.36977,48.77562,5.15554,25.17245,17.41976,16.43411,176.36977,904.00000,802.00000,804.00000
-80.06928,-65.34459,49.35984,23.14644,62.00848,10.13888,16.01277,6.41988,33.74750,199.51621,49.05032,5.51911,25.63247,17.49518,16.55319,199.51621,904.00000,802.00000,804.00000
-79.79298,-65.17125,49.67211,23.19328,62.24410,10.12399,15.99759,6.80259,33.92097,222.70949,49.32243,5.88360,26.09285,17.57026,16.67179,222.70949,904.00000,802.00000,804.00000
-79.51363,-65.00341,49.97761,22.40561,61.32464,9.37285,15.27605,9.53245,36.45035,245.11510,49.28752,8.27660,29.09155,18.04342,17.43073,245.11510,904.00000,802.00000,804.00000
-79.22632,-64.84983,50.26597,21.21521,59.22087,8.01830,13.94468,14.01879,40.74903,266.33031,48.76887,12.17643,33.88586,18.73515,18.59289,266.33031,904.00000,802.00000,804.00000
-78.93407,-64.70500,50.54368,21.26366,59.36259,7.98706,13.90760,14.35537,40.90087,287.59397,48.96553,12.53156,34.31675,18.79330,18.69409,287.59397,904.00000,802.00000,804.00000
-78.64182,-64.56017,50.82108,21.31220,59.50212,7.95594,13.87024,14.68934,41.05183,308.90618,49.15999,12.88710,34.74743,18.85107,18.79474,308.90618,904.00000,802.00000,804.00000
-78.34956,-64.41534,51.09816,21.36084,59.63948,7.92495,13.83261,15.02072,41.20193,330.26701,49.35225,13.24302,35.17788,18.90845,18.89483,330.26701,904.00000,802.00000,804.00000
-78.05731,-64.27052,51.37491,21.40955,59.77468,7.89409,13.79473,15.34954,41.35116,351.67656,49.54230,13.59930,35.60808,18.96544,18.99436,351.67656,904.00000,802.00000,804.00000
-77.76506,-64.12569,51.65131,21.45836,59.90773,7.86336,13.75659,15.67586,41.49953,373.13492,49.73017,13.95592,36.03801,19.02205,19.09333,373.13492,904.00000,802.00000,804.00000
-77.47411,-63.97830,51.93041,21.85450,60.81507,8.24365,14.13010,14.76542,40.41012,394.98942,50.21553,13.23510,35.16735,18.90589,18.89221,394.98942,904.00000,802.00000,804.00000
-77.18496,-63.82739,52.21337,22.03708,61.24268,8.36748,14.24655,14.63599,40.10210,417.02650,50.51908,13.19313,35.11649,18.89896,18.88038,417.02650,904.00000,802.00000,804.00000
-76.89631,-63.67551,52.49710,22.08617,61.38916,8.34037,14.21196,14.96454,40.25363,439.11267,50.71670,13.55587,35.55590,18.95883,18.98235,439.11267,904.00000,802.00000,804.00000
-76.60766,-63.52364,52.78045,22.13536,61.53340,8.31338,14.17709,15.29055,40.40430,461.24803,50.91207,13.91894,35.99504,19.01832,19.08378,461.24803,904.00000,802.00000,804.00000
-76.31902,-63.37176,53.06338,22.18464,61.67541,8.28651,14.14196,15.61405,40.55409,483.43267,51.10516,14.28233,36.43391,19.07745,19.18465,483.43267,904.00000,802.00000,804.00000
-76.03764,-63.20772,53.36012,23.92611,65.10626,10.07534,15.90884,10.40041,35.15567,507.35879,52.48343,9.63290,30.74356,18.25340,17.83588,507.35879,904.00000,802.00000,804.00000
-75.76590,-63.02770,53.67509,24.54570,66.15986,10.56701,16.38217,9.16500,33.73374,531.90449,52.98986,8.54927,29.39493,18.04133,17.50413,531.90449,904.00000,802.00000,804.00000
-75.49648,-62.84387,53.99403,24.59319,66.39064,10.55914,16.36924,9.51516,33.89962,556.49768,53.25118,8.92568,29.86457,18.11617,17.62017,556.49768,904.00000,802.00000,804.00000
-75.22701,-62.66010,54.31242,24.63158,66.60440,10.54272,16.34757,9.88901,34.09134,581.12926,53.50546,9.32762,30.36530,18.19562,17.74335,581.12926,904.00000,802.00000,804.00000
-74.95739,-62.47656,54.63004,24.65496,66.79056,10.51187,16.31135,10.30430,34.32671,605.78422,53.74894,9.77201,30.91799,18.28286,17.87866,605.78422,904.00000,802.00000,804.00000
-74.68764,-62.29319,54.94694,24.70288,67.01161,10.50359,16.29673,10.64520,34.48966,630.48710,54.00129,10.15017,31.38759,18.35661,17.99311,630.48710,904.00000,802.00000,804.00000
-74.41790,-62.10982,55.26330,24.75092,67.22992,10.49528,16.28170,10.98323,34.65171,655.23802,54.25104,10.52886,31.85719,18.43007,18.10708,655.23802,904.00000,802.00000,804.00000
-74.14821,-61.92638,55.57919,24.80870,67.46241,10.49661,16.27575,11.28870,34.78306,680.04672,54.50392,10.87978,32.29181,18.49780,18.21213,680.04672,904.00000,802.00000,804.00000
-73.88324,-61.73634,55.90198,25.79840,69.17270,11.36626,17.11939,8.88871,32.20405,705.84513,55.23062,8.63774,29.50015,18.05113,17.52982,654.24832,904.00000,802.00000,804.00000
-73.62295,-61.53977,56.23155,25.84493,69.42440,11.36732,17.11409,9.22817,32.36794,731.69005,55.50377,9.01766,29.97566,18.12913,17.64727,628.40339,904.00000,802.00000,804.00000
-73.36267,-61.34321,56.56049,25.89157,69.67322,11.36831,17.10831,9.56470,32.53094,757.58163,55.77422,9.39816,30.45129,18.20688,17.76428,602.51182,904.00000,802.00000,804.00000
-73.10238,-61.14664,56.88879,25.93834,69.91917,11.36922,17.10207,9.89833,32.69305,783.51997,56.04196,9.77921,30.92700,18.28436,17.88087,576.57348,904.00000,802.00000,804.00000
-72.82449,-60.98194,57.17924,21.74227,60.06562,6.41549,12.05108,24.66377,47.31760,805.26224,51.96290,23.86047,47.87451,20.60382,21.68203,554.83121,904.00000,802.00000,804.00000
-72.52451,-60.85679,57.42294,21.02411,56.33075,4.81528,10.33566,29.22206,51.74093,826.28636,50.11496,28.03363,52.63308,21.06301,22.59727,533.80709,904.00000,802.00000,804.00000
-72.22021,-60.73937,57.65713,21.07159,56.35909,4.78142,10.28348,29.45883,51.84300,847.35795,50.20260,28.35566,52.99482,21.09381,22.66346,512.73550,904.00000,802.00000,804.00000
-71.91592,-60.62195,57.89082,21.11908,56.38613,4.74786,10.23133,29.69425,51.94449,868.47703,50.28867,28.67746,53.35587,21.12433,22.72915,491.61642,904.00000,802.00000,804.00000
-71.60717,-60.51858,58.10677,19.81461,48.37054,1.71951,6.90268,37.92436,60.05156,888.29164,45.83595,35.71362,61.02406,21.59792,23.98344,471.80181,904.00000,802.00000,804.00000
-71.29261,-60.43323,58.30017,19.54965,45.68012,0.75937,5.81213,40.56295,62.57287,907.84129,44.29017,37.91162,63.31777,21.65839,24.29354,452.25216,904.00000,802.00000,804.00000
-70.97675,-60.35188,58.48825,19.58810,45.65055,0.72758,5.75695,40.73781,62.63145,927.42939,44.31677,38.16935,63.58342,21.66272,24.32719,432.66406,904.00000,802.00000,804.00000
-70.66089,-60.27052,58.67589,19.62654,45.62023,0.69613,5.70191,40.91207,62.68975,947.05593,44.34228,38.42684,63.84850,21.66685,24.36047,413.03752,904.00000,802.00000,804.00000
-70.34503,-60.18916,58.86308,19.66497,45.58916,0.66502,5.64699,41.08575,62.74777,966.72090,44.36669,38.68409,64.11301,21.67080,24.39338,393.37255,904.00000,802.00000,804.00000
-70.02917,-60.10780,59.04983,19.70338,45.55735,0.63426,5.59222,41.25884,62.80553,986.42428,44.39001,38.94110,64.37694,21.67456,24.42592,373.66917,904.00000,802.00000,804.00000
-69.71331,-60.02645,59.23613,19.74179,45.52480,0.60384,5.53758,41.43135,62.86300,1006.16607,44.41223,39.19786,64.64028,21.67814,24.45810,353.92738,904.00000,802.00000,804.00000
-69.40098,-59.93399,59.43551,20.69626,52.64643,3.06002,8.25890,35.02287,56.33217,1026.86233,48.67311,34.11024,59.27479,21.47800,23.70411,333.23112,904.00000,802.00000,804.00000
-69.09461,-59.82307,59.65692,21.48613,56.70324,4.53293,9.85502,31.20595,52.38686,1048.34846,51.02519,30.90919,55.76391,21.23426,23.12254,311.74499,904.00000,802.00000,804.00000
-68.79064,-59.70479,59.88677,21.53383,56.72060,4.50257,9.80351,31.43268,52.48489,1069.88229,51.09859,31.23074,56.12103,21.26271,23.18444,290.21116,904.00000,802.00000,804.00000
-68.48463,-59.59241,60.10894,20.99700,53.46510,3.26643,8.42776,34.87895,55.80718,1090.87929,49.31109,34.37297,59.56924,21.50587,23.75499,269.21416,904.00000,802.00000,804.00000
-68.17493,-59.49055,60.31787,20.63493,50.63680,2.23857,7.26642,37.72716,58.53565,1111.51422,47.70743,36.90863,62.29004,21.64976,24.16518,248.57923,904.00000,802.00000,804.00000
-67.86359,-59.39332,60.52071,20.67804,50.61782,2.20870,7.21252,37.91938,58.60896,1132.19226,47.74335,37.19313,62.59184,21.66301,24.20834,227.90119,904.00000,802.00000,804.00000
-67.55225,-59.29609,60.72305,20.72114,50.59796,2.17919,7.15876,38.11079,58.68190,1152.91340,47.77804,37.47730,62.89295,21.67607,24.25110,207.18005,904.00000,802.00000,804.00000
-67.24147,-59.19710,60.92701,20.91651,51.67570,2.52927,7.52913,37.30070,57.75263,1173.82991,48.46537,36.92166,62.30249,21.64889,24.16630,186.26354,904.00000,802.00000,804.00000
-66.93143,-59.09579,61.13326,21.01065,52.00686,2.62098,7.61056,37.17714,57.50979,1194.84055,48.70921,36.94168,62.32386,21.64995,24.16942,165.25289,904.00000,802.00000,804.00000
-66.62158,-58.99393,61.33967,21.05491,51.99053,2.59234,7.55743,37.37294,57.58672,1215.89546,48.74672,37.23321,62.63495,21.66554,24.21479,144.19799,904.00000,802.00000,804.00000
-66.31198,-58.89149,61.54622,21.14279,52.33605,2.68924,7.64442,37.23761,57.33257,1237.03825,48.99897,37.24296,62.64536,21.66607,24.21631,123.05520,904.00000,802.00000,804.00000
-66.01618,-58.75807,61.78865,24.42065,67.29404,8.37648,13.81651,21.93172,41.88690,1261.45891,57.31698,23.07815,46.70734,20.19251,21.35740,98.63454,904.00000,802.00000,804.00000
-65.73413,-58.59427,62.06612,24.47174,67.40031,8.36137,13.78262,22.20236,42.02045,1285.93065,57.46423,23.45348,47.14777,20.24724,21.44765,74.16280,904.00000,802.00000,804.00000
-65.45208,-58.43046,62.34286,24.52287,67.50457,8.34645,13.74862,22.47112,42.15321,1310.45352,57.60931,23.82854,47.58747,20.30170,21.53738,49.63993,904.00000,802.00000,804.00000
-65.16436,-58.27830,62.60534,23.20503,62.66649,6.33337,11.56935,28.24604,47.80148,1333.65854,55.15051,29.62852,54.28313,21.05689,22.83971,26.43491,904.00000,802.00000,804.00000
-64.86645,-58.14697,62.84299,22.34919,57.92684,4.52786,9.57236,33.26285,52.69760,1356.00774,52.54699,34.46817,59.70235,21.54503,23.78980,4.08571,904.00000,802.00000,804.00000
-64.47300,-57.98163,63.14556,23.21932,60.81220,5.54530,10.66356,30.74754,50.02171,23.21932,54.26909,32.28356,57.27337,21.33845,23.37562,23.21932,904.00000,802.00000,804.00000
-64.16555,-57.86106,63.37031,22.02388,52.85701,2.70685,7.49094,38.40412,57.56263,45.24320,49.66007,39.36590,65.01961,21.90095,24.61286,45.24320,904.00000,802.00000,804.00000
-63.85178,-57.75444,63.57824,22.07020,52.83532,2.68111,7.43853,38.59715,57.63926,67.31340,49.68967,39.66269,65.33534,21.91705,24.65746,67.31340,904.00000,802.00000,804.00000
-63.53801,-57.64781,63.78558,22.11651,52.81270,2.65573,7.38628,38.78933,57.71548,89.42991,49.71796,39.95903,65.65028,21.93296,24.70166,89.42991,904.00000,802.00000,804.00000
-63.22425,-57.54119,63.99232,22.16280,52.78917,2.63073,7.33420,38.98068,57.79130,111.59271,49.74495,40.25490,65.96441,21.94868,24.74544,111.59271,904.00000,802.00000,804.00000
-62.91048,-57.43456,64.19847,22.20908,52.76473,2.60609,7.28227,39.17120,57.86670,133.80179,49.77064,40.55030,66.27774,21.96422,24.78883,133.80179,904.00000,802.00000,804.00000
-62.59672,-57.32794,64.40403,22.25534,52.73939,2.58183,7.23051,39.36090,57.94171,156.05714,49.79504,40.84523,66.59025,21.97959,24.83182,156.05714,904.00000,802.00000,804.00000
-62.28295,-57.22131,64.60899,22.30159,52.71316,2.55795,7.17891,39.54979,58.01631,178.35872,49.81816,41.13968,66.90196,21.99479,24.87441,178.35872,904.00000,802.00000,804.00000
-61.97025,-57.11163,64.81694,22.60851,54.58377,3.16177,7.83580,38.10532,56.45619,200.96723,51.00300,39.99911,65.68815,21.93009,24.70456,200.96723,904.00000,802.00000,804.00000
-61.65885,-56.99829,65.02856,22.70959,54.93014,3.26061,7.92243,37.98267,56.21802,223.67682,51.25531,40.02008,65.71060,21.93140,24.70779,178.25765,904.00000,802.00000,804.00000
-61.34767,-56.88434,65.24026,22.75747,54.91097,3.23786,7.87188,38.17857,56.29887,246.43429,51.28460,40.32595,66.03825,21.95079,24.75490,155.50017,904.00000,802.00000,804.00000
-61.03649,-56.77039,65.45133,22.80534,54.89085,3.21548,7.82149,38.37358,56.37927,269.23963,51.31252,40.63129,66.36503,21.96999,24.80160,132.69483,904.00000,802.00000,804.00000
-60.72531,-56.65645,65.66175,22.85319,54.86977,3.19348,7.77127,38.56770,56.45922,292.09283,51.33909,40.93609,66.69095,21.98902,24.84790,109.84164,904.00000,802.00000,804.00000
-60.41413,-56.54250,65.87153,22.90103,54.84775,3.17185,7.72121,38.76094,56.53874,314.99385,51.36431,41.24035,67.01598,22.00788,24.89380,86.94061,904.00000,802.00000,804.00000
-60.10295,-56.42855,66.08067,22.94884,54.82479,3.15059,7.67131,38.95331,56.61782,337.94270,51.38820,41.54406,67.34014,22.02656,24.93929,63.99177,904.00000,802.00000,804.00000
-59.79176,-56.31461,66.28916,22.99664,54.80090,3.12971,7.62160,39.14483,56.69647,360.93933,51.41074,41.84721,67.66342,22.04508,24.98439,40.99513,904.00000,802.00000,804.00000
-59.47180,-56.23990,66.45039,20.71231,24.76409,-5.52595,-2.52804,61.69446,79.15192,381.65164,31.50900,58.50502,83.64846,21.56488,26.00846,20.28283,904.00000,802.00000,804.00000
-59.14237,-56.20614,66.56252,20.70801,23.10945,-5.93755,-3.05640,62.86976,80.23751,402.35965,30.35349,59.23879,84.21631,21.42891,25.94222,-0.42518,904.00000,802.00000,804.00000
-58.81253,-56.17413,66.67216,20.72479,23.03076,-5.94456,-3.09621,62.96748,80.24555,423.08444,30.30224,59.38814,84.32992,21.39965,25.92707,-21.14997,904.00000,802.00000,804.00000
-58.66577,-56.09715,93.42373,13.74998,21.34934,8.93300,8.93300,79.85044,-70.62665,13.74998,16.46297,-91.96176,-84.92802,6.67387,6.67387,13.74998,904.00000,201.00000,201.00000
-58.87270,-56.04759,93.49270,14.25542,32.08782,7.96080,7.96080,72.45409,-63.22752,28.00539,28.18524,-89.14302,-81.55429,7.74060,7.74060,28.00539,904.00000,201.00000,201.00000
-59.07679,-55.98692,93.58719,14.48379,35.30321,7.60650,7.60650,70.17172,-60.94632,42.48918,31.74498,-88.03873,-80.31251,8.02747,8.02747,42.48918,904.00000,201.00000,201.00000
-59.27419,-55.91188,93.71527,15.33109,48.48399,6.09026,6.09026,60.36981,-51.14491,57.82027,46.33283,-81.46055,-73.25310,9.18173,9.18173,57.82027,904.00000,201.00000,201.00000
-59.45445,-55.80375,93.92108,17.86922,65.70675,3.49601,3.49601,45.54868,-36.32852,75.68949,65.77321,-67.04516,-58.56887,10.41541,10.41541,75.68949,904.00000,201.00000,201.00000
-59.62356,-55.67417,94.17710,17.89003,65.75902,3.45846,3.45846,45.62003,-36.41918,93.57952,65.86874,-67.31000,-58.83336,10.40142,10.40142,93.57952,904.00000,201.00000,201.00000
-59.79267,-55.54459,94.43274,17.91085,65.81062,3.42062,3.42062,45.69109,-36.50949,111.49038,65.96378,-67.57456,-59.09740,10.38761,10.38761,111.49038,904.00000,201.00000,201.00000
-59.94157,-55.39537,94.73606,20.45673,77.65461,0.92925,0.92925,32.63465,-23.46102,131.94711,79.77974,-51.08927,-42.86924,10.88035,10.88035,131.94711,904.00000,201.00000,201.00000
-60.06820,-55.22454,95.09172,20.77813,78.68791,0.65638,0.65638,31.54643,-22.40149,152.72524,81.03873,-49.75098,-41.56818,10.89356,10.89356,152.72524,904.00000,201.00000,201.00000
-60.19279,-55.05172,95.45155,20.79119,78.88238,0.60000,0.60000,31.60304,-22.48877,173.51643,81.29600,-50.01959,-41.82891,10.89148,10.89148,173.51643,904.00000,201.00000,201.00000
-60.31737,-54.87889,95.81065,20.80427,79.07574,0.54346,0.54346,31.65963,-22.57576,194.32070,81.55222,-50.28833,-42.08958,10.88959,10.88959,194.32070,904.00000,201.00000,201.00000
-60.44195,-54.70607,96.16902,20.81737,79.26798,0.48675,0.48675,31.71617,-22.66245,215.13807,81.80740,-50.55719,-42.35018,10.88790,10.88790,215.13807,904.00000,201.00000,201.00000
-60.55797,-54.52793,96.54017,21.54478,82.19814,-0.31879,-0.31879,27.84902,-18.81976,236.68285,85.35905,-45.09809,-37.07720,10.89343,10.89343,236.68285,904.00000,201.00000,201.00000
-60.66147,-54.34203,96.93026,21.91591,83.52526,-0.71319,-0.71319,26.16428,-17.16522,258.59876,86.99815,-42.74104,-34.81086,10.87933,10.87933,258.59876,904.00000,201.00000,201.00000
-60.76103,-54.15367,97.32570,21.92462,83.77709,-0.78132,-0.78132,26.20413,-17.23889,280.52338,87.32321,-42.97616,-35.03651,10.88134,10.88134,280.52338,904.00000,201.00000,201.00000
-60.85219,-53.96150,97.73033,22.45442,85.93257,-1.47944,-1.47944,22.93083,-13.99348,302.97780,90.00727,-38.07765,-30.34849,10.81893,10.81893,302.97780,904.00000,201.00000,201.00000
-60.93184,-53.76409,98.14785,22.67437,86.84468,-1.78388,-1.78388,21.74791,-12.84396,325.65217,91.16199,-36.36609,-28.71621,10.78810,10.78810,325.65217,904.00000,201.00000,201.00000
-61.00804,-53.56517,98.56838,22.68861,87.19403,-1.88263,-1.88263,21.66135,-12.79320,348.34078,91.60765,-36.38355,-28.73283,10.78845,10.78845,348.34078,904.00000,201.00000,201.00000
-61.06314,-53.36054,99.00460,23.49016,90.44836,-3.31145,-3.31145,14.43772,-5.59066,371.83094,95.87796,-24.68456,-17.64798,10.46444,10.46444,371.83094,904.00000,201.00000,201.00000
-61.09754,-53.15029,99.45614,23.49125,90.79654,-3.40577,-3.40577,14.42549,-5.61793,395.32219,96.32052,-24.77660,-17.73476,10.46766,10.46766,395.32219,904.00000,201.00000,201.00000
-61.12017,-52.94023,99.90843,23.34845,92.13304,-4.19445,-4.19445,10.57584,-1.79842,418.67064,98.21127,-18.33688,-11.67913,10.21605,10.21605,418.67064,904.00000,201.00000,201.00000
-61.10499,-52.73077,100.36578,23.40850,93.20238,-5.77842,-5.77842,1.94524,6.81219,442.07914,100.30795,-3.40684,2.25940,9.46603,9.46603,442.07914,904.00000,201.00000,201.00000
-61.06385,-52.52173,100.82618,23.41007,93.55989,-5.89294,-5.89294,1.87158,6.84438,465.48921,100.77239,-3.29292,2.36520,9.45942,9.45942,465.48921,904.00000,201.00000,201.00000
-61.02272,-52.31269,101.28527,23.41165,93.91606,-6.00735,-6.00735,1.79850,6.87647,488.90086,101.23537,-3.17880,2.47112,9.45270,9.45270,488.90086,904.00000,201.00000,201.00000
-60.98158,-52.10365,101.74304,23.41323,94.27086,-6.12164,-6.12164,1.72600,6.90847,512.31408,101.69688,-3.06449,2.57712,9.44586,9.44586,512.31408,904.00000,201.00000,201.00000
-60.94044,-51.89462,102.19949,23.41481,94.62431,-6.23582,-6.23582,1.65407,6.94037,535.72889,102.15690,-2.94999,2.68322,9.43893,9.43893,535.72889,904.00000,201.00000,201.00000
-60.91311,-51.68571,102.65157,23.23248,94.88855,-5.56301,-5.56301,6.22899,2.31570,558.96137,102.04554,-11.13793,-4.91570,9.91204,9.91204,558.96137,904.00000,201.00000,201.00000
-60.92903,-51.47724,103.09283,23.36002,92.92867,-3.85232,-3.85232,16.21798,-7.73276,582.32139,98.99037,-28.79305,-21.40996,10.73887,10.73887,582.32139,904.00000,201.00000,201.00000
-60.97431,-51.26906,103.52640,23.36194,93.25421,-3.94231,-3.94231,16.21814,-7.76744,605.68334,99.40660,-28.91443,-21.52387,10.74364,10.74364,605.68334,904.00000,201.00000,201.00000
-61.01959,-51.06088,103.95873,23.36387,93.57845,-4.03228,-4.03228,16.21860,-7.80202,629.04721,99.82149,-29.03596,-21.63784,10.74851,10.74851,629.04721,904.00000,201.00000,201.00000
-61.07488,-50.85560,104.38171,22.96531,92.30229,-3.42009,-3.42009,19.90645,-11.53044,652.01252,98.14488,-35.54045,-27.74521,10.99339,10.99339,652.01252,904.00000,201.00000,201.00000
-61.14413,-50.65438,104.79220,22.83764,91.82601,-3.21027,-3.21027,21.43441,-13.09262,674.85015,97.54440,-38.29483,-30.33687,11.08672,11.08672,674.85015,904.00000,201.00000,201.00000
-61.21736,-50.45431,105.19831,22.84261,92.10662,-3.28958,-3.28958,21.45755,-13.14619,697.69276,97.90690,-38.48278,-30.51375,11.09297,11.09297,697.69276,904.00000,201.00000,201.00000
-61.28380,-50.25406,105.60500,22.68821,93.58690,-3.82956,-3.82956,19.09038,-10.80424,720.38097,99.79713,-34.53909,-26.80964,10.95096,10.95096,720.38097,904.00000,201.00000,201.00000
-61.28243,-50.05195,106.02761,23.08939,97.16427,-7.72981,-7.72981,2.80830,11.10797,743.47035,105.90028,5.19477,10.03723,8.71820,8.71820,743.47035,904.00000,201.00000,201.00000
-61.22026,-49.84818,106.46424,23.09301,97.48695,-7.84557,-7.84557,2.89000,11.15373,766.56336,106.32884,5.36779,10.19591,8.70550,8.70550,766.56336,904.00000,201.00000,201.00000
-61.15809,-49.64440,106.89952,23.09664,97.80820,-7.96118,-7.96118,2.97116,11.19933,789.66001,106.75582,5.54095,10.35462,8.69266,8.69266,789.66001,904.00000,201.00000,201.00000
-61.09592,-49.44063,107.33343,23.10027,98.12801,-8.07662,-8.07662,3.05178,11.24478,812.76028,107.18121,5.71425,10.51334,8.67967,8.67967,812.76028,904.00000,201.00000,201.00000
-60.99901,-49.26240,107.72005,19.47995,90.23726,-10.47418,-10.47418,21.20875,29.39583,832.24023,100.42402,38.96954,40.68595,5.70732,5.70732,832.24023,904.00000,201.00000,201.00000
-60.84519,-49.12609,108.03026,18.49428,77.31671,-11.65736,-11.65736,35.73985,43.91589,850.73451,87.68573,63.10111,62.18039,2.86805,2.86805,850.73451,904.00000,201.00000,201.00000
-60.66912,-49.00614,108.31040,18.51575,77.36414,-11.74834,-11.74834,35.83499,43.98487,869.25026,87.80793,63.41064,62.45322,2.82677,2.82677,869.25026,904.00000,201.00000,201.00000
-60.49304,-48.88620,108.58993,18.53720,77.41085,-11.83915,-11.83915,35.92975,44.05356,887.78745,87.92928,63.71980,62.72550,2.78527,2.78527,887.78745,904.00000,201.00000,201.00000
-60.31697,-48.76625,108.86884,18.55864,77.45683,-11.92979,-11.92979,36.02413,44.12197,906.34609,88.04979,64.02858,62.99723,2.74356,2.74356,906.34609,904.00000,201.00000,201.00000
-60.12713,-48.67590,109.08940,16.41172,48.81118,-12.16985,-12.16985,57.67216,65.75836,922.75782,58.33698,92.18077,87.27996,-1.89139,-1.89139,922.75782,904.00000,201.00000,201.00000
-59.92278,-48.61655,109.24911,16.38961,46.99764,-12.19382,-12.19382,58.87264,66.94144,939.14742,56.47548,93.51946,88.39708,-2.17547,-2.17547,939.14742,904.00000,201.00000,201.00000
-59.71775,-48.55864,109.40580,16.40550,46.95805,-12.25832,-12.25832,58.91403,66.96508,955.55293,56.48880,93.69442,88.54260,-2.21334,-2.21334,955.55293,904.00000,201.00000,201.00000
-59.57372,-48.43892,109.67631,21.08475,98.19913,-9.65823,-9.65823,8.93467,16.91577,976.63768,108.34550,17.03362,21.03103,7.97751,7.97751,976.63768,904.00000,201.00000,201.00000
-59.50200,-48.24605,110.08089,23.15300,100.11306,-8.91646,-8.91646,3.22929,11.17027,999.79069,109.90610,6.20106,11.18800,8.89928,8.89928,999.79069,904.00000,201.00000,201.00000
-59.43402,-48.04444,110.50117,22.82026,99.67699,-9.48927,-9.48927,6.34568,14.25980,1022.61094,109.82415,12.21333,16.65465,8.39565,8.39565,1022.61094,904.00000,201.00000,201.00000
-59.35497,-47.84680,110.91414,22.68935,99.49519,-9.81804,-9.81804,7.91613,15.80086,1045.30029,109.85721,15.27547,19.43091,8.12653,8.12653,1045.30029,904.00000,201.00000,201.00000
-59.28031,-47.64752,111.32819,23.03004,100.74141,-9.45060,-9.45060,4.71090,12.55795,1068.33034,110.95210,9.14317,13.86994,8.66164,8.66164,1068.33034,904.00000,201.00000,201.00000
-59.21532,-47.44471,111.74613,23.11619,101.20617,-9.45762,-9.45762,4.08554,11.89980,1091.44653,111.46216,7.96144,12.79695,8.76210,8.76210,1091.44653,904.00000,201.00000,201.00000
-59.15666,-47.24029,112.16468,23.20194,101.86414,-9.29334,-9.29334,2.37342,10.15316,1114.64846,112.06846,4.64498,9.78406,9.04031,9.04031,1114.64846,904.00000,201.00000,201.00000
-59.11689,-47.03183,112.58633,23.59855,102.65704,-8.50191,-8.50191,3.02508,4.71366,1138.24701,112.42944,-5.94152,0.13956,9.87944,9.87944,1138.24701,904.00000,201.00000,201.00000
-59.11926,-46.82187,113.00174,23.28569,101.32811,-6.68549,-6.68549,13.36081,-5.67099,1161.53270,109.94325,-26.11273,-18.36369,11.25711,11.25711,1161.53270,904.00000,201.00000,201.00000
-59.16685,-46.61637,113.39868,23.06905,98.76616,-5.40766,-5.40766,20.08694,-12.43540,1184.60175,106.50092,-38.94628,-30.22780,11.97417,11.97417,1184.60175,904.00000,201.00000,201.00000
-59.23119,-46.41358,113.78589,23.09331,99.15695,-5.53630,-5.53630,19.87453,-12.24682,1207.69506,107.00873,-38.68282,-29.98357,11.96066,11.96066,1207.69506,904.00000,201.00000,201.00000
-59.28805,-46.20853,114.17756,23.34795,100.77841,-6.19418,-6.19418,17.10373,-9.49564,1231.04301,109.12792,-33.57992,-25.26317,11.68372,11.68372,1231.04301,904.00000,201.00000,201.00000
-59.33804,-46.00143,114.57314,23.34958,101.05970,-6.27759,-6.27759,17.12461,-9.54147,1254.39259,109.49372,-33.73615,-25.40740,11.69264,11.69264,1254.39259,904.00000,201.00000,201.00000
-59.35210,-45.79713,114.96839,22.47116,104.50887,-8.98536,-8.98536,3.27002,4.31311,1276.86375,114.78120,-6.55799,-0.49627,9.84287,9.84287,1276.86375,904.00000,201.00000,201.00000
-59.30047,-45.59793,115.36413,22.79015,102.67969,-10.91302,-10.91302,8.58632,16.16312,1299.65390,114.07113,17.22379,21.03431,7.77513,7.77513,1254.07359,904.00000,201.00000,201.00000
-59.22624,-45.39845,115.76306,23.07274,103.93658,-10.59484,-10.59484,5.60151,13.14474,1322.72664,115.21027,11.29952,15.69567,8.33085,8.33085,1231.00085,904.00000,201.00000,201.00000
-59.16071,-45.19580,116.16506,23.14558,104.39505,-10.61084,-10.61084,5.01844,12.53237,1345.87222,115.71975,10.16170,14.66920,8.43533,8.43533,1207.85527,904.00000,201.00000,201.00000
-59.09420,-44.99342,116.56523,23.05966,104.38563,-10.87708,-10.87708,6.15380,13.64160,1368.93188,115.89355,12.49552,16.77294,8.21881,8.21881,1184.79561,904.00000,201.00000,201.00000
-59.02297,-44.79265,116.96168,22.98068,104.37168,-11.12120,-11.12120,7.16257,14.62426,1391.91256,116.04896,14.58338,18.65210,8.02078,8.02078,1161.81494,904.00000,201.00000,201.00000
-58.94932,-44.59274,117.35543,22.97658,104.60607,-11.24797,-11.24797,7.34679,14.78128,1414.88913,116.39198,15.00678,19.03275,7.98004,7.98004,1138.83836,904.00000,201.00000,201.00000
-58.89248,-44.38823,117.75344,23.47411,106.44579,-10.29555,-10.29555,0.36955,7.76512,1438.36325,117.75100,0.75948,6.19048,9.29090,9.29090,1115.36424,904.00000,201.00000,201.00000
-58.84892,-44.17978,118.15506,23.40340,106.54649,-10.64148,-10.64148,1.91010,9.28167,1461.76665,118.08941,3.93827,9.06131,9.00870,9.00870,1091.96085,904.00000,201.00000,201.00000
-58.80289,-43.97179,118.55468,23.43422,106.91586,-10.67284,-10.67284,1.47569,8.82005,1485.20087,118.51536,3.05311,8.26273,9.08844,9.08844,1068.52662,904.00000,201.00000,201.00000
-58.75892,-43.76333,118.95321,23.45661,107.25920,-10.72640,-10.72640,1.18549,8.50319,1508.65747,118.92775,2.46105,7.72868,9.14179,9.14179,1045.07002,904.00000,201.00000,201.00000
-58.71579,-43.55470,119.35036,23.45800,107.55236,-10.83590,-10.83590,1.24771,8.53965,1532.11547,119.32206,2.59885,7.85294,9.12932,9.12932,1021.61202,904.00000,201.00000,201.00000
-58.67264,-43.34607,119.74590,23.45978,107.84498,-10.94404,-10.94404,1.30219,8.56862,1555.57525,119.71498,2.72130,7.96327,9.11816,9.11816,998.15224,904.00000,201.00000,201.00000
-58.62949,-43.13743,120.13985,23.46156,108.13608,-11.05198,-11.05198,1.35630,8.59747,1579.03681,120.10619,2.84366,8.07347,9.10694,9.10694,974.69068,904.00000,201.00000,201.00000
-58.58634,-42.92880,120.53219,23.46335,108.42567,-11.15974,-11.15974,1.41002,8.62620,1602.50016,120.49569,2.96594,8.18353,9.09565,9.09565,951.22733,904.00000,201.00000,201.00000
-58.54661,-42.71958,120.92341,23.51801,108.88386,-11.04279,-11.04279,0.06980,7.25898,1626.01817,120.92332,0.14731,5.64638,9.35487,9.35487,927.70932,904.00000,201.00000,201.00000
-58.51379,-42.50916,121.31403,23.58708,109.28389,-10.91399,-10.91399,1.30149,5.86107,1649.60525,121.28273,-2.75545,3.03172,9.61801,9.61801,904.12224,904.00000,201.00000,201.00000
-58.47586,-42.29972,121.70210,23.42804,109.17671,-11.58986,-11.58986,2.26709,9.41135,1673.03329,121.60684,4.81428,9.84010,8.91667,8.91667,880.69421,904.00000,201.00000,201.00000
-58.42884,-42.09195,122.08703,23.42349,109.41992,-11.73007,-11.73007,2.53326,9.65380,1696.45677,121.96772,5.39616,10.36230,8.86096,8.86096,857.27072,904.00000,201.00000,201.00000
-58.38228,-41.88406,122.47047,23.44517,109.76954,-11.77494,-11.77494,2.18606,9.28215,1719.90195,122.38133,4.67160,9.71235,8.93066,8.93066,833.82554,904.00000,201.00000,201.00000
-58.33808,-41.67566,122.85279,23.47754,110.14343,-11.78959,-11.78959,1.65129,8.72292,1743.37948,122.80177,3.54019,8.69756,9.03940,9.03940,810.34801,904.00000,201.00000,201.00000
-58.31568,-41.46488,123.23411,23.66776,110.53509,-10.46220,-10.46220,6.62149,0.41393,1767.04725,122.41209,-14.21009,-7.27670,10.65012,10.65012,786.68024,904.00000,201.00000,201.00000
-58.31464,-41.25194,123.61412,23.68984,110.76954,-10.48492,-10.48492,7.00496,0.00803,1790.73709,122.69142,-15.07539,-8.05799,10.72407,10.72407,762.99040,904.00000,201.00000,201.00000
-58.31408,-41.03889,123.99257,23.68932,111.08606,-10.62299,-10.62299,6.76971,0.22209,1814.42641,123.12809,-14.61612,-7.64350,10.68463,10.68463,739.30108,904.00000,201.00000,201.00000
-58.30258,-40.82728,124.36861,23.44409,111.63040,-11.48930,-11.48930,2.46833,4.50870,1837.87050,124.25322,-5.35620,0.69317,9.85692,9.85692,715.85699,904.00000,201.00000,201.00000
-58.26219,-40.61981,124.74039,23.30357,110.77359,-12.82137,-12.82137,5.35967,12.32667,1861.17407,124.19502,11.65169,15.91816,8.19268,8.19268,692.55342,904.00000,201.00000,201.00000
-58.20192,-40.41548,125.10822,23.26570,110.84792,-13.01676,-13.01676,6.04519,12.99072,1884.43977,124.41252,13.17549,17.27655,8.03431,8.03431,669.28772,904.00000,201.00000,201.00000
-58.13838,-40.21216,125.47322,23.21996,110.83627,-13.23791,-13.23791,6.93343,13.85796,1907.65973,124.55564,15.14664,19.03168,7.82644,7.82644,646.06776,904.00000,201.00000,201.00000
-58.07180,-40.00979,125.83539,23.18700,110.89837,-13.41681,-13.41681,7.53060,14.43386,1930.84674,124.75006,16.49145,20.22777,7.68266,7.68266,622.88075,904.00000,201.00000,201.00000
-58.00242,-39.80837,126.19475,23.14460,110.86950,-13.62028,-13.62028,8.32779,15.21023,1953.99133,124.86411,18.27755,21.81462,7.48920,7.48920,599.73616,904.00000,201.00000,201.00000
-57.93144,-39.60750,126.55181,23.14923,111.10630,-13.72637,-13.72637,8.39158,15.25236,1977.14057,125.19692,18.46867,21.98427,7.46830,7.46830,576.58692,904.00000,201.00000,201.00000
-57.88663,-39.40095,126.91280,23.65093,113.52929,-12.09079,-12.09079,2.92000,3.90317,2000.79150,126.74802,-6.46514,-0.24692,10.02324,10.02324,552.93599,904.00000,201.00000,201.00000
-57.86799,-39.18873,127.27766,23.65391,113.80237,-12.18589,-12.18589,2.91888,3.88403,2024.44541,127.11253,-6.48124,-0.26134,10.02478,10.02478,529.28208,904.00000,201.00000,201.00000
-57.83504,-38.97912,127.63861,23.37623,113.43059,-13.29519,-13.29519,3.29750,10.08916,2047.82164,127.42728,7.34183,12.07879,8.64098,8.64098,505.90585,904.00000,201.00000,201.00000
-57.78254,-38.77309,127.99486,23.34679,113.11314,-13.72989,-13.72989,5.61225,12.38659,2071.16843,127.38132,12.51735,16.68021,8.09206,8.09206,482.55906,904.00000,201.00000,201.00000
-57.71903,-38.56994,128.34628,23.17097,112.44858,-14.19579,-14.19579,8.33750,15.09492,2094.33941,126.98980,18.61071,22.08345,7.42311,7.42311,459.38809,904.00000,201.00000,201.00000
-57.64588,-38.37001,128.69214,23.08624,111.92798,-14.52424,-14.52424,10.18473,16.92406,2117.42564,126.66430,22.75566,25.74997,6.95380,6.95380,436.30185,904.00000,201.00000,201.00000
-57.56890,-38.17135,129.03482,23.09159,112.14590,-14.62848,-14.62848,10.24859,16.96760,2140.51723,126.97607,22.95780,25.92855,6.93056,6.93056,413.21026,904.00000,201.00000,201.00000
-57.49191,-37.97270,129.37587,23.09693,112.36232,-14.73246,-14.73246,10.31206,17.01092,2163.61416,127.28610,23.15949,26.10664,6.90727,6.90727,390.11334,904.00000,201.00000,201.00000
-57.41493,-37.77405,129.71528,23.10226,112.57724,-14.83618,-14.83618,10.37514,17.05404,2186.71641,127.59439,23.36074,26.28424,6.88393,6.88393,367.01108,904.00000,201.00000,201.00000
-57.33795,-37.57539,130.05305,23.10758,112.79065,-14.93963,-14.93963,10.43783,17.09693,2209.82399,127.90094,23.56153,26.46136,6.86052,6.86052,343.90350,904.00000,201.00000,201.00000
-57.26097,-37.37674,130.38917,23.11288,113.00255,-15.04282,-15.04282,10.50014,17.13962,2232.93687,128.20574,23.76185,26.63797,6.83707,6.83707,320.79062,904.00000,201.00000,201.00000
-57.18053,-37.17963,130.72166,22.98053,112.36064,-15.34230,-15.34230,12.27195,18.89408,2255.91740,127.73464,27.78517,30.18062,6.35943,6.35943,297.81009,904.00000,201.00000,201.00000
-57.09015,-36.98697,131.04682,22.78663,110.64334,-15.78021,-15.78021,15.60149,22.20822,2278.70404,126.21848,35.24437,36.73077,5.44528,5.44528,275.02345,904.00000,201.00000,201.00000
-56.99331,-36.79721,131.36669,22.79473,110.81952,-15.88105,-15.88105,15.67037,22.25793,2301.49876,126.48399,35.48248,36.93945,5.41544,5.41544,252.22873,904.00000,201.00000,201.00000
-56.89646,-36.60745,131.68501,22.80280,110.99431,-15.98161,-15.98161,15.73884,22.30738,2324.30156,126.74788,35.71996,37.14746,5.38557,5.38557,229.42593,904.00000,201.00000,201.00000
-56.79961,-36.41769,132.00177,22.81085,111.16770,-16.08190,-16.08190,15.80691,22.35657,2347.11242,127.01014,35.95680,37.35481,5.35564,5.35564,206.61508,904.00000,201.00000,201.00000
-56.70276,-36.22792,132.31697,22.81889,111.33971,-16.18191,-16.18191,15.87458,22.40552,2369.93130,127.27077,36.19299,37.56148,5.32567,5.32567,183.79619,904.00000,201.00000,201.00000
-56.60591,-36.03816,132.63060,22.82690,111.51033,-16.28164,-16.28164,15.94183,22.45420,2392.75820,127.52977,36.42850,37.76747,5.29566,5.29566,160.96929,904.00000,201.00000,201.00000
-56.50907,-35.84840,132.94267,22.83490,111.67956,-16.38109,-16.38109,16.00869,22.50263,2415.59310,127.78714,36.66336,37.97277,5.26562,5.26562,138.13439,904.00000,201.00000,201.00000
-56.41222,-35.65864,133.25317,22.84287,111.84741,-16.48025,-16.48025,16.07515,22.55080,2438.43597,128.04288,36.89753,38.17737,5.23554,5.23554,115.29152,904.00000,201.00000,201.00000
-56.31537,-35.46887,133.56208,22.85083,112.01387,-16.57913,-16.57913,16.14121,22.59872,2461.28680,128.29699,37.13102,38.38127,5.20543,5.20543,92.44069,904.00000,201.00000,201.00000
-56.21852,-35.27911,133.86942,22.85876,112.17894,-16.67773,-16.67773,16.20688,22.64638,2484.14556,128.54947,37.36380,38.58447,5.17529,5.17529,69.58193,904.00000,201.00000,201.00000
-56.12167,-35.08935,134.17517,22.86667,112.34264,-16.77605,-16.77605,16.27214,22.69378,2507.01223,128.80033,37.59588,38.78694,5.14512,5.14512,46.71526,904.00000,201.00000,201.00000
-56.02483,-34.89959,134.47933,22.87456,112.50496,-16.87408,-16.87408,16.33701,22.74093,2529.88679,129.04957,37.82724,38.98870,5.11493,5.11493,23.84070,904.00000,201.00000,201.00000
-55.92798,-34.70982,134.78190,22.88243,112.66590,-16.97182,-16.97182,16.40149,22.78782,2552.76922,129.29717,38.05788,39.18971,5.08471,5.08471,0.95827,904.00000,201.00000,201.00000
-55.83113,-34.52006,135.08287,22.89027,112.82547,-17.06927,-17.06927,16.46558,22.83445,2575.65949,129.54315,38.28779,39.38999,5.05448,5.05448,-21.93200,904.00000,201.00000,201.00000
-82.32488,-66.65098,46.94883,20.72020,57.46204,8.43574,14.39870,9.41911,38.46195,20.72020,46.31585,7.68341,28.33984,17.91033,17.24245,20.72020,904.00000,802.00000,804.00000
-82.03330,-66.50480,47.23065,20.76735,57.63487,8.40439,14.36638,9.79291,38.62608,41.48755,46.54245,8.03334,28.77358,17.97379,17.35085,41.48755,904.00000,802.00000,804.00000
-81.74173,-66.35862,47.51229,20.81463,57.80531,8.37309,14.33369,10.16358,38.78929,62.30218,46.76673,8.38398,29.20737,18.03683,17.45870,62.30218,904.00000,802.00000,804.00000
-81.45427,-66.20507,47.80247,21.94731,59.65623,9.41450,15.33044,7.10400,35.51533,84.24949,47.43550,5.91177,26.12477,17.57005,16.68021,84.24949,904.00000,802.00000,804.00000
-81.17446,-66.03794,48.10847,22.96056,61.03795,10.19772,16.06839,4.85386,33.04412,107.21005,47.93595,4.07068,23.79485,17.19147,16.07407,107.21005,904.00000,802.00000,804.00000
-80.89816,-65.86460,48.42163,23.00680,61.28481,10.18312,16.05526,5.25076,33.22139,130.21685,48.21844,4.43129,24.25361,17.26791,16.19455,130.21685,904.00000,802.00000,804.00000
-80.62187,-65.69126,48.73458,23.05319,61.52885,10.16845,16.04161,5.64402,33.39771,153.27004,48.49833,4.79292,24.71282,17.34400,16.31456,153.27004,904.00000,802.00000,804.00000
-80.34557,-65.51792,49.04733,23.09974,61.77006,10.15370,16.02745,6.03371,33.57308,176.36977,48.77562,5.15554,25.17245,17.41976,16.43411,176.36977,904.00000,802.00000,804.00000
-80.06928,-65.34459,49.35984,23.14644,62.00848,10.13888,16.01277,6.41988,33.74750,199.51621,49.05032,5.51911,25.63247,17.49518,16.55319,199.51621,904.00000,802.00000,804.00000
-79.79298,-65.17125,49.67211,23.19328,62.24410,10.12399,15.99759,6.80259,33.92097,222.70949,49.32243,5.88360,26.09285,17.57026,16.67179,222.70949,904.00000,802.00000,804.00000
-79.51363,-65.00341,49.97761,22.40561,61.32464,9.37285,15.27605,9.53245,36.45035,245.11510,49.28752,8.27660,29.09155,18.04342,17.43073,245.11510,904.00000,802.00000,804.00000
-79.22632,-64.84983,50.26597,21.21521,59.22087,8.01830,13.94468,14.01879,40.74903,266.33031,48.76887,12.17643,33.88586,18.73515,18.59289,266.33031,904.00000,802.00000,804.00000
-78.93407,-64.70500,50.54368,21.26366,59.36259,7.98706,13.90760,14.35537,40.90087,287.59397,48.96553,12.53156,34.31675,18.79330,18.69409,287.59397,904.00000,802.00000,804.00000
-78.64182,-64.56017,50.82108,21.31220,59.50212,7.95594,13.87024,14.68934,41.05183,308.90618,49.15999,12.88710,34.74743,18.85107,18.79474,308.90618,904.00000,802.00000,804.00000
-78.34956,-64.41534,51.09816,21.36084,59.63948,7.92495,13.83261,15.02072,41.20193,330.26701,49.35225,13.24302,35.17788,18.90845,18.89483,330.26701,904.00000,802.00000,804.00000
-78.05731,-64.27052,51.37491,21.40955,59.77468,7.89409,13.79473,15.34954,41.35116,351.67656,49.54230,13.59930,35.60808,18.96544,18.99436,351.67656,904.00000,802.00000,804.00000
-77.76506,-64.12569,51.65131,21.45836,59.90773,7.86336,13.75659,15.67586,41.49953,373.13492,49.73017,13.95592,36.03801,19.02205,19.09333,373.13492,904.00000,802.00000,804.00000
-77.47411,-63.97830,51.93041,21.85450,60.81507,8.24365,14.13010,14.76542,40.41012,394.98942,50.21553,13.23510,35.16735,18.90589,18.89221,394.98942,904.00000,802.00000,804.00000
-77.18496,-63.82739,52.21337,22.03708,61.24268,8.36748,14.24655,14.63599,40.10210,417.02650,50.51908,13.19313,35.11649,18.89896,18.88038,417.02650,904.00000,802.00000,804.00000
-76.89631,-63.67551,52.49710,22.08617,61.38916,8.34037,14.21196,14.96454,40.25363,439.11267,50.71670,13.55587,35.55590,18.95883,18.98235,439.11267,904.00000,802.00000,804.00000
-76.60766,-63.52364,52.78045,22.13536,61.53340,8.31338,14.17709,15.29055,40.40430,461.24803,50.91207,13.91894,35.99504,19.01832,19.08378,461.24803,904.00000,802.00000,804.00000
-76.31902,-63.37176,53.06338,22.18464,61.67541,8.28651,14.14196,15.61405,40.55409,483.43267,51.10516,14.28233,36.43391,19.07745,19.18465,483.43267,904.00000,802.00000,804.00000
-76.03764,-63.20772,53.36012,23.92611,65.10626,10.07534,15.90884,10.40041,35.15567,507.35879,52.48343,9.63290,30.74356,18.25340,17.83588,507.35879,904.00000,802.00000,804.00000
-75.76590,-63.02770,53.67509,24.54570,66.15986,10.56701,16.38217,9.16500,33.73374,531.90449,52.98986,8.54927,29.39493,18.04133,17.50413,531.90449,904.00000,802.00000,804.00000
-75.49648,-62.84387,53.99403,24.59319,66.39064,10.55914,16.36924,9.51516,33.89962,556.49768,53.25118,8.92568,29.86457,18.11617,17.62017,556.49768,904.00000,802.00000,804.00000
-75.22701,-62.66010,54.31242,24.63158,66.60440,10.54272,16.34757,9.88901,34.09134,581.12926,53.50546,9.32762,30.36530,18.19562,17.74335,581.12926,904.00000,802.00000,804.00000
-74.95739,-62.47656,54.63004,24.65496,66.79056,10.51187,16.31135,10.30430,34.32671,605.78422,53.74894,9.77201,30.91799,18.28286,17.87866,605.78422,904.00000,802.00000,804.00000
-74.68764,-62.29319,54.94694,24.70288,67.01161,10.50359,16.29673,10.64520,34.48966,630.48710,54.00129,10.15017,31.38759,18.35661,17.99311,630.48710,904.00000,802.00000,804.00000
-74.41790,-62.10982,55.26330,24.75092,67.22992,10.49528,16.28170,10.98323,34.65171,655.23802,54.25104,10.52886,31.85719,18.43007,18.10708,655.23802,904.00000,802.00000,804.00000
-74.14821,-61.92638,55.57919,24.80870,67.46241,10.49661,16.27575,11.28870,34.78306,680.04672,54.50392,10.87978,32.29181,18.49780,18.21213,680.04672,904.00000,802.00000,804.00000
-73.88324,-61.73634,55.90198,25.79840,69.17270,11.36626,17.11939,8.88871,32.20405,705.84513,55.23062,8.63774,29.50015,18.05113,17.52982,654.24832,904.00000,802.00000,804.00000
-73.62295,-61.53977,56.23155,25.84493,69.42440,11.36732,17.11409,9.22817,32.36794,731.69005,55.50377,9.01766,29.97566,18.12913,17.64727,628.40339,904.00000,802.00000,804.00000
-73.36267,-61.34321,56.56049,25.89157,69.67322,11.36831,17.10831,9.56470,32.53094,757.58163,55.77422,9.39816,30.45129,18.20688,17.76428,602.51182,904.00000,802.00000,804.00000
-73.10238,-61.14664,56.88879,25.93834,69.91917,11.36922,17.10207,9.89833,32.69305,783.51997,56.04196,9.77921,30.92700,18.28436,17.88087,576.57348,904.00000,802.00000,804.00000
-72.82449,-60.98194,57.17924,21.74227,60.06562,6.41549,12.05108,24.66377,47.31760,805.26224,51.96290,23.86047,47.87451,20.60382,21.68203,554.83121,904.00000,802.00000,804.00000
-72.52451,-60.85679,57.42294,21.02411,56.33075,4.81528,10.33566,29.22206,51.74093,826.28636,50.11496,28.03363,52.63308,21.06301,22.59727,533.80709,904.00000,802.00000,804.00000
-72.22021,-60.73937,57.65713,21.07159,56.35909,4.78142,10.28348,29.45883,51.84300,847.35795,50.20260,28.35566,52.99482,21.09381,22.66346,512.73550,904.00000,802.00000,804.00000
-71.91592,-60.62195,57.89082,21.11908,56.38613,4.74786,10.23133,29.69425,51.94449,868.47703,50.28867,28.67746,53.35587,21.12433,22.72915,491.61642,904.00000,802.00000,804.00000
-71.60717,-60.51858,58.10677,19.81461,48.37054,1.71951,6.90268,37.92436,60.05156,888.29164,45.83595,35.71362,61.02406,21.59792,23.98344,471.80181,904.00000,802.00000,804.00000
-71.29261,-60.43323,58.30017,19.54965,45.68012,0.75937,5.81213,40.56295,62.57287,907.84129,44.29017,37.91162,63.31777,21.65839,24.29354,452.25216,904.00000,802.00000,804.00000
-70.97675,-60.35188,58.48825,19.58810,45.65055,0.72758,5.75695,40.73781,62.63145,927.42939,44.31677,38.16935,63.58342,21.66272,24.32719,432.66406,904.00000,802.00000,804.00000
-70.66089,-60.27052,58.67589,19.62654,45.62023,0.69613,5.70191,40.91207,62.68975,947.05593,44.34228,38.42684,63.84850,21.66685,24.36047,413.03752,904.00000,802.00000,804.00000
-70.34503,-60.18916,58.86308,19.66497,45.58916,0.66502,5.64699,41.08575,62.74777,966.72090,44.36669,38.68409,64.11301,21.67080,24.39338,393.37255,904.00000,802.00000,804.00000
-70.02917,-60.10780,59.04983,19.70338,45.55735,0.63426,5.59222,41.25884,62.80553,986.42428,44.39001,38.94110,64.37694,21.67456,24.42592,373.66917,904.00000,802.00000,804.00000
-69.71331,-60.02645,59.23613,19.74179,45.52480,0.60384,5.53758,41.43135,62.86300,1006.16607,44.41223,39.19786,64.64028,21.67814,24.45810,353.92738,904.00000,802.00000,804.00000
-69.40098,-59.93399,59.43551,20.69626,52.64643,3.06002,8.25890,35.02287,56.33217,1026.86233,48.67311,34.11024,59.27479,21.47800,23.70411,333.23112,904.00000,802.00000,804.00000
-69.09461,-59.82307,59.65692,21.48613,56.70324,4.53293,9.85502,31.20595,52.38686,1048.34846,51.02519,30.90919,55.76391,21.23426,23.12254,311.74499,904.00000,802.00000,804.00000
-68.79064,-59.70479,59.88677,21.53383,56.72060,4.50257,9.80351,31.43268,52.48489,1069.88229,51.09859,31.23074,56.12103,21.26271,23.18444,290.21116,904.00000,802.00000,804.00000
-68.48463,-59.59241,60.10894,20.99700,53.46510,3.26643,8.42776,34.87895,55.80718,1090.87929,49.31109,34.37297,59.56924,21.50587,23.75499,269.21416,904.00000,802.00000,804.00000
-68.17493,-59.49055,60.31787,20.63493,50.63680,2.23857,7.26642,37.72716,58.53565,1111.51422,47.70743,36.90863,62.29004,21.64976,24.16518,248.57923,904.00000,802.00000,804.00000
-67.86359,-59.39332,60.52071,20.67804,50.61782,2.20870,7.21252,37.91938,58.60896,1132.19226,47.74335,37.19313,62.59184,21.66301,24.20834,227.90119,904.00000,802.00000,804.00000
-67.55225,-59.29609,60.72305,20.72114,50.59796,2.17919,7.15876,38.11079,58.68190,1152.91340,47.77804,37.47730,62.89295,21.67607,24.25110,207.18005,904.00000,802.00000,804.00000
-67.24147,-59.19710,60.92701,20.91651,51.67570,2.52927,7.52913,37.30070,57.75263,1173.82991,48.46537,36.92166,62.30249,21.64889,24.16630,186.26354,904.00000,802.00000,804.00000
-66.93143,-59.09579,61.13326,21.01065,52.00686,2.62098,7.61056,37.17714,57.50979,1194.84055,48.70921,36.94168,62.32386,21.64995,24.16942,165.25289,904.00000,802.00000,804.00000
-66.62158,-58.99393,61.33967,21.05491,51.99053,2.59234,7.55743,37.37294,57.58672,1215.89546,48.74672,37.23321,62.63495,21.66554,24.21479,144.19799,904.00000,802.00000,804.00000
-66.31198,-58.89149,61.54622,21.14279,52.33605,2.68924,7.64442,37.23761,57.33257,1237.03825,48.99897,37.24296,62.64536,21.66607,24.21631,123.05520,904.00000,802.00000,804.00000
-66.01618,-58.75807,61.78865,24.42065,67.29404,8.37648,13.81651,21.93172,41.88690,1261.45891,57.31698,23.07815,46.70734,20.19251,21.35740,98.63454,904.00000,802.00000,804.00000
-65.73413,-58.59427,62.06612,24.47174,67.40031,8.36137,13.78262,22.20236,42.02045,1285.93065,57.46423,23.45348,47.14777,20.24724,21.44765,74.16280,904.00000,802.00000,804.00000
-65.45208,-58.43046,62.34286,24.52287,67.50457,8.34645,13.74862,22.47112,42.15321,1310.45352,57.60931,23.82854,47.58747,20.30170,21.53738,49.63993,904.00000,802.00000,804.00000
-65.16436,-58.27830,62.60534,23.20503,62.66649,6.33337,11.56935,28.24604,47.80148,1333.65854,55.15051,29.62852,54.28313,21.05689,22.83971,26.43491,904.00000,802.00000,804.00000
-64.86645,-58.14697,62.84299,22.34919,57.92684,4.52786,9.57236,33.26285,52.69760,1356.00774,52.54699,34.46817,59.70235,21.54503,23.78980,4.08571,904.00000,802.00000,804.00000
-64.47300,-57.98163,63.14556,23.21932,60.81220,5.54530,10.66356,30.74754,50.02171,23.21932,54.26909,32.28356,57.27337,21.33845,23.37562,23.21932,904.00000,802.00000,804.00000
-64.16555,-57.86106,63.37031,22.02388,52.85701,2.70685,7.49094,38.40412,57.56263,45.24320,49.66007,39.36590,65.01961,21.90095,24.61286,45.24320,904.00000,802.00000,804.00000
-63.85178,-57.75444,63.57824,22.07020,52.83532,2.68111,7.43853,38.59715,57.63926,67.31340,49.68967,39.66269,65.33534,21.91705,24.65746,67.31340,904.00000,802.00000,804.00000
-63.53801,-57.64781,63.78558,22.11651,52.81270,2.65573,7.38628,38.78933,57.71548,89.42991,49.71796,39.95903,65.65028,21.93296,24.70166,89.42991,904.00000,802.00000,804.00000
-63.22425,-57.54119,63.99232,22.16280,52.78917,2.63073,7.33420,38.98068,57.79130,111.59271,49.74495,40.25490,65.96441,21.94868,24.74544,111.59271,904.00000,802.00000,804.00000
-62.91048,-57.43456,64.19847,22.20908,52.76473,2.60609,7.28227,39.17120,57.86670,133.80179,49.77064,40.55030,66.27774,21.96422,24.78883,133.80179,904.00000,802.00000,804.00000
-62.59672,-57.32794,64.40403,22.25534,52.73939,2.58183,7.23051,39.36090,57.94171,156.05714,49.79504,40.84523,66.59025,21.97959,24.83182,156.05714,904.00000,802.00000,804.00000
-62.28295,-57.22131,64.60899,22.30159,52.71316,2.55795,7.17891,39.54979,58.01631,178.35872,49.81816,41.13968,66.90196,21.99479,24.87441,178.35872,904.00000,802.00000,804.00000
-61.97025,-57.11163,64.81694,22.60851,54.58377,3.16177,7.83580,38.10532,56.45619,200.96723,51.00300,39.99911,65.68815,21.93009,24.70456,200.96723,904.00000,802.00000,804.00000
-61.65885,-56.99829,65.02856,22.70959,54.93014,3.26061,7.92243,37.98267,56.21802,223.67682,51.25531,40.02008,65.71060,21.93140,24.70779,178.25765,904.00000,802.00000,804.00000
-61.34767,-56.88434,65.24026,22.75747,54.91097,3.23786,7.87188,38.17857,56.29887,246.43429,51.28460,40.32595,66.03825,21.95079,24.75490,155.50017,904.00000,802.00000,804.00000
-61.03649,-56.77039,65.45133,22.80534,54.89085,3.21548,7.82149,38.37358,56.37927,269.23963,51.31252,40.63129,66.36503,21.96999,24.80160,132.69483,904.00000,802.00000,804.00000
-60.72531,-56.65645,65.66175,22.85319,54.86977,3.19348,7.77127,38.56770,56.45922,292.09283,51.33909,40.93609,66.69095,21.98902,24.84790,109.84164,904.00000,802.00000,804.00000
-60.41413,-56.54250,65.87153,22.90103,54.84775,3.17185,7.72121,38.76094,56.53874,314.99385,51.36431,41.24035,67.01598,22.00788,24.89380,86.94061,904.00000,802.00000,804.00000
-60.10295,-56.42855,66.08067,22.94884,54.82479,3.15059,7.67131,38.95331,56.61782,337.94270,51.38820,41.54406,67.34014,22.02656,24.93929,63.99177,904.00000,802.00000,804.00000
-59.79176,-56.31461,66.28916,22.99664,54.80090,3.12971,7.62160,39.14483,56.69647,360.93933,51.41074,41.84721,67.66342,22.04508,24.98439,40.99513,904.00000,802.00000,804.00000
-59.47180,-56.23990,66.45039,20.71231,24.76409,-5.52595,-2.52804,61.69446,79.15192,381.65164,31.50900,58.50502,83.64846,21.56488,26.00846,20.28283,904.00000,802.00000,804.00000
-59.14237,-56.20614,66.56252,20.70801,23.10945,-5.93755,-3.05640,62.86976,80.23751,402.35965,30.35349,59.23879,84.21631,21.42891,25.94222,-0.42518,904.00000,802.00000,804.00000
-58.81253,-56.17413,66.67216,20.72479,23.03076,-5.94456,-3.09621,62.96748,80.24555,423.08444,30.30224,59.38814,84.32992,21.39965,25.92707,-21.14997,904.00000,802.00000,804.00000
-53.45914,-58.02377,21.90359,20.11446,15.92278,9.55643,9.55643,81.13213,-66.93429,20.11446,3.37658,-21.64177,-13.10598,7.61030,7.61030,20.11446,804.00000,201.00000,201.00000
-53.77216,-57.94848,21.93681,20.41603,16.49764,9.17918,9.17918,78.52313,-64.54243,40.53049,4.36482,-21.49818,-12.50456,7.95788,7.95788,40.53049,804.00000,201.00000,201.00000
-54.08496,-57.87233,21.97154,20.24244,16.10332,9.39028,9.39028,80.24843,-66.48672,60.77293,3.72146,-21.65408,-13.13303,7.59991,7.59991,60.77293,804.00000,201.00000,201.00000
-54.39777,-57.79619,22.00686,20.48362,16.55769,9.08904,9.08904,78.19209,-64.64800,81.25656,4.50329,-21.54117,-12.68463,7.85363,7.85363,81.25656,804.00000,201.00000,201.00000
-54.70951,-57.71576,22.04722,20.60262,16.74154,8.94714,8.94714,77.33051,-64.00640,101.85917,4.83554,-21.51040,-12.57491,7.91306,7.91306,101.85917,804.00000,201.00000,201.00000
-55.01999,-57.63082,22.09290,20.87615,17.20228,8.62186,8.62186,75.17601,-62.07313,122.73533,5.65248,-21.35757,-12.08021,8.16912,8.16912,122.73533,804.00000,201.00000,201.00000
-55.32758,-57.53611,22.14934,21.42956,17.97613,8.04159,8.04159,71.37042,-58.49194,144.16489,7.07557,-20.98879,-11.06082,8.65204,8.65204,144.16489,804.00000,201.00000,201.00000
-55.63326,-57.43503,22.21305,21.47264,18.01691,7.99686,7.99686,71.21300,-58.56258,165.63753,7.15373,-21.02959,-11.16402,8.60606,8.60606,165.63753,804.00000,201.00000,201.00000
-55.93240,-57.33109,22.28102,21.19818,18.54309,7.56071,7.56071,68.49612,-56.06548,186.83571,8.16742,-20.73010,-10.44942,8.91013,8.91013,144.43935,804.00000,201.00000,201.00000
-56.21579,-57.21267,22.36602,21.94460,19.77232,6.33629,6.33629,61.10639,-48.89182,208.78030,10.80692,-19.58186,-8.13043,9.75136,9.75136,122.49476,804.00000,201.00000,201.00000
-56.49214,-57.06747,22.47930,24.52222,20.53933,5.32553,5.32553,55.44752,-43.46818,233.30252,12.74938,-18.51411,-6.30256,10.28049,10.28049,97.97253,804.00000,201.00000,201.00000
-56.77043,-56.90619,22.60904,24.70590,20.65845,5.21665,5.21665,54.97063,-43.23215,258.00842,12.97751,-18.51359,-6.30173,10.28070,10.28070,73.26663,804.00000,201.00000,201.00000
-57.04832,-56.74360,22.74068,24.80191,20.75916,5.13753,5.13753,54.66625,-43.16665,282.81033,13.15181,-18.55178,-6.36227,10.26557,10.26557,48.46472,804.00000,201.00000,201.00000
-57.32292,-56.57583,22.87841,25.38906,21.07908,4.68388,4.68388,52.30051,-41.03579,308.19940,13.99060,-18.10206,-5.66901,10.42833,10.42833,23.07566,804.00000,201.00000,201.00000
-57.60214,-56.42077,23.00338,23.36051,20.14267,6.04808,6.04808,60.22487,-49.19775,331.55990,11.42342,-19.96650,-8.69239,9.64163,9.64163,-0.28485,804.00000,201.00000,201.00000
-179.71788,-58.84366,73.10340,23.04123,-32.93513,-17.30376,-18.40680,85.09360,64.68077,23.04123,6.25241,72.83553,36.26823,25.18870,24.10760,23.04123,901.00000,865.00000,841.00000
-179.35388,-58.76714,73.09598,22.29767,-37.33527,-20.15550,-20.97291,87.44215,71.56522,45.33889,-3.26214,73.02315,31.85084,22.83415,21.63247,45.33889,901.00000,865.00000,841.00000
-178.98648,-58.70764,73.12024,22.13542,-38.98445,-21.09952,-21.71710,84.33413,74.09506,67.47431,-7.21894,72.76301,29.95678,21.81032,20.57305,67.47431,901.00000,865.00000,841.00000
-178.61691,-58.66543,73.17595,21.69906,-42.77190,-23.67986,-23.98863,76.34756,81.50945,89.17337,-17.27183,71.10840,24.43392,18.78551,17.48574,89.17337,901.00000,865.00000,841.00000
-178.24556,-58.63969,73.26139,21.65197,-43.88520,-24.29805,-24.41532,73.65702,83.63353,110.82534,-20.61477,70.30123,22.58772,17.76336,16.45452,110.82534,901.00000,865.00000,841.00000
-177.87401,-58.61530,73.35218,21.70759,-43.59372,-23.82231,-23.82656,74.41296,82.31213,132.53293,-19.70988,70.65453,23.35417,18.18497,16.87720,132.53293,901.00000,865.00000,841.00000
-177.50324,-58.58135,73.43106,21.93761,-42.01436,-22.36754,-22.32409,78.06372,78.09270,154.47054,-15.18729,71.84335,26.27066,19.75860,18.44952,154.47054,901.00000,865.00000,841.00000
-177.13314,-58.54011,73.50175,21.96232,-42.27618,-22.31749,-22.12887,77.47975,78.10641,176.43286,-15.93405,71.75384,26.02825,19.63009,18.32168,176.43286,901.00000,865.00000,841.00000
-176.76208,-58.52013,73.60868,21.61411,-47.08446,-25.93703,-25.32954,64.49579,90.53225,198.04696,-31.69424,66.43578,16.05089,14.24255,13.02314,198.04696,901.00000,865.00000,841.00000
-176.38979,-58.52286,73.75364,21.62551,-47.51414,-26.06381,-25.29576,63.08518,91.39644,219.67247,-33.38572,65.76468,15.07538,13.70631,12.50109,219.67247,901.00000,865.00000,841.00000
-176.01742,-58.52707,73.90345,21.62292,-47.70519,-25.97766,-25.06735,62.54109,91.39660,241.29539,-34.07780,65.57761,14.81136,13.56201,12.36144,241.29539,901.00000,865.00000,841.00000
-175.64505,-58.53127,74.05582,21.62033,-47.89420,-25.89043,-24.83793,61.99885,91.39675,262.91571,-34.76841,65.38671,14.54628,13.41819,12.22306,262.91571,901.00000,865.00000,841.00000
-175.27271,-58.53672,74.21258,21.62160,-48.26106,-25.97087,-24.76101,60.72160,92.13455,284.53731,-36.29393,64.73219,13.66065,12.94052,11.76623,284.53731,901.00000,865.00000,841.00000
-174.90047,-58.54612,74.37761,21.63792,-48.79490,-26.22392,-24.84015,58.59969,93.72142,306.17523,-38.75179,63.48486,12.04748,12.07299,10.94181,306.17523,901.00000,865.00000,841.00000
-174.52827,-58.55821,74.54896,21.63049,-48.96717,-26.12764,-24.60202,58.06719,93.72267,327.80572,-39.43077,63.26738,11.77554,11.92737,10.80428,327.80572,901.00000,865.00000,841.00000
-174.15651,-58.57648,74.73145,21.70108,-49.76760,-26.72396,-24.98897,53.90880,97.35594,349.50681,-44.02222,60.38902,8.37008,10.10445,9.09381,349.50681,901.00000,865.00000,841.00000
-173.78557,-58.60718,74.93378,21.85312,-50.33191,-27.19287,-25.25600,49.75574,100.99503,371.35992,-48.41078,57.19675,4.91300,8.24233,7.35849,371.35992,901.00000,865.00000,841.00000
-173.41504,-58.64433,75.14708,21.83636,-50.47360,-27.09008,-25.00960,49.12351,101.12067,393.19629,-49.17855,56.82036,4.52422,8.03297,7.16463,393.19629,901.00000,865.00000,841.00000
-173.04534,-58.68827,75.37140,22.04873,-50.77320,-27.43053,-25.15580,44.82320,104.92167,415.24501,-53.45983,53.13092,0.88476,6.07311,5.36130,415.24501,901.00000,865.00000,841.00000
-172.67639,-58.73880,75.60625,22.01883,-50.88251,-27.29801,-24.88117,44.31182,104.94226,437.26384,-54.09995,52.81572,0.58687,5.91273,5.21467,437.26384,901.00000,865.00000,841.00000
-172.30941,-58.79978,75.85627,22.48227,-50.75180,-27.60873,-24.99159,37.92846,110.84529,459.74611,-59.83382,46.62711,-4.93378,2.93014,2.50545,414.78158,901.00000,865.00000,841.00000
-171.94539,-58.87713,76.12894,22.82356,-50.45471,-27.56443,-24.78433,34.22315,114.08856,482.56967,-62.94748,42.81625,-8.07504,1.21762,0.96041,391.95802,901.00000,865.00000,841.00000
-171.58242,-58.96039,76.40999,22.77765,-50.50940,-27.39706,-24.47270,33.71877,114.13996,505.34733,-63.55571,42.41648,-8.39410,1.04393,0.80475,369.18036,901.00000,865.00000,841.00000
-171.22122,-59.05019,76.69967,23.18198,-49.93931,-27.22933,-24.15190,29.73824,117.67552,528.52931,-66.59837,38.04598,-11.76715,-0.79049,-0.82817,345.99838,901.00000,865.00000,841.00000
-170.86321,-59.15206,77.00469,23.57905,-49.30774,-26.96244,-23.74162,26.39790,120.58636,552.10836,-68.97526,34.23646,-14.55596,-2.31331,-2.17405,322.41933,901.00000,865.00000,841.00000
-170.50665,-59.25947,77.31651,23.52402,-49.31704,-26.76492,-23.39786,25.89915,120.66530,575.63238,-69.55117,33.77096,-14.88737,-2.49385,-2.33245,298.89531,901.00000,865.00000,841.00000
-170.15008,-59.36689,77.62806,23.46898,-49.32297,-26.56622,-23.05345,25.40264,120.74470,599.10136,-70.12263,33.30063,-15.21953,-2.67343,-2.48887,275.42633,901.00000,865.00000,841.00000
-169.79351,-59.47428,77.93927,23.41247,-49.32792,-26.36679,-22.70883,24.91709,120.81576,622.51383,-70.68456,32.83631,-15.54483,-2.84798,-2.63977,252.01386,901.00000,865.00000,841.00000
-169.43692,-59.58163,78.25008,23.35498,-49.33124,-26.16657,-22.36398,24.43968,120.88123,645.86881,-71.23866,32.37480,-15.86565,-3.01882,-2.78634,228.65888,901.00000,865.00000,841.00000
-169.08032,-59.68895,78.56045,23.29991,-49.32716,-25.96446,-22.01786,23.94958,120.96192,669.16872,-71.79664,31.89024,-16.19988,-3.19542,-2.93669,205.35897,901.00000,865.00000,841.00000
-168.72373,-59.79627,78.87039,23.24484,-49.31968,-25.76119,-21.67116,23.46151,121.04308,692.41356,-72.35000,31.40090,-16.53476,-3.37101,-3.08500,182.11413,901.00000,865.00000,841.00000
-168.36413,-59.89216,79.16643,22.29401,-50.81121,-25.79115,-21.55115,29.01952,115.07136,714.70756,-69.22743,38.40424,-11.58178,-0.82121,-0.94738,159.82013,901.00000,865.00000,841.00000
-168.00086,-59.97364,79.44533,22.05602,-51.15590,-25.63003,-21.25562,30.19135,113.47147,736.76358,-68.66863,39.95221,-10.43714,-0.24398,-0.46687,137.76411,901.00000,865.00000,841.00000
-167.63683,-60.05215,79.72079,22.01191,-51.18469,-25.45566,-20.94254,29.71229,113.52108,758.77549,-69.23952,39.51320,-10.76292,-0.40661,-0.60120,115.75220,901.00000,865.00000,841.00000
-167.27220,-60.12778,79.99294,21.78396,-51.50169,-25.28697,-20.64268,30.84427,111.95969,780.55945,-68.67906,41.01289,-9.64635,0.14513,-0.14904,93.96824,901.00000,865.00000,841.00000
-166.90679,-60.19956,80.26068,21.68367,-51.62790,-25.11580,-20.33712,30.92424,111.44854,802.24311,-68.85143,41.24630,-9.47133,0.23067,-0.07949,72.28458,901.00000,865.00000,841.00000
-166.54119,-60.27036,80.52741,21.64304,-51.66035,-24.94648,-20.03103,30.45214,111.49057,823.88615,-69.41888,40.81277,-9.79518,0.07371,-0.20606,50.64154,901.00000,865.00000,841.00000
-166.17640,-60.34498,80.79855,21.84354,-51.27348,-24.75458,-19.69631,27.83050,113.68737,845.72969,-71.45279,37.72141,-12.05402,-1.01698,-1.07790,28.79800,901.00000,865.00000,841.00000
-165.81258,-60.42434,81.07503,21.86407,-51.17161,-24.56335,-19.36877,26.83525,114.26511,867.59377,-72.34393,36.59942,-12.85336,-1.40179,-1.38271,6.93392,901.00000,865.00000,841.00000
-165.44895,-60.50466,81.35241,21.81907,-51.17952,-24.38126,-19.05106,26.36798,114.31812,889.41284,-72.88852,36.13141,-13.18319,-1.55951,-1.50651,-14.88515,901.00000,865.00000,841.00000
-165.08614,-60.58832,81.63320,22.00854,-50.71815,-24.12858,-18.66833,24.04082,116.23588,911.42138,-74.55196,33.25634,-15.17019,-2.50547,-2.24207,-36.89369,901.00000,865.00000,841.00000
173.17265,-53.72317,27.54602,23.52030,-39.82591,-34.03039,-34.09529,5.13472,144.79223,23.52030,-27.43547,2.46531,-21.90379,-9.77064,-10.57003,23.52030,901.00000,943.00000,841.00000
173.38107,-53.89349,27.69171,23.21271,-40.32458,-34.02934,-34.23396,6.06076,143.67007,46.73301,-27.53692,2.92378,-21.23534,-9.20304,-10.00017,46.73301,901.00000,943.00000,841.00000
173.59447,-54.05761,27.83423,22.74119,-41.11835,-34.14892,-34.50316,7.85544,141.66965,69.47420,-27.57303,3.80422,-19.93421,-8.11387,-8.90205,69.47420,901.00000,943.00000,841.00000
173.81131,-54.21741,27.97442,22.65693,-41.23681,-33.98702,-34.46345,7.77162,141.53868,92.13113,-27.71747,3.78284,-19.96606,-8.14022,-8.92873,92.13113,901.00000,943.00000,841.00000
174.01510,-54.39165,28.12000,24.37891,-38.04351,-32.28669,-32.77033,0.58328,149.69952,116.51004,-28.11854,-0.28626,-25.74387,-12.97088,-13.82901,116.51004,901.00000,943.00000,841.00000
174.18205,-54.59970,28.27738,26.87860,-32.91500,-29.23654,-29.69471,10.95854,159.95369,143.38864,-27.76174,-5.37549,-32.20655,-18.57559,-19.51889,143.38864,901.00000,943.00000,841.00000
174.32906,-54.82485,28.44010,26.63840,-33.63379,-29.37457,-29.99402,9.88769,158.82642,170.02704,-28.01766,-4.88366,-31.61976,-18.05880,-18.99260,170.02704,901.00000,943.00000,841.00000
174.50287,-55.02623,28.59367,23.57371,-39.11183,-32.06791,-32.98601,0.94832,147.89322,193.60075,-28.58975,0.47324,-24.73598,-12.24633,-13.03386,193.60075,901.00000,943.00000,841.00000
174.70241,-55.20492,28.73858,23.57850,-39.50154,-32.02876,-33.08243,1.53360,147.14023,217.17925,-28.72828,0.76913,-24.33015,-11.91544,-12.69280,217.17925,901.00000,943.00000,841.00000
174.90198,-55.38568,28.88413,23.90766,-38.88490,-31.48853,-32.64658,0.20178,148.70633,241.08691,-28.88395,-0.10172,-25.51503,-12.87559,-13.68636,241.08691,901.00000,943.00000,841.00000
175.09707,-55.57134,29.03103,24.15205,-38.40840,-31.00726,-32.27570,1.55271,149.89954,265.23895,-29.02037,-0.78664,-26.42930,-13.61483,-14.45430,265.23895,901.00000,943.00000,841.00000
175.28946,-55.75984,29.17841,24.21878,-38.23826,-30.67817,-32.06754,2.20624,150.40329,289.45774,-29.15678,-1.12327,-26.87279,-13.97177,-14.82661,289.45774,901.00000,943.00000,841.00000
175.47516,-55.95476,29.32749,24.95659,-36.82293,-29.68023,-31.15265,5.37792,153.43600,314.41433,-29.19840,-2.74871,-28.96358,-15.65314,-16.58764,314.41433,901.00000,943.00000,841.00000
175.65705,-56.15341,29.47731,24.66099,-37.33469,-29.70522,-31.32365,4.61226,152.54694,339.07532,-29.38185,-2.37034,-28.48460,-15.26958,-16.18412,339.07532,901.00000,943.00000,841.00000
175.81672,-56.36716,29.63062,26.98933,-32.15432,-26.53123,-28.11128,14.24865,162.08099,366.06466,-28.71909,-7.29300,-34.37227,-20.03554,-21.22057,366.06466,901.00000,943.00000,841.00000
175.94786,-56.60133,29.78918,27.52568,-31.28799,-25.74060,-27.43250,15.84343,163.64542,393.59033,-28.65753,-8.13273,-35.30078,-20.80061,-22.03351,338.53898,901.00000,943.00000,841.00000
176.07730,-56.83750,29.94786,27.32084,-31.78316,-25.74683,-27.59873,15.20232,162.98281,420.91117,-28.89986,-7.85318,-34.99445,-20.55054,-21.76623,311.21814,901.00000,943.00000,841.00000
176.21053,-57.07158,30.10540,27.18634,-32.07587,-25.63540,-27.63934,14.89105,162.64196,448.09751,-29.09435,-7.73654,-34.86602,-20.44721,-21.65514,284.03180,901.00000,943.00000,841.00000
176.35062,-57.30120,30.26106,26.60193,-33.22229,-26.02539,-28.20863,13.15673,160.86852,474.69944,-29.46674,-6.88789,-33.91975,-19.69861,-20.84584,257.42987,901.00000,943.00000,841.00000
176.51014,-57.51719,30.41213,25.14408,-36.19980,-27.46117,-29.87559,8.09446,155.73763,499.84352,-30.10914,-4.28219,-30.88345,-17.35964,-18.30563,232.28579,901.00000,943.00000,841.00000
176.68365,-57.72323,30.55960,25.11999,-36.19350,-27.19951,-29.74506,8.32277,155.85957,524.96351,-30.23776,-4.42349,-31.05295,-17.48762,-18.44522,207.16580,901.00000,943.00000,841.00000
176.85716,-57.92926,30.70638,25.09596,-36.18525,-26.93674,-29.61319,8.55119,155.98201,550.05947,-30.36503,-4.56583,-31.22295,-17.61477,-18.58464,182.06984,901.00000,943.00000,841.00000
177.03714,-58.12786,30.84958,23.90826,-37.90774,-27.64764,-30.50332,5.51044,152.82728,573.96773,-30.70702,-2.96240,-29.27769,-16.18188,-17.00642,158.16158,901.00000,943.00000,841.00000
177.25120,-58.28029,30.97320,18.95198,-45.93067,-31.43697,-34.51095,15.20993,131.93402,592.91971,-29.88824,8.12602,-13.93720,-5.37577,-5.11305,139.20960,901.00000,943.00000,841.00000
177.50099,-58.37593,31.07208,17.33807,-47.90603,-31.74265,-34.79498,26.91931,119.94982,610.25778,-27.70526,14.06742,-4.25726,1.14076,2.03587,121.87153,901.00000,943.00000,841.00000
177.75894,-58.45351,31.16254,17.30938,-47.97884,-31.62227,-34.77218,26.56116,120.00440,627.56715,-27.87357,13.93442,-4.48672,0.98913,1.86939,104.56216,901.00000,943.00000,841.00000
178.01977,-58.51970,31.24736,16.47627,-48.22796,-31.05733,-34.14521,34.44382,111.81054,644.04342,-25.76911,17.67344,2.21897,5.35763,6.67283,88.08589,901.00000,943.00000,841.00000
178.28366,-58.57352,31.32615,16.40226,-48.29606,-30.89207,-34.05739,34.82206,111.10782,660.44568,-25.71656,17.88816,2.62151,5.61598,6.95726,71.68363,901.00000,943.00000,841.00000
178.54778,-58.62637,31.40455,16.38067,-48.39493,-30.79734,-34.05685,34.46866,111.13686,676.82636,-25.89104,17.77357,2.40683,5.47902,6.80602,55.30295,901.00000,943.00000,841.00000
178.81191,-58.67922,31.48305,16.35908,-48.49242,-30.70199,-34.05547,34.11647,111.16600,693.18544,-26.06479,17.65812,2.19153,5.34236,6.65466,38.94387,901.00000,943.00000,841.00000
179.07603,-58.73207,31.56162,16.33748,-48.58853,-30.60600,-34.05325,33.76550,111.19522,709.52291,-26.23779,17.54180,1.97561,5.20600,6.50318,22.60640,901.00000,943.00000,841.00000
179.34016,-58.78492,31.64027,16.31587,-48.68324,-30.50938,-34.05021,33.41571,111.22455,725.83878,-26.41004,17.42460,1.75909,5.06996,6.35159,6.29053,901.00000,943.00000,841.00000
179.60564,-58.82929,31.71484,15.86383,-48.27841,-29.64839,-33.11291,39.63517,104.67947,741.70262,-24.42429,20.23079,7.11157,8.39066,10.05906,-9.57331,901.00000,943.00000,841.00000
179.87287,-58.86236,31.78402,15.75356,-48.08403,-29.22166,-32.71085,41.52702,102.45243,757.45617,-23.79489,21.07195,8.79256,9.41760,11.20732,-25.32686,901.00000,943.00000,841.00000
159.24796,-37.76575,19.61274,22.49780,-30.88586,-46.97411,-46.97411,49.72578,137.49566,22.49780,-12.67859,14.96372,-12.95419,4.16120,4.16120,22.49780,901.00000,841.00000,841.00000
159.42040,-37.91555,19.79795,22.52495,-30.90400,-46.91282,-46.91282,48.43196,138.06222,45.02274,-13.13612,14.81220,-13.31685,3.61015,3.61015,45.02274,901.00000,841.00000,841.00000
159.59219,-38.06611,19.98691,22.50429,-31.03768,-46.81546,-46.81546,47.66231,138.12086,67.52703,-13.46117,14.77409,-13.40562,3.47584,3.47584,67.52703,901.00000,841.00000,841.00000
159.77027,-38.20842,20.16630,21.94700,-32.29056,-46.20377,-46.20377,52.23560,132.83340,89.47403,-12.35016,15.94218,-10.54002,7.68475,7.68475,89.47403,901.00000,841.00000,841.00000
159.94319,-38.35218,20.35067,22.12545,-30.72587,-46.71357,-46.71357,43.84715,140.52812,111.59948,-14.67671,14.09766,-14.84085,1.34311,1.34311,111.59948,901.00000,841.00000,841.00000
160.08173,-38.52741,20.58356,24.10451,-26.03031,-45.36877,-45.36877,28.42804,155.37654,135.70399,-18.10151,9.79890,-22.28607,-10.73840,-10.73840,135.70399,901.00000,841.00000,841.00000
160.19466,-38.72594,20.85186,24.21311,-25.63379,-44.96097,-44.96097,26.57399,156.77234,159.91710,-18.64901,9.32814,-22.94787,-11.89551,-11.89551,159.91710,901.00000,841.00000,841.00000
160.30449,-38.92622,21.12363,24.22184,-25.68566,-44.77370,-44.77370,25.88213,157.02971,184.13894,-19.00480,9.22091,-23.09402,-12.15106,-12.15106,184.13894,901.00000,841.00000,841.00000
160.39989,-39.13305,21.40592,24.71939,-23.05551,-42.96705,-42.96705,18.99184,163.53768,208.85832,-20.24069,6.96620,-25.89438,-17.19236,-17.19236,208.85832,901.00000,841.00000,841.00000
160.47942,-39.34703,21.69926,24.80187,-22.82862,-42.56646,-42.56646,17.82432,164.39434,233.66020,-20.65769,6.64213,-26.25796,-17.87012,-17.87012,233.66020,901.00000,841.00000,841.00000
160.58684,-39.54442,21.96888,23.21055,-28.93959,-45.59610,-45.59610,32.24947,149.59315,256.87075,-18.57981,11.72274,-19.55575,-6.45792,-6.45792,256.87075,901.00000,841.00000,841.00000
160.73014,-39.72078,22.20908,23.07384,-30.12561,-45.76219,-45.76219,34.92771,146.41389,279.94459,-18.20867,12.71564,-17.96164,-3.99228,-3.99228,279.94459,901.00000,841.00000,841.00000
160.85586,-39.90828,22.46613,24.11298,-25.66861,-43.67887,-43.67887,22.00165,158.88903,304.05757,-20.82999,8.41656,-24.10649,-13.84377,-13.84377,304.05757,901.00000,841.00000,841.00000
160.95120,-40.11466,22.75036,24.59189,-24.40085,-42.67411,-42.67411,18.39396,162.16653,328.64946,-21.58803,7.17885,-25.56750,-16.36366,-16.36366,328.64946,901.00000,841.00000,841.00000
161.05286,-40.31850,23.03136,23.98266,-27.11327,-44.02403,-44.02403,24.10382,156.12656,352.63213,-21.02319,9.40581,-22.87539,-11.83311,-11.83311,352.63213,901.00000,841.00000,841.00000
161.16990,-40.51444,23.30185,23.88985,-27.69089,-44.10372,-44.10372,24.81139,155.04055,376.52198,-21.15095,9.77822,-22.39146,-11.05494,-11.05494,376.52198,901.00000,841.00000,841.00000
161.28932,-40.70916,23.57121,23.87745,-27.81259,-43.95350,-43.95350,24.36843,155.10459,400.39943,-21.47128,9.72554,-22.46006,-11.16377,-11.16377,400.39943,901.00000,841.00000,841.00000
161.42039,-40.89371,23.82727,22.79858,-30.42557,-44.83893,-44.83893,30.77747,148.29548,423.19801,-20.47146,12.19254,-19.03491,-5.94216,-5.94216,423.19801,901.00000,841.00000,841.00000
161.58026,-41.05309,24.05014,21.86490,-33.63777,-45.03910,-45.03910,41.28373,137.30942,445.06290,-18.07251,15.86800,-12.92656,2.62689,2.62689,445.06290,901.00000,841.00000,841.00000
161.75725,-41.19749,24.25419,21.84277,-33.75812,-44.93312,-44.93312,40.68393,137.37243,466.90567,-18.39237,15.81096,-13.03199,2.48615,2.48615,466.90567,901.00000,841.00000,841.00000
161.93305,-41.34309,24.46130,21.88494,-33.67634,-44.85633,-44.85633,39.23449,138.29711,488.79061,-18.94684,15.47167,-13.64476,1.67024,1.67024,488.79061,901.00000,841.00000,841.00000
162.09318,-41.50446,24.69055,23.02047,-30.93549,-44.34019,-44.34019,28.80671,148.25048,511.81108,-21.63510,11.89730,-19.33624,-6.18761,-6.18761,511.81108,901.00000,841.00000,841.00000
162.23884,-41.68042,24.93987,23.00308,-31.04738,-44.20031,-44.20031,28.32670,148.32055,534.81416,-21.95347,11.83393,-19.42636,-6.31634,-6.31634,534.81416,901.00000,841.00000,841.00000
162.38450,-41.85638,25.18986,22.98568,-31.15824,-44.05949,-44.05949,27.85441,148.39097,557.79984,-22.27130,11.76937,-19.51716,-6.44518,-6.44518,557.79984,901.00000,841.00000,841.00000
162.54331,-42.01903,25.42333,21.85175,-33.93490,-44.40801,-44.40801,36.30659,139.51171,579.65159,-20.48764,15.05330,-14.51845,0.34787,0.34787,579.65159,901.00000,841.00000,841.00000
162.71818,-42.16541,25.63678,21.65732,-34.55893,-44.25496,-44.25496,37.85949,137.48169,601.30891,-20.24070,15.73399,-13.37374,1.82963,1.82963,601.30891,901.00000,841.00000,841.00000
162.89932,-42.30388,25.84115,21.22704,-35.35076,-43.98878,-43.98878,40.41097,134.44089,622.53594,-19.67582,16.75193,-11.59100,4.07983,4.07983,622.53594,901.00000,841.00000,841.00000
163.09125,-42.42639,26.02613,20.52985,-36.66246,-43.03480,-43.03480,47.11977,127.21730,643.06580,-17.70995,19.07137,-7.12361,9.47809,9.47809,643.06580,901.00000,841.00000,841.00000
163.29062,-42.53789,26.19838,20.50664,-36.78720,-42.95355,-42.95355,46.53310,127.26661,663.57244,-18.02279,19.01405,-7.24142,9.34016,9.34016,663.57244,901.00000,841.00000,841.00000
163.48998,-42.64939,26.37218,20.48339,-36.91094,-42.87161,-42.87161,45.95318,127.31612,684.05583,-18.33515,18.95558,-7.35995,9.20213,9.20213,684.05583,901.00000,841.00000,841.00000
163.68935,-42.76089,26.54746,20.46011,-37.03369,-42.78900,-42.78900,45.37989,127.36586,704.51593,-18.64701,18.89594,-7.47921,9.06398,9.06398,704.51593,901.00000,841.00000,841.00000
163.89195,-42.86612,26.71617,20.06234,-37.60088,-41.96311,-41.96311,48.88474,123.33488,724.57827,-17.56791,20.12765,-4.94092,11.94627,11.94627,724.57827,901.00000,841.00000,841.00000
164.09809,-42.96449,26.87764,20.00972,-37.76156,-41.80847,-41.80847,48.70063,122.98468,744.58799,-17.73907,20.19241,-4.80269,12.09992,12.09992,744.58799,901.00000,841.00000,841.00000
164.30452,-43.06228,27.03992,19.98729,-37.88825,-41.73606,-41.73606,48.12953,123.02643,764.57529,-18.04776,20.13543,-4.92314,11.96690,11.96690,764.57529,901.00000,841.00000,841.00000
164.50554,-43.16987,27.21595,20.54658,-37.20874,-42.72705,-42.72705,41.12731,129.52128,785.12187,-20.50042,17.90087,-9.27664,7.07021,7.07021,785.12187,901.00000,841.00000,841.00000
164.69985,-43.28967,27.40847,20.70272,-37.06439,-42.80215,-42.80215,39.09494,131.07964,805.82458,-21.27177,17.28398,-10.37352,5.80708,5.80708,805.82458,901.00000,841.00000,841.00000
164.89286,-43.41186,27.60501,20.67902,-37.17579,-42.70524,-42.70524,38.57576,131.13691,826.50361,-21.58117,17.21307,-10.49636,5.66560,5.66560,826.50361,901.00000,841.00000,841.00000
165.08606,-43.53372,27.80218,20.63352,-37.32368,-42.58767,-42.58767,38.26651,130.99005,847.13713,-21.82857,17.21846,-10.48712,5.67618,5.67618,847.13713,901.00000,841.00000,841.00000
165.27962,-43.65502,27.99965,20.59186,-37.46437,-42.47342,-42.47342,37.92730,130.87814,867.72898,-22.08588,17.21029,-10.50102,5.66037,5.66037,867.72898,901.00000,841.00000,841.00000
165.47370,-43.77541,28.19696,20.51877,-37.64715,-42.33550,-42.33550,37.82841,130.53033,888.24775,-22.27140,17.29316,-10.36070,5.81881,5.81881,888.24775,901.00000,841.00000,841.00000
165.67344,-43.88564,28.38294,19.88397,-38.67016,-41.37158,-41.37158,43.55660,124.34426,908.13172,-20.56895,19.55786,-6.32652,10.24339,10.24339,908.13172,901.00000,841.00000,841.00000
165.87847,-43.98634,28.55853,19.86100,-38.78753,-41.29143,-41.29143,43.03623,124.38956,927.99272,-20.87407,19.49008,-6.45321,10.10818,10.10818,927.99272,901.00000,841.00000,841.00000
166.07832,-44.09602,28.74591,20.39237,-38.01360,-42.02099,-42.02099,36.58195,130.38961,948.38509,-23.08312,17.13176,-10.57383,5.63802,5.63802,948.38509,901.00000,841.00000,841.00000
166.27072,-44.21868,28.94955,20.68386,-37.61080,-42.12325,-42.12325,33.57693,132.97520,969.06896,-24.11914,16.01073,-12.36991,3.63955,3.63955,969.06896,901.00000,841.00000,841.00000
166.46082,-44.34532,29.15861,20.65998,-37.71128,-42.01606,-42.01606,33.11134,133.03695,989.72894,-24.42356,15.92841,-12.49764,3.49687,3.49687,989.72894,901.00000,841.00000,841.00000
166.65092,-44.47197,29.36831,20.63607,-37.81064,-41.90811,-41.90811,32.65100,133.09897,1010.36501,-24.72731,15.84481,-12.62610,3.35412,3.35412,1010.36501,901.00000,841.00000,841.00000
166.84881,-44.58502,29.56287,19.68431,-39.42523,-40.79882,-40.79882,41.08764,124.24650,1030.04932,-22.28169,19.42909,-6.73758,9.65928,9.65928,1030.04932,901.00000,841.00000,841.00000
167.05447,-44.68442,29.74246,19.65937,-39.54034,-40.71162,-40.71162,40.62310,124.26657,1049.70869,-22.57479,19.36473,-6.85089,9.54232,9.54232,1049.70869,901.00000,841.00000,841.00000
167.26015,-44.78378,29.92295,19.63629,-39.65141,-40.62813,-40.62813,40.13775,124.31248,1069.34498,-22.87600,19.28916,-6.98257,9.40707,9.40707,1069.34498,901.00000,841.00000,841.00000
167.46512,-44.88449,30.10590,19.69250,-39.64409,-40.68550,-40.68550,38.75214,125.26587,1089.03748,-23.47842,18.84487,-7.74258,8.62771,8.62771,1089.03748,901.00000,841.00000,841.00000
167.66659,-44.99188,30.29732,20.02899,-39.20018,-41.03837,-41.03837,34.80171,128.80087,1109.06648,-24.87811,17.29183,-10.27484,6.00289,6.00289,1069.00849,901.00000,841.00000,841.00000
167.86528,-45.10457,30.49551,20.00501,-39.30029,-40.94028,-40.94028,34.34852,128.85612,1129.07149,-25.17772,17.20634,-10.40893,5.86288,5.86288,1049.00347,901.00000,841.00000,841.00000
168.06397,-45.21727,30.69431,19.98100,-39.39929,-40.84151,-40.84151,33.89998,128.91161,1149.05249,-25.47667,17.11959,-10.54370,5.72282,5.72282,1029.02247,901.00000,841.00000,841.00000
168.25563,-45.34058,30.90520,20.73809,-37.90505,-41.11592,-41.11592,26.47787,135.96506,1169.79058,-27.66345,13.77915,-15.40338,0.57031,0.57031,1008.28439,901.00000,841.00000,841.00000
168.43872,-45.47687,31.13049,20.92949,-37.57698,-40.99054,-40.99054,24.59933,137.51345,1190.72007,-28.30511,12.95869,-16.50990,-0.63333,-0.63333,987.35490,901.00000,841.00000,841.00000
168.62024,-45.61553,31.35852,20.90592,-37.65904,-40.86268,-40.86268,24.20963,137.58401,1211.62599,-28.60057,12.85939,-16.64119,-0.77618,-0.77618,966.44898,901.00000,841.00000,841.00000
168.80221,-45.75359,31.58608,20.83119,-37.85165,-40.73942,-40.73942,24.20801,137.26963,1232.45718,-28.80849,12.95189,-16.51953,-0.64470,-0.64470,945.61778,901.00000,841.00000,841.00000
168.98620,-45.88893,31.81096,20.63127,-38.32508,-40.61887,-40.61887,25.21344,135.94651,1253.08845,-28.78024,13.55120,-15.72679,0.20196,0.20196,924.98651,901.00000,841.00000,841.00000
169.17177,-46.02212,32.03381,20.60728,-38.40605,-40.49443,-40.49443,24.82455,136.01548,1273.69574,-29.07381,13.44911,-15.86218,0.05882,0.05882,904.37923,901.00000,841.00000,841.00000
169.35735,-46.15532,32.25682,20.58327,-38.48581,-40.36920,-40.36920,24.43948,136.08477,1294.27900,-29.36657,13.34567,-15.99828,-0.08430,-0.08430,883.79596,901.00000,841.00000,841.00000
169.54292,-46.28852,32.47996,20.55923,-38.56435,-40.24319,-40.24319,24.05812,136.15437,1314.83824,-29.65850,13.24088,-16.13508,-0.22742,-0.22742,863.23673,901.00000,841.00000,841.00000
169.72504,-46.42600,32.70745,20.88232,-37.78266,-40.04677,-40.04677,20.82842,139.08484,1335.72056,-30.57000,11.62981,-18.17735,-2.37521,-2.37521,842.35441,901.00000,841.00000,841.00000
169.89934,-46.57321,32.94452,21.37324,-36.67682,-39.68227,-39.68227,17.00807,142.63409,1357.09380,-31.50364,9.63648,-20.56847,-4.93566,-4.93566,820.98117,901.00000,841.00000,841.00000
170.06927,-46.72585,33.18679,21.35101,-36.74379,-39.53306,-39.53306,16.67939,142.71226,1378.44481,-31.79049,9.52514,-20.69762,-5.07502,-5.07502,799.63016,901.00000,841.00000,841.00000
170.23921,-46.87849,33.42889,21.32877,-36.80950,-39.38298,-39.38298,16.35365,142.79078,1399.77358,-32.07642,9.41242,-20.82744,-5.21430,-5.21430,778.30139,901.00000,841.00000,841.00000
170.40915,-47.03113,33.67079,21.30651,-36.87395,-39.23206,-39.23206,16.03078,142.86967,1421.08008,-32.36145,9.29831,-20.95793,-5.35352,-5.35352,756.99488,901.00000,841.00000,841.00000
170.57953,-47.18327,33.91201,21.23638,-37.05677,-39.11115,-39.11115,16.03674,142.62181,1442.31647,-32.59232,9.36832,-20.87824,-5.26907,-5.26907,735.75850,901.00000,841.00000,841.00000
170.75058,-47.33467,34.15232,21.19125,-37.17611,-38.97425,-38.97425,15.87277,142.54480,1463.50772,-32.85014,9.34073,-20.90953,-5.30199,-5.30199,714.56725,901.00000,841.00000,841.00000
170.92183,-47.48583,34.39219,21.16875,-37.23720,-38.82232,-38.82232,15.55446,142.62435,1484.67647,-33.13261,9.22241,-21.04297,-5.44149,-5.44149,693.39850,901.00000,841.00000,841.00000
171.08735,-47.64267,34.63679,21.67805,-35.79854,-38.20772,-38.20772,11.41510,146.54027,1506.35451,-33.95164,6.85517,-23.62028,-8.15987,-8.15987,671.72045,901.00000,841.00000,841.00000
171.24211,-47.81019,34.89038,22.20323,-34.47673,-37.51906,-37.51906,7.94794,149.81821,1528.55775,-34.55522,4.82441,-25.70350,-10.40481,-10.40481,649.51722,901.00000,841.00000,841.00000
171.39184,-47.98270,35.14786,22.18453,-34.53104,-37.34323,-37.34323,7.69599,149.90135,1550.74227,-34.83127,4.70689,-25.82037,-10.53159,-10.53159,627.33269,901.00000,841.00000,841.00000
171.54468,-48.15207,35.40213,21.80537,-35.45567,-37.51259,-37.51259,9.41255,148.01149,1572.54765,-34.92549,5.78974,-24.73398,-9.36965,-9.36965,605.52732,901.00000,841.00000,841.00000
171.70958,-48.30928,35.64545,20.90005,-37.90527,-38.13095,-38.13095,15.11824,142.10475,1593.44770,-34.41175,9.29676,-21.02358,-5.54410,-5.54410,584.62727,901.00000,841.00000,841.00000
171.88341,-48.45748,35.88066,20.87708,-37.95970,-37.97692,-37.97692,14.80671,142.18577,1614.32478,-34.68918,9.16962,-21.16316,-5.68413,-5.68413,563.75019,901.00000,841.00000,841.00000
172.05724,-48.60567,36.11557,20.85410,-38.01281,-37.82205,-37.82205,14.49746,142.26716,1635.17888,-34.96561,9.04107,-21.30338,-5.82402,-5.82402,542.89609,901.00000,841.00000,841.00000
172.21434,-48.76715,36.36024,21.98992,-33.85832,-36.09449,-36.09449,4.41054,152.16016,1657.16879,-36.25257,2.79619,-27.60578,-12.30643,-12.30643,520.90617,901.00000,841.00000,841.00000
172.33707,-48.95595,36.62507,23.82240,-29.15218,-33.51617,-33.51617,4.78597,161.25380,1680.99119,-36.49737,-3.05577,-32.67457,-17.90716,-17.90716,497.08378,901.00000,841.00000,841.00000
172.44213,-49.15877,36.89985,23.81236,-29.21502,-33.31507,-33.31507,4.90021,161.32509,1704.80355,-36.76498,-3.15201,-32.75124,-17.99495,-17.99495,473.27142,901.00000,841.00000,841.00000
172.54720,-49.36160,37.17395,23.80232,-29.27688,-33.11319,-33.11319,5.01449,161.39665,1728.60587,-37.03168,-3.24929,-32.82835,-18.08251,-18.08251,449.46910,901.00000,841.00000,841.00000
172.62833,-49.56938,37.44519,24.01134,-24.03688,-29.78961,-29.78961,13.77762,170.14911,1752.61721,-36.36780,-8.91773,-36.94564,-22.94045,-22.94045,425.45776,901.00000,841.00000,841.00000
172.64892,-49.78968,37.71049,25.36308,-15.62520,-23.96148,-23.96148,26.12481,-177.39895,1777.98028,-33.85787,-16.60499,-41.28727,-28.82545,-28.82545,400.09468,901.00000,841.00000,841.00000
172.63002,-50.01691,37.97079,25.24674,-15.12827,-23.33823,-23.33823,26.83276,-176.48242,1803.22703,-33.88239,-17.13955,-41.52996,-29.19871,-29.19871,374.84794,901.00000,841.00000,841.00000
172.57889,-50.23709,38.21253,24.44602,-7.83328,-17.74746,-17.74746,36.61650,-166.45798,1827.67304,-30.67112,-22.79209,-43.54063,-32.79583,-32.79583,350.40192,901.00000,841.00000,841.00000
172.49822,-50.45079,38.43775,24.43998,-8.07598,-17.65622,-17.65622,36.24716,-166.51677,1852.11303,-30.99905,-22.72708,-43.52386,-32.75851,-32.75851,325.96194,901.00000,841.00000,841.00000
172.43125,-50.66858,38.67262,24.95488,-11.93262,-20.23980,-20.23980,31.09285,-171.37659,1877.06791,-33.11658,-19.97156,-42.66397,-31.12970,-31.12970,301.00706,901.00000,841.00000,841.00000
172.38000,-50.89104,38.91817,25.04121,-12.64264,-20.47995,-20.47995,30.13023,-172.08348,1902.10912,-33.65981,-19.53564,-42.50355,-30.86387,-30.86387,275.96585,901.00000,841.00000,841.00000
172.35938,-51.11306,39.17259,24.58126,-19.48624,-25.02866,-25.02866,20.66788,178.67004,1926.69038,-36.65152,-13.82598,-39.89449,-27.16859,-27.16859,251.38459,901.00000,841.00000,841.00000
172.39590,-51.33307,39.44138,24.76542,-25.72679,-28.86460,-28.86460,11.41496,169.52329,1951.45580,-38.66121,-7.80597,-36.28044,-22.86060,-22.86060,226.61916,901.00000,841.00000,841.00000
172.46087,-51.55205,39.71680,24.76150,-25.81519,-28.66054,-28.66054,11.43432,169.57249,1976.21730,-38.92852,-7.87364,-36.32539,-22.91077,-22.91077,201.85767,901.00000,841.00000,841.00000
172.52584,-51.77104,39.99159,24.75757,-25.90290,-28.45586,-28.45586,11.45461,169.62186,2000.97487,-39.19505,-7.94199,-36.37064,-22.96075,-22.96075,177.10009,901.00000,841.00000,841.00000
172.59143,-51.98984,40.26568,24.72630,-26.12330,-28.33491,-28.33491,11.26629,169.46112,2025.70117,-39.48975,-7.86667,-36.32084,-22.90638,-22.90638,152.37380,901.00000,841.00000,841.00000
172.66095,-52.20739,40.53880,24.57993,-26.92261,-28.57790,-28.57790,10.16177,168.37774,2050.28110,-39.90289,-7.15218,-35.84346,-22.39420,-22.39420,127.79386,901.00000,841.00000,841.00000
172.73380,-52.42389,40.81097,24.57505,-27.00090,-28.36908,-28.36908,10.20586,168.43313,2074.85615,-40.16524,-7.23111,-35.89662,-22.45034,-22.45034,103.21881,901.00000,841.00000,841.00000
172.80665,-52.64039,41.08246,24.57018,-27.07845,-28.15962,-28.15962,10.25062,168.48871,2099.42634,-40.42673,-7.31080,-35.95009,-22.50624,-22.50624,78.64863,901.00000,841.00000,841.00000
172.87950,-52.85688,41.35327,24.56532,-27.15523,-27.94953,-27.94953,10.29605,168.54447,2123.99165,-40.68737,-7.39125,-36.00389,-22.56189,-22.56189,54.08331,901.00000,841.00000,841.00000
172.94724,-53.07475,41.62356,24.73403,-26.15889,-27.06058,-27.06058,12.02279,170.28678,2148.72568,-40.71054,-8.67022,-36.84158,-23.42626,-23.42626,29.34928,901.00000,841.00000,841.00000
173.00109,-53.29633,41.89363,25.08062,-24.39117,-25.65960,-25.65960,14.86359,173.16616,2173.80630,-40.49184,-10.74650,-38.13411,-24.77433,-24.77433,4.26867,901.00000,841.00000,841.00000
173.04611,-53.52028,42.16340,25.07875,-24.49342,-25.45847,-25.45847,14.83787,173.20185,2198.88505,-40.75743,-10.79740,-38.16474,-24.80635,-24.80635,-20.81008,901.00000,841.00000,841.00000
156.59007,-36.43069,18.81011,21.45709,-30.71030,-37.43738,-37.43738,78.92537,104.37215,21.45709,3.61319,18.45982,6.26287,30.59899,30.59899,21.45709,901.00000,872.00000,841.00000
156.81728,-36.49670,18.78621,21.95462,-31.51099,-42.54046,-42.54046,89.12847,115.35409,43.41171,-0.28575,18.78404,0.20608,22.81338,22.81338,43.41171,901.00000,872.00000,841.00000
157.03817,-36.58399,18.79715,22.03477,-31.67280,-43.18835,-43.18835,86.34965,117.15691,65.44648,-1.19677,18.75901,-0.86088,21.36568,21.36568,65.44648,901.00000,872.00000,841.00000
157.25746,-36.67527,18.81875,22.05446,-31.83106,-43.37554,-43.37554,84.72852,117.80385,87.50095,-1.72897,18.73915,-1.29198,20.77805,20.77805,87.50095,901.00000,872.00000,841.00000
157.47941,-36.75943,18.83478,21.75309,-32.00000,-41.41043,-41.41043,88.63390,112.93033,109.25403,-0.44903,18.82942,1.35146,24.28920,24.28920,109.25403,901.00000,872.00000,841.00000
157.70154,-36.84190,18.85326,21.87606,-32.18411,-42.95857,-42.95857,83.65722,116.93946,131.13009,-2.08284,18.73786,-0.97052,21.23697,21.23697,131.13009,901.00000,872.00000,841.00000
157.91524,-36.94359,18.90498,22.45438,-31.92784,-45.33902,-45.33902,75.04096,124.59379,153.58447,-4.87991,18.26430,-5.33311,15.22832,15.22832,108.67571,901.00000,872.00000,841.00000
158.11975,-37.06380,18.98918,22.66723,-31.68592,-46.13458,-46.13458,70.47165,128.21814,176.25170,-6.34757,17.89685,-7.41528,12.23421,12.23421,86.00848,901.00000,872.00000,841.00000
158.31635,-37.19648,19.09720,23.03363,-31.22397,-46.81129,-46.81129,65.40714,132.36024,199.28533,-7.94763,17.36486,-9.75676,8.77469,8.77469,62.97486,901.00000,872.00000,841.00000
158.51024,-37.33338,19.21608,22.84603,-31.61967,-46.48858,-46.48858,65.95160,130.91291,222.13136,-7.83071,17.54815,-9.02675,9.85847,9.85847,40.12882,901.00000,872.00000,841.00000
158.71313,-37.45581,19.31693,22.25875,-32.67881,-44.77011,-44.77011,72.40775,123.55155,244.39011,-5.83837,18.41350,-4.95715,15.63415,15.63415,17.87007,901.00000,872.00000,841.00000
158.92344,-37.56626,19.40370,22.23586,-32.83555,-44.71132,-44.71132,71.45360,123.59074,266.62597,-6.17178,18.39599,-5.05268,15.50367,15.50367,-4.36579,901.00000,872.00000,841.00000
143.59510,-30.11573,18.66422,23.39043,-19.35891,-38.12391,-39.48393,43.76289,133.01908,23.39043,13.47945,12.90958,-3.53926,-16.41117,-0.56135,23.39043,901.00000,847.00000,854.00000
143.77302,-30.25912,18.57551,23.37222,-19.55557,-38.04629,-39.56771,44.15720,133.06088,46.76265,13.32665,12.94024,-3.58377,-16.49830,-0.65177,46.76265,901.00000,847.00000,854.00000
143.95095,-30.40251,18.48733,23.35394,-19.75167,-37.96780,-39.65067,44.55548,133.10292,70.11659,13.17354,12.97070,-3.62895,-16.58566,-0.74281,70.11659,901.00000,847.00000,854.00000
144.12887,-30.54591,18.39970,23.33560,-19.94720,-37.88846,-39.73281,44.95772,133.14521,93.45220,13.02015,13.00095,-3.67479,-16.67326,-0.83449,93.45220,901.00000,847.00000,854.00000
144.30680,-30.68930,18.31263,23.31720,-20.14215,-37.80825,-39.81414,45.36397,133.18774,116.76939,12.86646,13.03098,-3.72130,-16.76109,-0.92678,116.76939,901.00000,847.00000,854.00000
144.48472,-30.83269,18.22613,23.29872,-20.33653,-37.72718,-39.89464,45.77427,133.23052,140.06812,12.71249,13.06080,-3.76849,-16.84915,-1.01970,140.06812,901.00000,847.00000,854.00000
144.66265,-30.97609,18.14023,23.28019,-20.53032,-37.64525,-39.97431,46.18862,133.27354,163.34831,12.55823,13.09040,-3.81636,-16.93743,-1.11325,163.34831,901.00000,847.00000,854.00000
144.84057,-31.11948,18.05492,23.26159,-20.72351,-37.56245,-40.05315,46.60706,133.31681,186.60989,12.40370,13.11978,-3.86491,-17.02593,-1.20742,186.60989,901.00000,847.00000,854.00000
145.01850,-31.26287,17.97023,23.24292,-20.91611,-37.47880,-40.13115,47.02960,133.36033,209.85281,12.24888,13.14892,-3.91413,-17.11465,-1.30222,209.85281,901.00000,847.00000,854.00000
145.19642,-31.40627,17.88616,23.22419,-21.10811,-37.39429,-40.20832,47.45626,133.40410,233.07701,12.09378,13.17783,-3.96405,-17.20358,-1.39764,233.07701,901.00000,847.00000,854.00000
145.35548,-31.56792,17.81310,24.01357,-19.85490,-32.45646,-38.91651,60.93046,146.45917,257.09058,8.65487,15.56920,-8.68433,-25.25343,-10.51602,257.09058,901.00000,847.00000,854.00000
145.49433,-31.74913,17.75202,24.10212,-19.90803,-31.96396,-38.80893,62.29591,147.38698,281.19270,8.25300,15.71693,-9.03175,-25.81629,-11.19514,281.19270,901.00000,847.00000,854.00000
145.63184,-31.93164,17.69261,24.08827,-20.09641,-31.86119,-38.86630,62.78950,147.43863,305.28096,8.09014,15.73462,-9.07505,-25.88536,-11.27920,305.28096,901.00000,847.00000,854.00000
145.76936,-32.11414,17.63418,24.07436,-20.28416,-31.75753,-38.92275,63.28679,147.49060,329.35533,7.92701,15.75205,-9.11899,-25.95460,-11.36385,329.35533,901.00000,847.00000,854.00000
145.90688,-32.29665,17.57674,24.06041,-20.47131,-31.65298,-38.97827,63.78775,147.54289,353.41573,7.76361,15.76922,-9.16358,-26.02399,-11.44910,353.41573,901.00000,847.00000,854.00000
146.04439,-32.47915,17.52030,24.04640,-20.65783,-31.54754,-39.03286,64.29236,147.59551,377.46213,7.59994,15.78613,-9.20884,-26.09353,-11.53494,377.46213,901.00000,847.00000,854.00000
146.18944,-32.65541,17.46064,23.69487,-21.52902,-33.47381,-39.90486,60.10395,142.96238,401.15700,8.70287,15.13717,-7.52939,-23.50516,-8.39254,401.15700,901.00000,847.00000,854.00000
146.34264,-32.82492,17.39738,23.65817,-21.76389,-33.52562,-40.01786,60.22188,142.63539,424.81517,8.64028,15.10015,-7.43696,-23.36212,-8.22191,424.81517,901.00000,847.00000,854.00000
146.49645,-32.99393,17.33473,23.64153,-21.94851,-33.42128,-40.07508,60.72315,142.68835,448.45670,8.47720,15.12051,-7.48897,-23.44176,-8.31719,448.45670,901.00000,847.00000,854.00000
146.65025,-33.16294,17.27304,23.62483,-22.13248,-33.31605,-40.13136,61.22832,142.74162,472.08153,8.31387,15.14059,-7.54168,-23.52156,-8.41309,472.08153,901.00000,847.00000,854.00000
146.80405,-33.33195,17.21232,23.60808,-22.31577,-33.20991,-40.18670,61.73736,142.79520,495.68961,8.15027,15.16037,-7.59510,-23.60151,-8.50962,495.68961,901.00000,847.00000,854.00000
146.97448,-33.47711,17.14205,21.97323,-23.70620,-38.08813,-41.09867,47.27534,127.91674,517.66285,11.63047,12.59294,-1.61945,-14.34556,2.04349,517.66285,901.00000,847.00000,854.00000
147.17394,-33.58059,17.05403,21.81457,-23.71661,-40.17821,-39.86790,35.66596,115.94332,539.47742,13.85521,9.94350,3.31069,-6.20902,10.46078,539.47742,901.00000,847.00000,854.00000
147.38580,-33.66624,16.95852,21.79703,-23.90981,-40.11591,-39.96171,36.03815,115.96583,561.27444,13.71309,9.97710,3.25263,-6.30690,10.36347,561.27444,901.00000,847.00000,854.00000
147.59765,-33.75188,16.86342,21.77945,-24.10246,-40.05290,-40.05481,36.41425,115.98843,583.05389,13.57077,10.01045,3.19395,-6.40488,10.26568,583.05389,901.00000,847.00000,854.00000
147.80951,-33.83753,16.76873,21.76184,-24.29455,-39.98917,-40.14721,36.79430,116.01111,604.81573,13.42824,10.04353,3.13466,-6.50294,10.16742,604.81573,901.00000,847.00000,854.00000
148.02137,-33.92317,16.67445,21.74419,-24.48609,-39.92474,-40.23891,37.17833,116.03387,626.55992,13.28551,10.07633,3.07475,-6.60109,10.06869,626.55992,901.00000,847.00000,854.00000
148.23893,-33.98720,16.57520,21.11256,-23.35224,-40.34099,-37.02236,24.42918,102.96180,647.67248,15.09128,6.85498,8.50603,2.51122,18.84011,647.67248,901.00000,847.00000,854.00000
148.46385,-34.02310,16.46913,21.13930,-22.90273,-40.03171,-35.73028,20.71184,98.96680,668.81178,15.40475,5.82461,10.06885,5.22677,21.29820,668.81178,901.00000,847.00000,854.00000
148.69046,-34.05253,16.36152,21.13214,-23.10340,-39.99515,-35.84216,20.98478,98.96988,689.94392,15.27635,5.85938,10.01670,5.13607,21.21707,689.94392,901.00000,847.00000,854.00000
148.91708,-34.08195,16.25398,21.12498,-23.30365,-39.95797,-35.95348,21.26072,98.97298,711.06890,15.14773,5.89389,9.96405,5.04537,21.13563,711.06890,901.00000,847.00000,854.00000
149.14369,-34.11137,16.14652,21.11781,-23.50349,-39.92017,-36.06423,21.53975,98.97607,732.18671,15.01890,5.92814,9.91092,4.95469,21.05388,689.95108,901.00000,847.00000,854.00000
149.37030,-34.14080,16.03916,21.11064,-23.70290,-39.88176,-36.17442,21.82190,98.97917,753.29735,14.88985,5.96212,9.85729,4.86403,20.97181,668.84044,901.00000,847.00000,854.00000
149.59691,-34.17022,15.93189,21.10346,-23.90189,-39.84273,-36.28404,22.10724,98.98228,774.40082,14.76060,5.99583,9.80317,4.77339,20.88943,647.73698,901.00000,847.00000,854.00000
149.82345,-34.19989,15.82480,21.09129,-24.12621,-39.81537,-36.44817,22.54837,99.13743,795.49211,14.61509,6.06823,9.68479,4.57705,20.71016,626.64569,901.00000,847.00000,854.00000
150.03914,-34.26532,15.72836,21.93056,-26.17063,-38.60950,-41.59733,44.62772,120.85496,817.42267,11.19366,11.04913,-0.02060,-10.55723,5.64952,604.71513,901.00000,847.00000,854.00000
150.24413,-34.36631,15.64288,21.91111,-26.35308,-38.52921,-41.67467,45.08429,120.88544,839.33377,11.04490,11.07744,-0.08747,-10.65543,5.54350,582.80402,901.00000,847.00000,854.00000
150.44912,-34.46729,15.55807,21.89161,-26.53489,-38.44818,-41.75124,45.54555,120.91604,861.22539,10.89597,11.10546,-0.15500,-10.75372,5.43698,560.91241,901.00000,847.00000,854.00000
150.65412,-34.56827,15.47393,21.87207,-26.71604,-38.36641,-41.82703,46.01154,120.94677,883.09746,10.74686,11.13318,-0.22320,-10.85209,5.32994,539.04033,901.00000,847.00000,854.00000
150.85911,-34.66925,15.39050,21.85249,-26.89654,-38.28391,-41.90203,46.48229,120.97764,904.94995,10.59757,11.16060,-0.29206,-10.95054,5.22240,517.18784,901.00000,847.00000,854.00000
151.06410,-34.77023,15.30777,21.83286,-27.07638,-38.20067,-41.97625,46.95783,121.00865,926.78282,10.44811,11.18771,-0.36158,-11.04907,5.11436,495.35498,901.00000,847.00000,854.00000
151.26910,-34.87121,15.22577,21.81319,-27.25556,-38.11670,-42.04968,47.43818,121.03978,948.59601,10.29849,11.21451,-0.43177,-11.14766,5.00580,473.54178,901.00000,847.00000,854.00000
151.47506,-34.96965,15.14359,21.66089,-27.43723,-38.31740,-41.97725,46.39644,119.54927,970.25690,10.44399,10.96591,0.22373,-10.23160,6.01287,451.88090,901.00000,847.00000,854.00000
151.68874,-35.04777,15.05469,21.15604,-27.07653,-39.50516,-40.14590,35.81317,108.55243,991.41294,12.20829,8.80916,5.41456,-2.82164,13.83245,430.72485,901.00000,847.00000,854.00000
151.90914,-35.10810,14.95979,21.14198,-27.26334,-39.44329,-40.23653,36.21597,108.56527,1012.55492,12.06949,8.83870,5.34845,-2.91769,13.73466,409.58288,901.00000,847.00000,854.00000
152.12955,-35.16844,14.86533,21.12789,-27.44959,-39.38077,-40.32650,36.62337,108.57815,1033.68281,11.93053,8.86795,5.28178,-3.01374,13.63649,388.45499,901.00000,847.00000,854.00000
152.34996,-35.22878,14.77134,21.11379,-27.63529,-39.31760,-40.41581,37.03541,108.59106,1054.79659,11.79142,8.89690,5.21455,-3.10979,13.53794,367.34120,901.00000,847.00000,854.00000
152.57036,-35.28911,14.67781,21.09966,-27.82042,-39.25380,-40.50444,37.45216,108.60401,1075.89625,11.65215,8.92556,5.14675,-3.20585,13.43901,346.24154,901.00000,847.00000,854.00000
152.79077,-35.34945,14.58477,21.08551,-28.00499,-39.18936,-40.59241,37.87370,108.61700,1096.98177,11.51272,8.95393,5.07839,-3.30190,13.33971,325.15603,901.00000,847.00000,854.00000
152.99249,-35.44639,14.50879,22.26492,-27.88768,-34.59782,-42.60548,61.63414,131.89229,1119.24669,6.89313,12.76675,-6.49688,-18.58473,-3.89158,302.89111,901.00000,847.00000,854.00000
153.17326,-35.58455,14.45243,22.63524,-27.71970,-33.58860,-42.42247,64.87428,134.58352,1141.88192,6.13659,13.08492,-7.85461,-20.24965,-5.96770,280.25587,901.00000,847.00000,854.00000
153.35170,-35.72731,14.39939,22.61470,-27.88184,-33.47173,-42.46378,65.48505,134.63491,1164.49663,5.97475,13.10133,-7.92992,-20.34049,-6.08268,257.64117,901.00000,847.00000,854.00000
153.54546,-35.83745,14.33299,20.71932,-29.08633,-38.33791,-42.05255,45.98638,114.63685,1185.21595,9.95898,10.30792,2.06206,-7.74752,8.73957,236.92184,901.00000,847.00000,854.00000
153.76193,-35.89911,14.24569,20.79883,-28.41916,-39.04783,-39.87233,36.02108,104.24498,1206.01478,11.52193,8.37765,7.22943,-0.79370,16.10125,216.12301,901.00000,847.00000,854.00000
153.98580,-35.94493,14.15177,20.78751,-28.60437,-38.98770,-39.96295,36.43799,104.25293,1226.80229,11.38510,8.40548,7.16015,-0.88851,16.00425,195.33551,901.00000,847.00000,854.00000
154.20968,-35.99075,14.05831,20.77617,-28.78903,-38.92695,-40.05293,36.85984,104.26091,1247.57846,11.24813,8.43301,7.09033,-0.98329,15.90692,174.55934,901.00000,847.00000,854.00000
154.43355,-36.03657,13.96532,20.76482,-28.97315,-38.86558,-40.14225,37.28669,104.26890,1268.34328,11.11100,8.46024,7.01998,-1.07803,15.80925,153.79451,901.00000,847.00000,854.00000
154.65742,-36.08239,13.87281,20.75346,-29.15672,-38.80360,-40.23093,37.71862,104.27691,1289.09675,10.97373,8.48716,6.94911,-1.17273,15.71126,133.04105,901.00000,847.00000,854.00000
154.87581,-36.14599,13.78785,21.15566,-30.11840,-37.76942,-42.57296,49.30442,115.39608,1310.25241,8.99023,10.45374,1.11064,-8.71527,7.55508,111.88538,901.00000,847.00000,854.00000
155.08780,-36.23053,13.71193,21.29109,-30.30840,-37.37351,-42.86557,51.73045,117.31244,1331.54350,8.49265,10.76532,0.03375,-10.05443,6.03244,90.59430,901.00000,847.00000,854.00000
155.29883,-36.31820,13.63815,21.27220,-30.47812,-37.28489,-42.93145,52.27723,117.33877,1352.81570,8.34439,10.78751,-0.04637,-10.15284,5.91934,69.32209,901.00000,847.00000,854.00000
155.50288,-36.41619,13.57125,21.35686,-30.40287,-35.66337,-43.38409,59.86813,124.38568,1374.17256,6.81266,11.73739,-3.86167,-14.72441,0.51008,47.96523,901.00000,847.00000,854.00000
155.68157,-36.55176,13.52721,23.08596,-28.01954,-29.54492,-41.59187,77.80216,141.71310,1397.25852,2.85814,13.22182,-12.82370,-24.72896,-12.52650,24.87927,901.00000,847.00000,854.00000
155.84187,-36.71461,13.50047,23.06722,-28.16779,-29.40962,-41.61069,78.49690,141.77218,1420.32574,2.69228,13.22930,-12.89948,-24.80847,-12.63871,1.81205,901.00000,847.00000,854.00000
-121.57723,71.62773,122.69993,21.93281,66.08278,3.30950,3.30950,76.08076,-110.94251,21.93281,29.51595,-119.09695,-74.92492,30.31400,30.31400,21.93281,918.00000,182.00000,101.00000
-122.16060,71.55633,122.72006,22.00432,67.05637,3.05302,3.05302,75.41796,-110.87035,43.93713,30.89673,-118.76702,-74.19783,30.34874,30.34874,43.93713,918.00000,182.00000,101.00000
-122.74397,71.48494,122.74108,22.07583,68.02074,2.79677,2.79677,74.75606,-110.79869,66.01296,32.27222,-118.42245,-73.46101,30.38065,30.38065,66.01296,918.00000,182.00000,101.00000
-123.32733,71.41355,122.76297,22.14735,68.97579,2.54078,2.54078,74.09505,-110.72752,88.16031,33.64225,-118.06331,-72.71459,30.40973,30.40973,88.16031,918.00000,182.00000,101.00000
-123.91070,71.34216,122.78573,22.21887,69.92142,2.28509,2.28509,73.43495,-110.65684,110.37919,35.00666,-117.68971,-71.95868,30.43599,30.43599,110.37919,918.00000,182.00000,101.00000
-124.49407,71.27077,122.80934,22.29040,70.85755,2.02972,2.02972,72.77578,-110.58664,132.66958,36.36530,-117.30174,-71.19341,30.45945,30.45945,132.66958,918.00000,182.00000,101.00000
-125.07745,71.19951,122.83382,22.35202,71.87367,1.73586,1.73586,72.04457,-110.44394,155.02160,37.86685,-116.85140,-70.32752,30.48229,30.48229,155.02160,918.00000,182.00000,101.00000
-125.66193,71.14125,122.86326,21.65786,80.89798,-2.33814,-2.33814,64.21884,-103.20480,176.67947,53.43753,-110.63368,-59.92391,30.44136,30.44136,176.67947,918.00000,182.00000,101.00000
-126.24790,71.09584,122.89740,21.70538,81.65632,-2.57488,-2.57488,63.60183,-103.17480,198.38485,54.64100,-110.08239,-59.09475,30.41630,30.41630,198.38485,918.00000,182.00000,101.00000
-126.83386,71.05043,122.93208,21.75289,82.40525,-2.81100,-2.81100,62.98548,-103.14495,220.13774,55.83776,-109.51913,-58.25832,30.38884,30.38884,220.13774,918.00000,182.00000,101.00000
-127.41983,71.00502,122.96728,21.80040,83.14470,-3.04647,-3.04647,62.36980,-103.11523,241.93814,57.02769,-108.94400,-57.41472,30.35899,30.35899,241.93814,918.00000,182.00000,101.00000
-128.00579,70.95961,123.00298,21.84789,83.87457,-3.28129,-3.28129,61.75480,-103.08565,263.78603,58.21064,-108.35707,-56.56405,30.32676,30.32676,263.78603,918.00000,182.00000,101.00000
-128.59175,70.91420,123.03915,21.89538,84.59480,-3.51542,-3.51542,61.14050,-103.05621,285.68141,59.38650,-107.75841,-55.70642,30.29216,30.29216,285.68141,918.00000,182.00000,101.00000
-129.17772,70.86879,123.07577,21.94286,85.30531,-3.74882,-3.74882,60.52689,-103.02690,307.62428,60.55512,-107.14813,-54.84193,30.25520,30.25520,307.62428,918.00000,182.00000,101.00000
-129.76368,70.82338,123.11280,21.99034,86.00602,-3.98147,-3.98147,59.91399,-102.99773,329.61461,61.71638,-106.52629,-53.97070,30.21589,30.21589,329.61461,918.00000,182.00000,101.00000
-130.34964,70.77797,123.15024,22.03781,86.69686,-4.21336,-4.21336,59.30180,-102.96869,351.65242,62.87015,-105.89299,-53.09281,30.17423,30.17423,351.65242,918.00000,182.00000,101.00000
-130.93561,70.73256,123.18805,22.08527,87.37776,-4.44445,-4.44445,58.69033,-102.93979,373.73769,64.01631,-105.24831,-52.20839,30.13024,30.13024,373.73769,918.00000,182.00000,101.00000
-131.52157,70.68715,123.22621,22.13272,88.04864,-4.67470,-4.67470,58.07959,-102.91102,395.87041,65.15472,-104.59236,-51.31754,30.08393,30.08393,395.87041,918.00000,182.00000,101.00000
-132.10754,70.64174,123.26469,22.18016,88.70943,-4.90412,-4.90412,57.46958,-102.88238,418.05057,66.28526,-103.92520,-50.42036,30.03531,30.03531,418.05057,918.00000,182.00000,101.00000
-132.69350,70.59633,123.30347,22.22760,89.36008,-5.13265,-5.13265,56.86030,-102.85387,440.27817,67.40782,-103.24694,-49.51698,29.98439,29.98439,440.27817,918.00000,182.00000,101.00000
-133.27946,70.55092,123.34251,22.27503,90.00050,-5.36029,-5.36029,56.25177,-102.82549,462.55321,68.52225,-102.55767,-48.60748,29.93118,29.93118,462.55321,918.00000,182.00000,101.00000
-133.86543,70.50551,123.38179,22.32245,90.63063,-5.58699,-5.58699,55.64400,-102.79724,484.87566,69.62845,-101.85748,-47.69199,29.87570,29.87570,484.87566,918.00000,182.00000,101.00000
-134.45139,70.46010,123.42130,22.36987,91.25041,-5.81275,-5.81275,55.03698,-102.76912,507.24553,70.72628,-101.14648,-46.77061,29.81795,29.81795,462.50579,918.00000,182.00000,101.00000
-135.03736,70.41469,123.46098,22.41727,91.85976,-6.03752,-6.03752,54.43072,-102.74113,529.66280,71.81564,-100.42473,-45.84346,29.75795,29.75795,440.08852,918.00000,182.00000,101.00000
-135.62332,70.36928,123.50081,22.46467,92.45864,-6.26130,-6.26130,53.82523,-102.71326,552.12747,72.89639,-99.69235,-44.91065,29.69570,29.69570,417.62385,918.00000,182.00000,101.00000
-136.20928,70.32387,123.54077,22.51206,93.04697,-6.48404,-6.48404,53.22051,-102.68552,574.63953,73.96843,-98.94945,-43.97228,29.63123,29.63123,395.11179,918.00000,182.00000,101.00000
-136.79525,70.27846,123.58083,22.55944,93.62469,-6.70573,-6.70573,52.61656,-102.65790,597.19898,75.03163,-98.19611,-43.02847,29.56454,29.56454,372.55234,918.00000,182.00000,101.00000
-137.38121,70.23305,123.62095,22.60682,94.19175,-6.92635,-6.92635,52.01340,-102.63041,619.80580,76.08588,-97.43243,-42.07933,29.49565,29.49565,349.94553,918.00000,182.00000,101.00000
-137.96717,70.18764,123.66111,22.65418,94.74809,-7.14586,-7.14586,51.41101,-102.60304,642.45998,77.13106,-96.65852,-41.12498,29.42457,29.42457,327.29134,918.00000,182.00000,101.00000
-138.55314,70.14223,123.70127,22.70154,95.29365,-7.36425,-7.36425,50.80942,-102.57579,665.16152,78.16707,-95.87447,-40.16552,29.35131,29.35131,304.58980,918.00000,182.00000,101.00000
-139.13910,70.09682,123.74141,22.74889,95.82837,-7.58149,-7.58149,50.20862,-102.54866,687.91040,79.19378,-95.08039,-39.20108,29.27589,29.27589,281.84092,918.00000,182.00000,101.00000
-139.72507,70.05141,123.78148,22.79623,96.35221,-7.79755,-7.79755,49.60861,-102.52166,710.70663,80.21108,-94.27639,-38.23176,29.19832,29.19832,259.04469,918.00000,182.00000,101.00000
-140.31130,70.01399,123.82290,22.53845,99.44577,-10.23126,-10.23126,44.59393,-98.07844,733.24509,88.17433,-86.93329,-29.69322,28.41213,28.41213,236.50623,918.00000,182.00000,101.00000
-140.89835,69.99362,123.86706,22.38969,102.02907,-12.92082,-12.92082,38.88390,-92.93804,755.63478,96.42054,-77.75684,-19.67763,27.26123,27.26123,214.11654,918.00000,182.00000,101.00000
-141.48596,69.98233,123.91231,22.40177,102.34188,-13.10579,-13.10579,38.31332,-92.93633,778.03655,97.22560,-76.82086,-18.68981,27.13543,27.13543,191.71477,918.00000,182.00000,101.00000
-142.07358,69.97104,123.95700,22.41385,102.64392,-13.28932,-13.28932,37.74334,-92.93461,800.45040,98.02034,-75.87722,-17.69909,27.00785,27.00785,169.30092,918.00000,182.00000,101.00000
-142.66119,69.95975,124.00110,22.42592,102.93516,-13.47138,-13.47138,37.17394,-92.93290,822.87632,98.80468,-74.92602,-16.70559,26.87853,26.87853,146.87500,918.00000,182.00000,101.00000
-143.24880,69.94846,124.04458,22.43800,103.21556,-13.65195,-13.65195,36.60512,-92.93119,845.31432,99.57855,-73.96736,-15.70939,26.74746,26.74746,124.43700,918.00000,182.00000,101.00000
-143.83642,69.93717,124.08741,22.45007,103.48509,-13.83102,-13.83102,36.03688,-92.92949,867.76439,100.34186,-73.00134,-14.71062,26.61466,26.61466,101.98693,918.00000,182.00000,101.00000
-144.42403,69.92588,124.12955,22.46215,103.74373,-14.00855,-14.00855,35.46921,-92.92778,890.22654,101.09452,-72.02807,-13.70936,26.48015,26.48015,79.52478,918.00000,182.00000,101.00000
-145.01164,69.91459,124.17099,22.47422,103.99145,-14.18455,-14.18455,34.90210,-92.92608,912.70076,101.83647,-71.04765,-12.70574,26.34394,26.34394,57.05056,918.00000,182.00000,101.00000
-145.59925,69.90330,124.21170,22.48629,104.22823,-14.35898,-14.35898,34.33556,-92.92438,935.18706,102.56761,-70.06020,-11.69985,26.20605,26.20605,34.56426,918.00000,182.00000,101.00000
-146.18687,69.89201,124.25165,22.49836,104.45402,-14.53184,-14.53184,33.76957,-92.92268,957.68542,103.28788,-69.06581,-10.69180,26.06649,26.06649,12.06590,918.00000,182.00000,101.00000
-82.49091,22.79859,122.50396,22.57553,74.98588,-9.26300,-9.26300,53.74090,-63.92479,22.57553,72.45347,-98.78115,-53.64927,35.34339,35.34339,22.57553,902.00000,101.00000,101.00000
-82.68879,22.88771,122.62299,22.56359,75.24335,-9.34820,-9.34820,53.57364,-63.90984,45.13912,72.81220,-98.66499,-53.52914,35.32851,35.32851,45.13912,902.00000,101.00000,101.00000
-82.88667,22.97683,122.74189,22.55161,75.49992,-9.43346,-9.43346,53.40664,-63.89481,67.69073,73.17034,-98.54781,-53.40814,35.31344,35.31344,67.69073,902.00000,101.00000,101.00000
-83.08455,23.06595,122.86064,22.53959,75.75559,-9.51878,-9.51878,53.23991,-63.87972,90.23032,73.52788,-98.42961,-53.28626,35.29817,35.29817,90.23032,902.00000,101.00000,101.00000
-83.27616,23.16645,122.98907,22.66762,82.07083,-13.94721,-13.94721,45.88294,-56.67051,112.89794,85.61597,-88.29620,-43.23673,33.80398,33.80398,112.89794,902.00000,101.00000,101.00000
-83.45940,23.28216,123.13024,22.78072,84.02467,-15.41756,-15.41756,43.35128,-54.27662,135.67866,89.53521,-84.52515,-39.66066,33.17175,33.17175,135.67866,902.00000,101.00000,101.00000
-83.64055,23.40167,123.27417,22.76720,84.25950,-15.50146,-15.50146,43.19206,-54.25201,158.44587,89.87469,-84.37452,-39.51936,33.14579,33.14579,158.44587,902.00000,101.00000,101.00000
-83.82170,23.52119,123.41754,22.75362,84.49325,-15.58539,-15.58539,43.03300,-54.22725,181.19949,90.21338,-84.22253,-39.37694,33.11956,33.11956,181.19949,902.00000,101.00000,101.00000
-84.00285,23.64070,123.56036,22.73998,84.72592,-15.66934,-15.66934,42.87410,-54.20234,203.93948,90.55127,-84.06919,-39.23340,33.09304,33.09304,203.93948,902.00000,101.00000,101.00000
-84.18400,23.76022,123.70262,22.72628,84.95751,-15.75332,-15.75332,42.71537,-54.17728,226.66576,90.88836,-83.91450,-39.08873,33.06625,33.06625,226.66576,902.00000,101.00000,101.00000
-84.36515,23.87973,123.84430,22.71252,85.18801,-15.83732,-15.83732,42.55679,-54.15208,249.37827,91.22462,-83.75846,-38.94294,33.03918,33.03918,249.37827,902.00000,101.00000,101.00000
-84.54630,23.99925,123.98540,22.69869,85.41740,-15.92134,-15.92134,42.39836,-54.12672,272.07697,91.56006,-83.60104,-38.79601,33.01183,33.01183,272.07697,902.00000,101.00000,101.00000
-84.72745,24.11877,124.12591,22.68481,85.64570,-16.00538,-16.00538,42.24009,-54.10122,294.76178,91.89468,-83.44225,-38.64795,32.98420,32.98420,294.76178,902.00000,101.00000,101.00000
-84.90860,24.23828,124.26583,22.67086,85.87288,-16.08943,-16.08943,42.08197,-54.07557,317.43264,92.22845,-83.28210,-38.49876,32.95628,32.95628,317.43264,902.00000,101.00000,101.00000
-85.08975,24.35780,124.40514,22.65686,86.09895,-16.17350,-16.17350,41.92399,-54.04977,340.08950,92.56139,-83.12057,-38.34843,32.92808,32.92808,340.08950,902.00000,101.00000,101.00000
-85.27090,24.47731,124.54383,22.64279,86.32390,-16.25759,-16.25759,41.76615,-54.02382,362.73229,92.89346,-82.95765,-38.19696,32.89959,32.89959,362.73229,902.00000,101.00000,101.00000
-85.45205,24.59683,124.68191,22.62867,86.54772,-16.34168,-16.34168,41.60846,-53.99771,385.36096,93.22467,-82.79335,-38.04435,32.87081,32.87081,385.36096,902.00000,101.00000,101.00000
-85.63320,24.71634,124.81936,22.61448,86.77042,-16.42579,-16.42579,41.45089,-53.97146,407.97544,93.55502,-82.62766,-37.89061,32.84174,32.84174,407.97544,902.00000,101.00000,101.00000
-85.81435,24.83586,124.95617,22.60024,86.99197,-16.50990,-16.50990,41.29346,-53.94506,430.57568,93.88449,-82.46057,-37.73571,32.81238,32.81238,430.57568,902.00000,101.00000,101.00000
-85.99550,24.95537,125.09233,22.58593,87.21238,-16.59403,-16.59403,41.13616,-53.91850,453.16162,94.21308,-82.29209,-37.57968,32.78273,32.78273,453.16162,902.00000,101.00000,101.00000
-86.13428,25.11008,125.25051,23.24396,94.58454,-30.55019,-30.55019,11.76715,-24.66165,476.40558,122.61830,-25.54294,10.00024,20.44408,20.44408,476.40558,902.00000,101.00000,101.00000
-86.22465,25.30503,125.43322,23.79672,93.85618,-31.87978,-31.87978,7.90246,-20.85232,500.20229,124.24205,-17.24545,16.33412,18.34567,18.34567,500.20229,902.00000,101.00000,101.00000
-86.30899,25.50500,125.61746,23.79172,93.99412,-31.92709,-31.92709,7.82307,-20.82059,523.99401,124.44835,-17.09836,16.44522,18.30793,18.30793,523.99401,902.00000,101.00000,101.00000
-86.39332,25.70497,125.79997,23.78669,94.13043,-31.97407,-31.97407,7.74342,-20.78862,547.78070,124.65285,-16.94992,16.55733,18.26985,18.26985,547.78070,902.00000,101.00000,101.00000
-86.47766,25.90494,125.98076,23.78163,94.26512,-32.02072,-32.02072,7.66349,-20.75640,571.56233,124.85555,-16.80012,16.67044,18.23143,18.23143,571.56233,902.00000,101.00000,101.00000
-86.56199,26.10490,126.15981,23.77655,94.39818,-32.06703,-32.06703,7.58329,-20.72393,595.33888,125.05643,-16.64897,16.78454,18.19267,18.19267,595.33888,902.00000,101.00000,101.00000
-86.64632,26.30487,126.33714,23.77143,94.52960,-32.11300,-32.11300,7.50282,-20.69123,619.11031,125.25550,-16.49646,16.89965,18.15357,18.15357,619.11031,902.00000,101.00000,101.00000
-86.73066,26.50484,126.51274,23.76629,94.65938,-32.15864,-32.15864,7.42207,-20.65827,642.87660,125.45275,-16.34261,17.01576,18.11413,18.11413,642.87660,902.00000,101.00000,101.00000
-86.81499,26.70481,126.68659,23.76112,94.78752,-32.20394,-32.20394,7.34104,-20.62508,666.63772,125.64816,-16.18739,17.13286,18.07434,18.07434,666.63772,902.00000,101.00000,101.00000
-86.89932,26.90478,126.85871,23.75592,94.91401,-32.24889,-32.24889,7.25973,-20.59163,690.39364,125.84174,-16.03081,17.25096,18.03421,18.03421,690.39364,902.00000,101.00000,101.00000
-86.98366,27.10474,127.02908,23.75069,95.03885,-32.29350,-32.29350,7.17814,-20.55795,714.14433,126.03349,-15.87289,17.37006,17.99375,17.99375,714.14433,902.00000,101.00000,101.00000
-87.06799,27.30471,127.19772,23.74544,95.16202,-32.33776,-32.33776,7.09627,-20.52402,737.88977,126.22338,-15.71361,17.49016,17.95294,17.95294,737.88977,902.00000,101.00000,101.00000
-87.15232,27.50468,127.36460,23.74015,95.28354,-32.38168,-32.38168,7.01411,-20.48984,761.62992,126.41141,-15.55298,17.61125,17.91179,17.91179,761.62992,902.00000,101.00000,101.00000
-87.23879,27.70333,127.52908,23.61397,95.75452,-32.04264,-32.04264,8.13460,-21.65910,785.24390,126.24594,-18.04524,15.72681,18.54728,18.54728,785.24390,902.00000,101.00000,101.00000
-87.35315,27.88488,127.68354,23.00536,96.69174,-26.15186,-26.15186,23.15485,-36.73982,808.24926,117.39805,-50.20740,-9.67702,26.22920,26.22920,808.24926,902.00000,101.00000,101.00000
-87.49327,28.05060,127.82885,22.99271,96.84530,-26.22046,-26.22046,23.01917,-36.69745,831.24197,117.65036,-49.98608,-9.49478,26.17989,26.17989,831.24197,902.00000,101.00000,101.00000
-87.63339,28.21633,127.97282,22.98001,96.99728,-26.28890,-26.28890,22.88332,-36.65481,854.22198,117.90119,-49.76297,-9.31118,26.13015,26.13015,854.22198,902.00000,101.00000,101.00000
-87.77352,28.38205,128.11545,22.96725,97.14768,-26.35718,-26.35718,22.74730,-36.61189,877.18924,118.15052,-49.53808,-9.12622,26.08000,26.08000,877.18924,902.00000,101.00000,101.00000
-87.91364,28.54778,128.25672,22.95444,97.29649,-26.42530,-26.42530,22.61111,-36.56869,900.14367,118.39835,-49.31142,-8.93990,26.02942,26.02942,900.14367,902.00000,101.00000,101.00000
-88.05376,28.71350,128.39663,22.94157,97.44371,-26.49325,-26.49325,22.47474,-36.52522,923.08524,118.64466,-49.08297,-8.75222,25.97842,25.97842,923.08524,902.00000,101.00000,101.00000
-88.19389,28.87923,128.53517,22.92865,97.58932,-26.56105,-26.56105,22.33819,-36.48146,946.01389,118.88945,-48.85273,-8.56318,25.92699,25.92699,946.01389,902.00000,101.00000,101.00000
-88.33401,29.04495,128.67236,22.91567,97.73332,-26.62867,-26.62867,22.20146,-36.43743,968.92956,119.13271,-48.62070,-8.37277,25.87514,25.87514,968.92956,902.00000,101.00000,101.00000
-88.47413,29.21068,128.80817,22.90263,97.87570,-26.69613,-26.69613,22.06454,-36.39313,991.83219,119.37442,-48.38689,-8.18101,25.82287,25.82287,991.83219,902.00000,101.00000,101.00000
-88.61426,29.37640,128.94260,22.88955,98.01646,-26.76341,-26.76341,21.92743,-36.34854,1014.72174,119.61458,-48.15128,-7.98788,25.77016,25.77016,1014.72174,902.00000,101.00000,101.00000
-88.75438,29.54212,129.07566,22.87641,98.15559,-26.83052,-26.83052,21.79011,-36.30367,1037.59815,119.85319,-47.91387,-7.79340,25.71703,25.71703,1037.59815,902.00000,101.00000,101.00000
-88.89450,29.70785,129.20732,22.86321,98.29307,-26.89745,-26.89745,21.65260,-36.25852,1060.46136,120.09021,-47.67467,-7.59756,25.66347,25.66347,1060.46136,902.00000,101.00000,101.00000
-89.03463,29.87357,129.33760,22.84997,98.42892,-26.96420,-26.96420,21.51489,-36.21309,1083.31133,120.32566,-47.43366,-7.40036,25.60947,25.60947,1083.31133,902.00000,101.00000,101.00000
-89.17505,30.03905,129.46638,22.82531,98.53740,-26.94159,-26.94159,21.57645,-36.36696,1106.13664,120.39437,-47.61028,-7.54487,25.64902,25.64902,1106.13664,902.00000,101.00000,101.00000
-89.31580,30.20424,129.59362,22.81064,98.66778,-26.99849,-26.99849,21.45977,-36.34291,1128.94727,120.60951,-47.41154,-7.38224,25.60454,25.60454,1128.94727,902.00000,101.00000,101.00000
-89.45659,30.36940,129.71946,22.79715,98.79940,-27.06502,-27.06502,21.32093,-36.29668,1151.74442,120.84127,-47.16490,-7.18053,25.54932,25.54932,1151.74442,902.00000,101.00000,101.00000
-89.59737,30.53456,129.84390,22.78360,98.92934,-27.13137,-27.13137,21.18187,-36.25017,1174.52802,121.07141,-46.91645,-6.97747,25.49366,25.49366,1174.52802,902.00000,101.00000,101.00000
-89.73816,30.69972,129.96694,22.77001,99.05761,-27.19752,-27.19752,21.04260,-36.20338,1197.29803,121.29993,-46.66619,-6.77304,25.43756,25.43756,1197.29803,902.00000,101.00000,101.00000
-89.86968,30.87169,130.09140,23.05112,99.34249,-29.68005,-29.68005,15.12841,-30.37897,1220.34915,125.58287,-33.95167,3.44461,22.50835,22.50835,1220.34915,902.00000,101.00000,101.00000
-89.98862,31.05291,130.21815,23.20268,99.25896,-30.50930,-30.50930,12.98400,-28.31126,1243.55183,126.88885,-29.25728,7.13735,21.38921,21.38921,1243.55183,902.00000,101.00000,101.00000
-90.10425,31.23657,130.34429,23.19256,99.35783,-30.56155,-30.56155,12.86512,-28.26475,1266.74439,127.07225,-29.02202,7.32134,21.33263,21.33263,1266.74439,902.00000,101.00000,101.00000
-90.21988,31.42022,130.46879,23.18242,99.45491,-30.61350,-30.61350,12.74593,-28.21796,1289.92681,127.25378,-28.78509,7.50655,21.27564,21.27564,1289.92681,902.00000,101.00000,101.00000
-90.33551,31.60388,130.59165,23.17223,99.55021,-30.66516,-30.66516,12.62644,-28.17088,1313.09904,127.43342,-28.54649,7.69299,21.21823,21.21823,1313.09904,902.00000,101.00000,101.00000
-90.45114,31.78753,130.71287,23.16200,99.64371,-30.71653,-30.71653,12.50663,-28.12352,1336.26104,127.61118,-28.30621,7.88065,21.16040,21.16040,1336.26104,902.00000,101.00000,101.00000
-90.56677,31.97119,130.83245,23.15174,99.73540,-30.76760,-30.76760,12.38651,-28.07587,1359.41278,127.78704,-28.06426,8.06954,21.10216,21.10216,1359.41278,902.00000,101.00000,101.00000
-90.68239,32.15484,130.95037,23.14144,99.82529,-30.81837,-30.81837,12.26607,-28.02793,1382.55422,127.96098,-27.82063,8.25964,21.04349,21.04349,1382.55422,902.00000,101.00000,101.00000
-90.79109,32.34251,131.06793,23.35979,99.12097,-32.20833,-32.20833,8.29660,-24.12934,1405.91401,129.69622,-18.91278,15.13770,18.86449,18.86449,1405.91401,902.00000,101.00000,101.00000
-90.89279,32.53423,131.18508,23.35405,99.18894,-32.26235,-32.26235,8.15485,-24.04942,1429.26806,129.85857,-18.60847,15.37021,18.78890,18.78890,1429.26806,902.00000,101.00000,101.00000
-90.99442,32.72598,131.30050,23.34574,99.26420,-32.30469,-32.30469,8.04718,-24.00358,1452.61380,130.00760,-18.38057,15.54425,18.73228,18.73228,1452.61380,902.00000,101.00000,101.00000
-91.09605,32.91774,131.41417,23.33740,99.33764,-32.34668,-32.34668,7.93916,-23.95747,1475.95120,130.15461,-18.15113,15.71939,18.67527,18.67527,1475.95120,902.00000,101.00000,101.00000
-91.19821,33.10918,131.52601,23.30493,99.48916,-32.29269,-32.29269,8.12361,-24.20403,1499.25613,130.20622,-18.58584,15.38742,18.78319,18.78319,1499.25613,902.00000,101.00000,101.00000
-91.30993,33.29490,131.63441,22.97858,100.54258,-30.56135,-30.56135,13.06008,-29.20539,1522.23470,128.22951,-29.74577,6.74953,21.49738,21.49738,1522.23470,902.00000,101.00000,101.00000
-91.43069,33.47523,131.73952,22.96723,100.62406,-30.61281,-30.61281,12.93245,-29.15461,1545.20193,128.39790,-29.48359,6.95505,21.43489,21.43489,1545.20193,902.00000,101.00000,101.00000
-91.55145,33.65555,131.84301,22.95584,100.70369,-30.66397,-30.66397,12.80449,-29.10354,1568.15777,128.56433,-29.21970,7.16181,21.37196,21.37196,1568.15777,902.00000,101.00000,101.00000
-91.67221,33.83587,131.94487,22.94442,100.78146,-30.71483,-30.71483,12.67620,-29.05218,1591.10219,128.72882,-28.95411,7.36979,21.30860,21.30860,1591.10219,902.00000,101.00000,101.00000
-91.79297,34.01619,132.04510,22.93296,100.85736,-30.76539,-30.76539,12.54757,-29.00052,1614.03516,128.89134,-28.68681,7.57901,21.24481,21.24481,1614.03516,902.00000,101.00000,101.00000
-91.90878,34.19912,132.14435,23.01240,100.45584,-31.77414,-31.77414,9.73423,-26.26322,1637.04756,130.24182,-22.34274,12.50753,19.71373,19.71373,1637.04756,902.00000,101.00000,101.00000
-92.00435,34.39271,132.24453,23.59936,97.75228,-34.25675,-34.25675,1.56788,-18.16344,1660.64692,132.19502,-3.61837,26.64929,15.00252,15.00252,1660.64692,902.00000,101.00000,101.00000
-92.08462,34.59434,132.34488,23.59381,97.80195,-34.28464,-34.28464,1.48022,-18.12228,1684.24073,132.30071,-3.41871,26.79691,14.95079,14.95079,1684.24073,902.00000,101.00000,101.00000
-92.16489,34.79597,132.44339,23.58825,97.84981,-34.31210,-34.31210,1.39219,-18.08090,1707.82898,132.40430,-3.21783,26.94539,14.89873,14.89873,1707.82898,902.00000,101.00000,101.00000
-92.24516,34.99760,132.54007,23.58267,97.89587,-34.33912,-34.33912,1.30378,-18.03928,1731.41165,132.50576,-3.01573,27.09472,14.84636,14.84636,1731.41165,902.00000,101.00000,101.00000
-92.32645,35.19880,132.63484,23.54349,98.17319,-34.23582,-34.23582,1.71290,-18.49552,1754.95514,132.57557,-3.96463,26.39286,15.09183,15.09183,1754.95514,902.00000,101.00000,101.00000
-92.41262,35.39792,132.72741,23.42437,99.04848,-33.74097,-33.74097,3.53690,-20.36879,1778.37951,132.47460,-8.18814,23.25018,16.17502,16.17502,1778.37951,902.00000,101.00000,101.00000
-92.50268,35.59537,132.81788,23.41739,99.09113,-33.77158,-33.77158,3.43627,-20.32270,1801.79690,132.57909,-7.96089,23.42006,16.11714,16.11714,1801.79690,902.00000,101.00000,101.00000
-92.59274,35.79283,132.90654,23.41040,99.13192,-33.80177,-33.80177,3.33526,-20.27637,1825.20730,132.68143,-7.73229,23.59089,16.05891,16.05891,1825.20730,902.00000,101.00000,101.00000
-92.68280,35.99028,132.99341,23.40339,99.17085,-33.83154,-33.83154,3.23386,-20.22979,1848.61069,132.78163,-7.50236,23.76265,16.00033,16.00033,1801.80392,902.00000,101.00000,101.00000
-92.77286,36.18774,133.07846,23.39636,99.20791,-33.86089,-33.86089,3.13207,-20.18296,1872.00705,132.87967,-7.27109,23.93534,15.94140,15.94140,1778.40756,902.00000,101.00000,101.00000
-92.86292,36.38519,133.16171,23.38931,99.24310,-33.88982,-33.88982,3.02988,-20.13588,1895.39636,132.97556,-7.03850,24.10896,15.88212,15.88212,1755.01825,902.00000,101.00000,101.00000
-92.95298,36.58265,133.24315,23.38224,99.27641,-33.91832,-33.91832,2.92731,-20.08856,1918.77860,133.06929,-6.80459,24.28350,15.82251,15.82251,1731.63601,902.00000,101.00000,101.00000
-93.03556,36.78302,133.32316,23.57295,97.58333,-34.86612,-34.86612,0.76178,-16.45379,1942.35155,133.31137,1.77255,30.62215,13.60773,13.60773,1708.06306,902.00000,101.00000,101.00000
-93.10669,36.98784,133.40190,23.70956,96.56468,-35.30650,-35.30650,2.70083,-14.55867,1966.06111,133.25371,6.28602,33.90946,12.41956,12.41956,1684.35350,902.00000,101.00000,101.00000
-93.17389,37.19420,133.47899,23.70548,96.59100,-35.32269,-35.32269,2.77773,-14.52061,1989.76658,133.32216,6.46861,34.04176,12.37119,12.37119,1660.64802,902.00000,101.00000,101.00000
-93.24108,37.40056,133.55422,23.70139,96.61557,-35.33841,-35.33841,2.85502,-14.48236,2013.46797,133.38844,6.65218,34.17474,12.32255,12.32255,1636.94663,902.00000,101.00000,101.00000
-93.31807,37.60079,133.62639,22.89638,99.27906,-34.13795,-34.13795,2.10891,-19.48687,2036.36435,133.53588,-4.91734,25.68391,15.33391,15.33391,1614.05025,902.00000,101.00000,101.00000
-93.43955,37.77319,133.69146,21.66072,102.18258,-26.95096,-26.95096,21.84272,-39.27939,2058.02508,124.09357,-49.74125,-9.36764,25.96244,25.96244,1592.38953,902.00000,101.00000,101.00000
-93.59573,37.92387,133.75094,21.64297,102.26897,-27.01795,-27.01795,21.67933,-39.22184,2079.66805,124.29019,-49.40914,-9.09427,25.89028,25.89028,1570.74655,902.00000,101.00000,101.00000
-93.75191,38.07456,133.80911,21.62519,102.35350,-27.08471,-27.08471,21.51563,-39.16400,2101.29324,124.48496,-49.07517,-8.81957,25.81765,25.81765,1549.12137,902.00000,101.00000,101.00000
-93.90809,38.22525,133.86596,21.60736,102.43616,-27.15124,-27.15124,21.35164,-39.10587,2122.90060,124.67786,-48.73936,-8.54356,25.74455,25.74455,1527.51401,902.00000,101.00000,101.00000
-94.06428,38.37593,133.92149,21.58950,102.51693,-27.21753,-27.21753,21.18733,-39.04745,2144.49010,124.86890,-48.40168,-8.26623,25.67098,25.67098,1505.92451,902.00000,101.00000,101.00000
-94.22046,38.52662,133.97570,21.57160,102.59581,-27.28359,-27.28359,21.02271,-38.98875,2166.06170,125.05805,-48.06216,-7.98760,25.59694,25.59694,1484.35291,902.00000,101.00000,101.00000
-94.37664,38.67730,134.02859,21.55366,102.67280,-27.34942,-27.34942,20.85777,-38.92975,2187.61536,125.24531,-47.72079,-7.70764,25.52243,25.52243,1462.79925,902.00000,101.00000,101.00000
-94.53283,38.82799,134.08015,21.53569,102.74788,-27.41500,-27.41500,20.69252,-38.87046,2209.15105,125.43066,-47.37758,-7.42639,25.44745,25.44745,1441.26356,902.00000,101.00000,101.00000
-94.68901,38.97867,134.13038,21.51768,102.82105,-27.48034,-27.48034,20.52694,-38.81087,2230.66873,125.61410,-47.03251,-7.14383,25.37199,25.37199,1419.74587,902.00000,101.00000,101.00000
-94.85273,39.11955,134.17731,20.75259,101.42597,-24.46271,-24.46271,26.94544,-45.33640,2251.42132,119.61081,-60.80135,-18.61185,28.28847,28.28847,1398.99329,902.00000,101.00000,101.00000
-95.03129,39.24113,134.21922,20.28465,98.66853,-21.05010,-21.05010,33.52439,-52.03381,2271.70596,111.89195,-74.12819,-30.13063,30.90848,30.90848,1378.70864,902.00000,101.00000,101.00000
-95.21713,39.35321,134.25829,20.26445,98.80031,-21.13249,-21.13249,33.35120,-51.98919,2291.97042,112.14815,-73.81112,-29.85117,30.84878,30.84878,1358.44419,902.00000,101.00000,101.00000
-95.40297,39.46529,134.29645,20.24422,98.93049,-21.21476,-21.21476,33.17787,-51.94438,2312.21464,112.40287,-73.49239,-29.57050,30.78867,30.78867,1338.19997,902.00000,101.00000,101.00000
-95.58881,39.57737,134.33370,20.22396,99.05909,-21.29690,-21.29690,33.00439,-51.89938,2332.43860,112.65612,-73.17201,-29.28865,30.72816,30.72816,1317.97601,902.00000,101.00000,101.00000
-95.77466,39.68945,134.37004,20.20366,99.18608,-21.37892,-21.37892,32.83075,-51.85418,2352.64225,112.90788,-72.84996,-29.00561,30.66723,30.66723,1297.77236,902.00000,101.00000,101.00000
-95.96322,39.79672,134.40457,19.92079,97.52446,-19.69236,-19.69236,35.90451,-55.05667,2372.56304,108.86710,-78.81969,-34.30065,31.77278,31.77278,1277.85157,902.00000,101.00000,101.00000
-96.15482,39.89860,134.43727,19.87390,97.42902,-19.56045,-19.56045,36.12123,-55.40596,2392.43694,108.59460,-79.25020,-34.68660,31.85049,31.85049,1257.97767,902.00000,101.00000,101.00000
-96.34674,39.99992,134.46905,19.85395,97.56736,-19.64478,-19.64478,35.94850,-55.36619,2412.29089,108.85875,-78.94111,-34.40944,31.79477,31.79477,1238.12372,902.00000,101.00000,101.00000
-96.53867,40.10124,134.50001,19.83396,97.70417,-19.72900,-19.72900,35.77567,-55.32626,2432.12484,109.12150,-78.63048,-34.13116,31.73865,31.73865,1218.28976,902.00000,101.00000,101.00000
-96.73059,40.20256,134.53015,19.81393,97.83945,-19.81310,-19.81310,35.60272,-55.28616,2451.93878,109.38285,-78.31829,-33.85178,31.68216,31.68216,1198.47583,902.00000,101.00000,101.00000
-96.92251,40.30388,134.55946,19.79388,97.97319,-19.89710,-19.89710,35.42967,-55.24589,2471.73266,109.64278,-78.00454,-33.57129,31.62527,31.62527,1178.68195,902.00000,101.00000,101.00000
-97.11417,40.40555,134.58800,19.78355,98.25708,-20.12557,-20.12557,34.99370,-54.94265,2491.51620,110.25652,-77.18439,-32.83941,31.47600,31.47600,1158.89840,902.00000,101.00000,101.00000
-97.28849,40.53134,134.61905,21.28901,103.57283,-28.22453,-28.22453,18.49817,-38.57778,2512.80522,127.66380,-42.71117,-3.59552,24.47029,24.47029,1137.60939,902.00000,101.00000,101.00000
-97.44574,40.68091,134.65225,21.27048,103.61949,-28.28690,-28.28690,18.32860,-38.51511,2534.07570,127.82116,-42.34359,-3.29742,24.38898,24.38898,1116.33891,902.00000,101.00000,101.00000
-97.60299,40.83048,134.68410,21.25192,103.66413,-28.34900,-28.34900,18.15865,-38.45214,2555.32761,127.97645,-41.97420,-2.99809,24.30719,24.30719,1095.08700,902.00000,101.00000,101.00000
-97.76389,40.97568,134.71409,20.88097,103.42734,-27.11719,-27.11719,20.95882,-41.35965,2576.20858,125.80110,-48.18681,-8.06780,25.66504,25.66504,1074.20602,902.00000,101.00000,101.00000
-97.93391,41.10992,134.74155,20.43734,102.51118,-25.01717,-25.01717,25.44185,-45.95556,2596.64593,121.67455,-57.88428,-16.13761,27.70794,27.70794,1053.76868,902.00000,101.00000,101.00000
-98.10943,41.23757,134.76710,20.41676,102.58989,-25.09116,-25.09116,25.26537,-45.89962,2617.06269,121.87537,-57.52012,-15.83094,27.63302,27.63302,1033.35192,902.00000,101.00000,101.00000
-98.28494,41.36521,134.79153,20.39614,102.66675,-25.16495,-25.16495,25.08860,-45.84343,2637.45883,122.07438,-57.15420,-15.52306,27.55763,27.55763,1012.95578,902.00000,101.00000,101.00000
-98.46046,41.49286,134.81484,20.37549,102.74175,-25.23853,-25.23853,24.91154,-45.78699,2657.83432,122.27156,-56.78651,-15.21396,27.48179,27.48179,992.58029,902.00000,101.00000,101.00000
-98.64391,41.60601,134.83557,19.32547,98.87583,-20.37419,-20.37419,34.35749,-55.35419,2677.15979,111.31113,-76.09508,-31.88022,31.25223,31.25223,973.25482,902.00000,101.00000,101.00000
-98.84071,41.69474,134.85291,18.93859,94.36258,-16.46905,-16.46905,41.24146,-62.37093,2696.09838,101.40104,-88.89959,-43.51248,33.47005,33.47005,954.31623,902.00000,101.00000,101.00000
-99.04292,41.77355,134.86859,18.92034,94.51031,-16.55532,-16.55532,41.07219,-62.34198,2715.01872,101.67506,-88.60993,-43.24308,33.42294,33.42294,935.39589,902.00000,101.00000,101.00000
-99.24513,41.85236,134.88362,18.90207,94.65666,-16.64148,-16.64148,40.90288,-62.31293,2733.92079,101.94781,-88.31893,-42.97274,33.37550,33.37550,916.49382,902.00000,101.00000,101.00000
-99.44734,41.93117,134.89799,18.88378,94.80161,-16.72756,-16.72756,40.73354,-62.28378,2752.80457,102.21929,-88.02661,-42.70148,33.32773,33.32773,897.61004,902.00000,101.00000,101.00000
-99.64955,42.00997,134.91170,18.86546,94.94514,-16.81353,-16.81353,40.56416,-62.25452,2771.67002,102.48948,-87.73297,-42.42930,33.27962,33.27962,878.74458,902.00000,101.00000,101.00000
-99.82576,42.11847,134.92673,19.74298,104.01024,-28.70437,-28.70437,17.00123,-38.83042,2791.41300,129.03023,-39.45152,-0.93889,23.78718,23.78718,859.00161,902.00000,101.00000,101.00000
-99.95341,42.28252,134.94427,22.81662,99.90903,-34.32100,-34.32100,0.28881,-22.21984,2814.22962,134.94256,-0.68020,29.01190,14.53008,14.53008,836.18499,902.00000,101.00000,101.00000
-100.05845,42.47243,134.96187,22.80675,99.86465,-34.34176,-34.34176,0.15731,-22.15904,2837.03637,134.96136,-0.37054,29.24110,14.45131,14.45131,813.37824,902.00000,101.00000,101.00000
-100.16349,42.66233,134.97772,22.79687,99.81819,-34.36203,-34.36203,0.02530,-22.09797,2859.83324,134.97771,-0.05959,29.47112,14.37217,14.37217,790.58137,902.00000,101.00000,101.00000
-100.26853,42.85224,134.99185,22.78698,99.76963,-34.38181,-34.38181,0.10723,-22.03663,2882.62022,134.99161,0.25263,29.70194,14.29266,14.29266,767.79438,902.00000,101.00000,101.00000
-100.37358,43.04215,135.00424,22.77708,99.71898,-34.40110,-34.40110,0.24027,-21.97501,2905.39730,135.00305,0.56614,29.93358,14.21279,14.21279,745.01730,902.00000,101.00000,101.00000
-100.50125,43.21535,135.01448,21.23828,103.90187,-30.34485,-30.34485,12.66313,-34.95054,2926.63558,131.73036,-29.59765,6.90690,21.53459,21.53459,723.77903,902.00000,101.00000,101.00000
-100.65173,43.37169,135.02275,21.21379,103.90753,-30.35998,-30.35998,12.58582,-34.97696,2947.84937,131.77825,-29.42169,7.04567,21.49405,21.49405,702.56524,902.00000,101.00000,101.00000
-100.80238,43.52791,135.02959,21.19577,103.89959,-30.41086,-30.41086,12.41205,-34.90728,2969.04514,131.87355,-29.02336,7.35963,21.40224,21.40224,681.36947,902.00000,101.00000,101.00000
-100.95302,43.68413,135.03500,21.17774,103.88944,-30.46137,-30.46137,12.23780,-34.83728,2990.22288,131.96650,-28.62332,7.67468,21.30994,21.30994,660.19173,902.00000,101.00000,101.00000
-101.10366,43.84036,135.03898,21.15968,103.87710,-30.51149,-30.51149,12.06308,-34.76697,3011.38256,132.05707,-28.22159,7.99082,21.21717,21.21717,639.03205,902.00000,101.00000,101.00000
-101.25431,43.99658,135.04155,21.14161,103.86256,-30.56124,-30.56124,11.88787,-34.69634,3032.52417,132.14526,-27.81816,8.30803,21.12391,21.12391,617.89043,902.00000,101.00000,101.00000
-101.40495,44.15280,135.04269,21.12352,103.84579,-30.61062,-30.61062,11.71218,-34.62539,3053.64769,132.23105,-27.41305,8.62630,21.03018,21.03018,596.76691,902.00000,101.00000,101.00000
-101.55545,44.30916,135.04240,21.11745,103.81144,-30.69518,-30.69518,11.43850,-34.45661,3074.76515,132.36020,-26.78107,9.12230,20.88374,20.88374,575.64946,902.00000,101.00000,101.00000
-101.70506,44.46637,135.04067,21.16366,103.70217,-30.92616,-30.92616,10.75529,-33.87830,3095.92881,132.66844,-25.20059,10.35980,20.51627,20.51627,554.48580,902.00000,101.00000,101.00000
-101.85393,44.62429,135.03752,21.14582,103.67556,-30.97290,-30.97290,10.57917,-33.80620,3117.07463,132.74217,-24.79207,10.67898,20.42100,20.42100,533.33998,902.00000,101.00000,101.00000
-102.00279,44.78221,135.03293,21.12795,103.64669,-31.01925,-31.01925,10.40254,-33.73378,3138.20258,132.81345,-24.38192,10.99920,20.32525,20.32525,512.21203,902.00000,101.00000,101.00000
-102.15165,44.94013,135.02690,21.11007,103.61558,-31.06519,-31.06519,10.22540,-33.66104,3159.31265,132.88227,-23.97012,11.32043,20.22903,20.22903,491.10196,902.00000,101.00000,101.00000
-102.30052,45.09805,135.01943,21.09218,103.58220,-31.11073,-31.11073,10.04775,-33.58797,3180.40483,132.94860,-23.55668,11.64268,20.13233,20.13233,470.00978,902.00000,101.00000,101.00000
-102.44938,45.25597,135.01054,21.07427,103.54656,-31.15585,-31.15585,9.86958,-33.51458,3201.47910,133.01245,-23.14161,11.96592,20.03515,20.03515,448.93551,902.00000,101.00000,101.00000
-102.59825,45.41389,135.00021,21.05634,103.50864,-31.20055,-31.20055,9.69089,-33.44087,3222.53544,133.07379,-22.72493,12.29017,19.93750,19.93750,427.87917,902.00000,101.00000,101.00000
-102.74711,45.57181,134.98845,21.03841,103.46845,-31.24484,-31.24484,9.51167,-33.36683,3243.57385,133.13262,-22.30663,12.61540,19.83938,19.83938,406.84076,902.00000,101.00000,101.00000
-102.89598,45.72973,134.97527,21.02045,103.42596,-31.28871,-31.28871,9.33192,-33.29246,3264.59430,133.18894,-21.88672,12.94161,19.74078,19.74078,385.82031,902.00000,101.00000,101.00000
-103.04484,45.88764,134.96066,21.00249,103.38118,-31.33214,-31.33214,9.15164,-33.21777,3285.59679,133.24273,-21.46522,13.26879,19.64171,19.64171,364.81782,902.00000,101.00000,101.00000
-103.18986,46.04831,134.94450,21.18651,102.72200,-32.11663,-32.11663,6.72525,-30.89731,3306.78331,134.01596,-15.80314,17.63524,18.29750,18.29750,343.63130,902.00000,101.00000,101.00000
-103.31100,46.22603,134.92601,22.72650,97.44490,-35.00371,-35.00371,4.30416,-19.96941,3329.50980,134.54547,10.12635,36.96124,11.81701,11.81701,320.90480,902.00000,101.00000,101.00000
-103.41208,46.41808,134.90519,22.71719,97.34855,-35.01040,-35.01040,4.44251,-19.90472,3352.22699,134.49988,10.44958,37.19526,11.73289,11.73289,298.18761,902.00000,101.00000,101.00000
-103.51315,46.61013,134.88269,22.70788,97.25009,-35.01655,-35.01655,4.58142,-19.83978,3374.93488,134.45172,10.77385,37.42988,11.64846,11.64846,275.47973,902.00000,101.00000,101.00000
-103.61422,46.80218,134.85849,22.69858,97.14951,-35.02217,-35.02217,4.72091,-19.77457,3397.63345,134.40098,11.09916,37.66510,11.56372,11.56372,252.78115,902.00000,101.00000,101.00000
-103.71529,46.99423,134.83262,22.68927,97.04680,-35.02725,-35.02725,4.86098,-19.70911,3420.32272,134.34765,11.42549,37.90091,11.47866,11.47866,230.09188,902.00000,101.00000,101.00000
-103.81636,47.18628,134.80505,22.67996,96.94197,-35.03178,-35.03178,5.00162,-19.64339,3443.00269,134.29175,11.75283,38.13729,11.39329,11.39329,207.41192,902.00000,101.00000,101.00000
-103.91743,47.37833,134.77582,22.67066,96.83501,-35.03577,-35.03577,5.14285,-19.57741,3465.67334,134.23325,12.08119,38.37424,11.30761,11.30761,184.74127,902.00000,101.00000,101.00000
-104.01851,47.57039,134.74490,22.66135,96.72592,-35.03920,-35.03920,5.28465,-19.51118,3488.33469,134.17216,12.41053,38.61174,11.22163,11.22163,162.07991,902.00000,101.00000,101.00000
-104.12298,47.76052,134.71245,22.42955,97.65503,-34.71992,-34.71992,3.83769,-21.03384,3510.76424,134.41038,9.01634,36.15527,12.10320,12.10320,139.65036,902.00000,101.00000,101.00000
-104.23256,47.94780,134.67855,22.31516,98.03762,-34.55721,-34.55721,3.19583,-21.75647,3533.07940,134.46910,7.50817,35.05761,12.49179,12.49179,117.33520,902.00000,101.00000,101.00000
-104.34381,48.13414,134.64308,22.30407,97.92498,-34.56557,-34.56557,3.35079,-21.68499,3555.38347,134.41289,7.86974,35.32113,12.39884,12.39884,95.03113,902.00000,101.00000,101.00000
-104.45507,48.32048,134.60598,22.29298,97.81011,-34.57337,-34.57337,3.50635,-21.61323,3577.67645,134.35400,8.23238,35.58523,12.30555,12.30555,72.73815,902.00000,101.00000,101.00000
-104.56633,48.50681,134.56727,22.28189,97.69302,-34.58063,-34.58063,3.66251,-21.54119,3599.95834,134.29244,8.59608,35.84991,12.21192,12.21192,50.45626,902.00000,101.00000,101.00000
-104.67758,48.69315,134.52695,22.27081,97.57370,-34.58734,-34.58734,3.81929,-21.46887,3622.22915,134.22818,8.96082,36.11514,12.11797,12.11797,28.18545,902.00000,101.00000,101.00000
-104.78884,48.87949,134.48502,22.25973,97.45216,-34.59348,-34.59348,3.97668,-21.39627,3644.48888,134.16123,9.32659,36.38093,12.02369,12.02369,5.92573,902.00000,101.00000,101.00000
-104.90009,49.06582,134.44149,22.24865,97.32838,-34.59907,-34.59907,4.13468,-21.32340,3666.73753,134.09158,9.69339,36.64727,11.92908,11.92908,-16.32293,902.00000,101.00000,101.00000
-104.73311,51.15088,105.22487,28.24293,26.22914,-34.71938,-34.71938,35.72586,14.61675,28.24293,85.42366,61.44160,77.20655,-10.55846,-10.55846,28.24293,918.00000,101.00000,101.00000
-104.63065,51.39661,105.46722,28.23331,26.76527,-34.70684,-34.70684,35.47672,14.54177,56.47624,85.88738,61.21023,77.13498,-10.46470,-10.46470,56.47624,918.00000,101.00000,101.00000
-104.52820,51.64234,105.70886,28.22371,27.30135,-34.69348,-34.69348,35.22835,14.46649,84.69995,86.34930,60.97673,77.06168,-10.37061,-10.37061,84.69995,918.00000,101.00000,101.00000
-104.42575,51.88807,105.94977,28.21412,27.83736,-34.67930,-34.67930,34.98073,14.39090,112.91407,86.80940,60.74110,76.98665,-10.27621,-10.27621,112.91407,918.00000,101.00000,101.00000
-104.32329,52.13380,106.18993,28.20454,28.37328,-34.66430,-34.66430,34.73387,14.31501,141.11861,87.26767,60.50335,76.90988,-10.18150,-10.18150,141.11861,918.00000,101.00000,101.00000
-104.22084,52.37952,106.42932,28.19499,28.90909,-34.64848,-34.64848,34.48775,14.23881,169.31360,87.72408,60.26347,76.83136,-10.08649,-10.08649,169.31360,918.00000,101.00000,101.00000
-104.11839,52.62525,106.66792,28.18545,29.44478,-34.63184,-34.63184,34.24236,14.16231,197.49906,88.17862,60.02147,76.75108,-9.99118,-9.99118,197.49906,918.00000,101.00000,101.00000
-104.01400,52.87003,106.90425,28.03473,29.14892,-34.50548,-34.50548,34.61665,14.70493,225.53378,87.97913,60.73048,76.98691,-10.26944,-10.26944,225.53378,918.00000,101.00000,101.00000
-103.89433,53.10724,107.12830,27.13532,23.65660,-33.60130,-33.60130,38.79380,19.05615,252.66911,83.49641,67.11797,78.95407,-12.80633,-12.80633,252.66911,918.00000,101.00000,101.00000
-103.76125,53.33782,107.34177,27.11974,24.24518,-33.60170,-33.60170,38.50078,18.96077,279.78885,84.00563,66.82297,78.86971,-12.68798,-12.68798,279.78885,918.00000,101.00000,101.00000
-103.62817,53.56841,107.55479,27.10419,24.83383,-33.60125,-33.60125,38.20837,18.86499,306.89304,84.51296,66.52513,78.78297,-12.56920,-12.56920,306.89304,918.00000,101.00000,101.00000
-103.49510,53.79900,107.76735,27.08867,25.42253,-33.59995,-33.59995,37.91655,18.76882,333.98171,85.01838,66.22444,78.69383,-12.45001,-12.45001,333.98171,918.00000,101.00000,101.00000
-103.36202,54.02958,107.97941,27.07318,26.01124,-33.59780,-33.59780,37.62532,18.67226,361.05490,85.52185,65.92091,78.60229,-12.33041,-12.33041,361.05490,918.00000,101.00000,101.00000
-103.22894,54.26017,108.19096,27.05773,26.59994,-33.59480,-33.59480,37.33467,18.57530,388.11262,86.02335,65.61453,78.50833,-12.21040,-12.21040,388.11262,918.00000,101.00000,101.00000
-103.09587,54.49076,108.40197,27.04230,27.18862,-33.59093,-33.59093,37.04460,18.47796,415.15492,86.52285,65.30530,78.41193,-12.09000,-12.09000,415.15492,918.00000,101.00000,101.00000
-102.96605,54.72255,108.61429,27.15338,29.16574,-33.79356,-33.79356,35.73732,17.36164,442.30830,88.16257,63.43835,77.80964,-11.36983,-11.36983,442.30830,918.00000,101.00000,101.00000
-102.87825,54.96989,108.84986,29.26755,44.24679,-35.32140,-35.32140,24.29841,6.09717,471.57585,99.20736,44.79053,70.50410,-4.49066,-4.49066,471.57585,918.00000,101.00000,101.00000
-102.82939,55.23160,109.10617,29.26539,44.67543,-35.27425,-35.27425,24.15807,6.05748,500.84124,99.55064,44.65230,70.44226,-4.44156,-4.44156,500.84124,918.00000,101.00000,101.00000
-102.78052,55.49332,109.36083,29.26323,45.10333,-35.22631,-35.22631,24.01839,6.01766,530.10447,99.89180,44.51313,70.37961,-4.39237,-4.39237,530.10447,918.00000,101.00000,101.00000
-102.73166,55.75503,109.61382,29.26109,45.53049,-35.17759,-35.17759,23.87938,5.97771,559.36556,100.23085,44.37304,70.31616,-4.34308,-4.34308,559.36556,918.00000,101.00000,101.00000
-102.68280,56.01674,109.86513,29.25895,45.95688,-35.12808,-35.12808,23.74100,5.93764,588.62450,100.56776,44.23203,70.25192,-4.29371,-4.29371,588.62450,918.00000,101.00000,101.00000
-102.63394,56.27845,110.11474,29.25681,46.38250,-35.07778,-35.07778,23.60327,5.89743,617.88132,100.90252,44.09010,70.18687,-4.24425,-4.24425,617.88132,918.00000,101.00000,101.00000
-102.58507,56.54016,110.36265,29.25469,46.80734,-35.02670,-35.02670,23.46618,5.85709,647.13600,101.23514,43.94725,70.12101,-4.19471,-4.19471,647.13600,918.00000,101.00000,101.00000
-102.53621,56.80187,110.60884,29.25257,47.23138,-34.97483,-34.97483,23.32971,5.81663,676.38858,101.56559,43.80350,70.05435,-4.14509,-4.14509,676.38858,918.00000,101.00000,101.00000
-102.48735,57.06358,110.85329,29.25046,47.65461,-34.92217,-34.92217,23.19386,5.77604,705.63904,101.89386,43.65883,69.98689,-4.09539,-4.09539,705.63904,918.00000,101.00000,101.00000
-102.43848,57.32529,111.09600,29.24837,48.07702,-34.86873,-34.86873,23.05861,5.73532,734.88741,102.21995,43.51326,69.91861,-4.04562,-4.04562,734.88741,918.00000,101.00000,101.00000
-102.52463,57.52873,111.30327,20.86822,83.67986,-27.45148,-27.45148,22.00920,-39.28290,755.75563,103.19189,-41.71151,15.24400,21.80258,21.80258,755.75563,918.00000,101.00000,101.00000
-102.74741,57.67336,111.47520,20.83657,83.94217,-27.35955,-27.35955,22.10163,-39.59826,776.59220,103.28377,-41.94261,15.05639,21.86393,21.86393,776.59220,918.00000,101.00000,101.00000
-102.97122,57.81755,111.64599,20.80279,84.08890,-27.43095,-27.43095,21.76479,-39.48586,797.39499,103.68717,-41.39802,15.49853,21.71977,21.71977,797.39499,918.00000,101.00000,101.00000
-103.19502,57.96174,111.81587,20.76903,84.23181,-27.50168,-27.50168,21.42795,-39.37291,818.16402,104.08691,-40.84979,15.94266,21.57482,21.57482,818.16402,918.00000,101.00000,101.00000
-103.41883,58.10593,111.98485,20.73530,84.37087,-27.57174,-27.57174,21.09108,-39.25943,838.89931,104.48293,-40.29792,16.38878,21.42910,21.42910,838.89931,918.00000,101.00000,101.00000
-103.64263,58.25012,112.15289,20.70159,84.50606,-27.64112,-27.64112,20.75418,-39.14540,859.60091,104.87522,-39.74242,16.83687,21.28260,21.28260,859.60091,918.00000,101.00000,101.00000
-103.86644,58.39431,112.32000,20.66792,84.63736,-27.70982,-27.70982,20.41724,-39.03081,880.26882,105.26373,-39.18329,17.28692,21.13533,21.13533,880.26882,918.00000,101.00000,101.00000
-104.09024,58.53851,112.48616,20.63428,84.76475,-27.77782,-27.77782,20.08025,-38.91568,900.90310,105.64843,-38.62055,17.73890,20.98728,20.98728,900.90310,918.00000,101.00000,101.00000
-104.31404,58.68270,112.65138,20.60066,84.88821,-27.84512,-27.84512,19.74320,-38.80000,921.50376,106.02929,-38.05421,18.19281,20.83846,20.83846,921.50376,918.00000,101.00000,101.00000
-104.54592,58.81147,112.80330,18.69806,86.85474,-24.40467,-24.40467,28.23689,-47.51890,940.20182,99.37959,-53.36929,5.38759,24.73385,24.73385,940.20182,918.00000,101.00000,101.00000
-104.78910,58.91848,112.93713,18.04174,87.21466,-22.66409,-22.66409,32.01400,-51.54056,958.24356,95.76149,-59.87095,-0.41205,26.30203,26.30203,958.24356,918.00000,101.00000,101.00000
-105.03556,59.01917,113.06545,18.00940,87.40542,-22.75850,-22.75850,31.68093,-51.45898,976.25296,96.21711,-59.38066,0.03392,26.18603,26.18603,976.25296,918.00000,101.00000,101.00000
-105.28202,59.11985,113.19335,17.97706,87.59285,-22.85248,-22.85248,31.34795,-51.37703,994.23002,96.66980,-58.88704,0.48176,26.06930,26.06930,994.23002,918.00000,101.00000,101.00000
-105.52848,59.22053,113.32081,17.94472,87.77695,-22.94602,-22.94602,31.01507,-51.29470,1012.17474,97.11954,-58.39008,0.93148,25.95185,25.95185,1012.17474,918.00000,101.00000,101.00000
-105.77494,59.32121,113.44782,17.91239,87.95769,-23.03913,-23.03913,30.68227,-51.21198,1030.08713,97.56629,-57.88980,1.38306,25.83368,25.83368,1030.08713,918.00000,101.00000,101.00000
-106.02141,59.42189,113.57438,17.88006,88.13505,-23.13179,-23.13179,30.34955,-51.12888,1047.96719,98.01003,-57.38619,1.83650,25.71479,25.71479,1047.96719,918.00000,101.00000,101.00000
-106.26787,59.52257,113.70048,17.84773,88.30902,-23.22400,-23.22400,30.01689,-51.04539,1065.81492,98.45074,-56.87927,2.29178,25.59519,25.59519,1065.81492,918.00000,101.00000,101.00000
-106.51433,59.62325,113.82611,17.81541,88.47959,-23.31575,-23.31575,29.68430,-50.96151,1083.63034,98.88840,-56.36903,2.74888,25.47486,25.47486,1083.63034,918.00000,101.00000,101.00000
-106.75901,59.72664,113.95320,18.01652,88.49446,-24.22819,-24.22819,27.46731,-48.99196,1101.64685,101.10773,-52.56005,6.11940,24.56936,24.56936,1101.64685,918.00000,101.00000,101.00000
-106.97584,59.87246,114.11012,23.22477,79.97503,-31.61769,-31.61769,5.46503,-27.22074,1124.87162,113.59143,-10.86764,38.83245,13.72244,13.72244,1124.87162,918.00000,101.00000,101.00000
-107.16671,60.05806,114.29430,23.19753,80.00954,-31.63478,-31.63478,5.16056,-27.08995,1148.06915,113.83101,-10.28043,39.24553,13.55911,13.55911,1148.06915,918.00000,101.00000,101.00000
-107.35759,60.24365,114.47685,23.17035,80.03999,-31.65086,-31.65086,4.85581,-26.95862,1171.23950,114.06598,-9.69029,39.65999,13.39523,13.39523,1171.23950,918.00000,101.00000,101.00000
-107.55084,60.42634,114.65583,22.69124,80.96995,-31.35185,-31.35185,5.87563,-28.15254,1193.93074,114.05348,-11.73726,38.21520,13.96056,13.96056,1193.93074,918.00000,101.00000,101.00000
-107.75865,60.59124,114.82145,20.55287,85.40376,-29.26141,-29.26141,13.19986,-35.66053,1214.48362,111.78781,-26.21930,27.54622,17.84708,17.84708,1214.48362,918.00000,101.00000,101.00000
-107.97860,60.74124,114.97588,20.52031,85.45466,-29.31147,-29.31147,12.86380,-35.53390,1235.00393,112.09022,-25.59756,28.02072,17.68442,17.68442,1235.00393,918.00000,101.00000,101.00000
-108.19856,60.89123,115.12915,20.48779,85.50127,-29.36067,-29.36067,12.52750,-35.40670,1255.49172,112.38815,-24.97246,28.49678,17.52103,17.52103,1255.49172,918.00000,101.00000,101.00000
-108.41851,61.04123,115.28123,20.45533,85.54359,-29.40899,-29.40899,12.19095,-35.27890,1275.94705,112.68155,-24.34399,28.97440,17.35693,17.35693,1275.94705,918.00000,101.00000,101.00000
-108.63873,61.19083,115.43187,20.36740,85.68679,-29.39441,-29.39441,12.06029,-35.35677,1296.31445,112.88409,-24.11842,29.14563,17.29813,17.29813,1296.31445,918.00000,101.00000,101.00000
-108.86176,61.33614,115.57852,19.79841,86.74571,-28.79573,-28.79573,13.81877,-37.32513,1316.11286,112.23323,-27.60611,26.47416,18.19964,18.19964,1276.51604,918.00000,101.00000,101.00000
-109.08734,61.47754,115.72149,19.76543,86.78841,-28.84965,-28.84965,13.47837,-37.19987,1335.87828,112.53429,-26.97217,26.96360,18.03705,18.03705,1256.75061,918.00000,101.00000,101.00000
-109.31291,61.61894,115.86338,19.73249,86.82679,-28.90272,-28.90272,13.13772,-37.07402,1355.61078,112.83083,-26.33488,27.45456,17.87373,17.87373,1237.01812,918.00000,101.00000,101.00000
-109.53849,61.76034,116.00416,19.69961,86.86082,-28.95494,-28.95494,12.79680,-36.94758,1375.31039,113.12281,-25.69423,27.94701,17.70969,17.70969,1217.31851,918.00000,101.00000,101.00000
-109.76407,61.90174,116.14385,19.66678,86.89048,-29.00629,-29.00629,12.45560,-36.82056,1394.97717,113.41022,-25.05025,28.44094,17.54492,17.54492,1197.65173,918.00000,101.00000,101.00000
-109.98672,62.04730,116.28498,20.20666,85.70862,-29.71941,-29.71941,9.85303,-34.43069,1415.18383,114.56977,-19.89886,32.34093,16.21794,16.21794,1177.44507,918.00000,101.00000,101.00000
-110.20133,62.20428,116.43192,21.25221,83.45898,-30.72000,-30.72000,5.86870,-30.65039,1436.43603,115.82168,-11.90506,38.21038,14.12082,14.12082,1156.19286,918.00000,101.00000,101.00000
-110.41119,62.36809,116.58169,21.15311,83.59444,-30.69087,-30.69087,5.76175,-30.73628,1457.58914,115.99271,-11.70389,38.35536,14.06752,14.06752,1135.03975,918.00000,101.00000,101.00000
-110.62365,62.52849,116.72805,20.68190,84.54945,-30.34764,-30.34764,6.90972,-32.07846,1478.27104,115.88025,-14.04300,36.65913,14.68327,14.68327,1114.35785,918.00000,101.00000,101.00000
-110.83834,62.68593,116.87131,20.65095,84.53360,-30.37815,-30.37815,6.57401,-31.94154,1498.92199,116.10286,-13.38020,37.14222,14.50976,14.50976,1093.70691,918.00000,101.00000,101.00000
-111.05303,62.84336,117.01325,20.62007,84.51323,-30.40766,-30.40766,6.23793,-31.80403,1519.54205,116.32044,-12.71436,37.62650,14.33562,14.33562,1073.08684,918.00000,101.00000,101.00000
-111.26773,63.00080,117.15385,20.58926,84.48834,-30.43614,-30.43614,5.90146,-31.66590,1540.13132,116.53296,-12.04551,38.11195,14.16086,14.16086,1052.49758,918.00000,101.00000,101.00000
-111.48242,63.15823,117.29312,20.55853,84.45889,-30.46360,-30.46360,5.56460,-31.52717,1560.68985,116.74038,-11.37367,38.59852,13.98547,13.98547,1031.93905,918.00000,101.00000,101.00000
-111.68286,63.33165,117.43961,23.02227,78.47134,-32.05563,-32.05563,2.43094,-23.72489,1583.71212,117.33392,4.98122,49.98214,9.61683,9.61683,1008.91677,918.00000,101.00000,101.00000
-111.86658,63.52388,117.59458,23.47417,77.37675,-32.23057,-32.23057,3.89768,-22.42037,1607.18629,117.32259,7.99348,51.98272,8.79158,8.79158,985.44261,918.00000,101.00000,101.00000
-112.04780,63.71892,117.74928,23.45072,77.31781,-32.21397,-32.21397,4.19342,-22.28152,1630.63701,117.43405,8.61025,52.38915,8.62227,8.62227,961.99189,918.00000,101.00000,101.00000
-112.22901,63.91395,117.90218,23.42737,77.25475,-32.19621,-32.19621,4.48962,-22.14216,1654.06437,117.54040,9.22920,52.79631,8.45261,8.45261,938.56452,918.00000,101.00000,101.00000
-112.41023,64.10899,118.05328,23.40411,77.18756,-32.17730,-32.17730,4.78629,-22.00229,1677.46849,117.64161,9.85030,53.20418,8.28260,8.28260,915.16041,918.00000,101.00000,101.00000
-112.57378,64.31690,118.20820,25.53801,71.14892,-32.82215,-32.82215,11.03342,-15.90759,1703.00650,116.02321,22.62286,61.31223,4.72934,4.72934,889.62240,918.00000,101.00000,101.00000
-112.71169,64.54348,118.36933,26.57385,68.54932,-32.93064,-32.93064,13.59797,-13.45739,1729.58034,115.05136,27.82953,64.45990,3.24771,3.24771,863.04855,918.00000,101.00000,101.00000
-112.84163,64.77584,118.53085,26.56152,68.52950,-32.87012,-32.87012,13.80744,-13.34619,1756.14186,115.10570,28.28853,64.73327,3.11649,3.11649,836.48704,918.00000,101.00000,101.00000
-112.97299,65.00726,118.68983,26.37530,68.94173,-32.78798,-32.78798,13.63227,-13.62018,1782.51715,115.34615,27.97395,64.54561,3.20612,3.20612,810.11174,918.00000,101.00000,101.00000
-113.12210,65.22677,118.84187,24.43562,74.10333,-32.35602,-32.35602,9.03462,-18.32335,1806.95277,117.36748,18.66188,58.82146,5.81270,5.81270,785.67612,918.00000,101.00000,101.00000
-113.28762,65.43529,118.98744,24.41647,74.02421,-32.31580,-32.31580,9.30925,-18.18769,1831.36924,117.42033,19.24778,59.19111,5.65131,5.65131,761.25965,918.00000,101.00000,101.00000
-113.45314,65.64381,119.13109,24.39743,73.94127,-32.27441,-32.27441,9.58439,-18.05158,1855.76668,117.46819,19.83535,59.56125,5.48974,5.48974,736.86222,918.00000,101.00000,101.00000
-113.61867,65.85233,119.27281,24.37850,73.85451,-32.23186,-32.23186,9.86006,-17.91504,1880.14518,117.51103,20.42455,59.93184,5.32799,5.32799,712.48372,918.00000,101.00000,101.00000
-113.79540,66.04950,119.40756,22.33494,78.22266,-31.69161,-31.69161,5.67789,-22.23932,1902.48012,118.82173,11.81368,54.39067,7.65691,7.65691,690.14877,918.00000,101.00000,101.00000
-113.99468,66.22386,119.53045,20.42492,82.86863,-30.83782,-30.83782,0.65180,-27.43380,1922.90505,119.52271,1.35976,47.32493,10.39930,10.39930,669.72385,918.00000,101.00000,101.00000
-114.16904,66.40596,119.65304,23.21780,71.01465,-32.28562,-32.28562,12.99430,-15.27659,1946.12285,116.58902,26.90448,63.97268,3.56935,3.56935,646.50605,918.00000,101.00000,101.00000
-114.24658,66.63949,119.79076,29.55517,53.66482,-32.11452,-32.11452,26.95970,-1.41260,1975.67802,106.77257,54.30879,79.26749,-4.33370,-4.33370,616.95087,918.00000,101.00000,101.00000
-114.32129,66.87314,119.92657,23.15601,70.41988,-32.18610,-32.18610,13.86605,-14.49630,1998.83403,116.43175,28.74074,65.05165,3.03027,3.03027,593.79486,918.00000,101.00000,101.00000
-114.49560,67.05211,120.04253,19.73582,83.86861,-30.52015,-30.52015,0.32279,-28.15469,2018.56985,120.04062,0.67628,46.73978,10.47134,10.47134,574.05904,918.00000,101.00000,101.00000
-114.69954,67.22012,120.15444,21.63049,78.77073,-31.37633,-31.37633,6.24369,-22.42904,2040.20034,119.44172,13.06767,55.15488,7.26845,7.26845,552.42855,918.00000,101.00000,101.00000
-114.87515,67.41680,120.27664,24.70835,71.93702,-31.94375,-31.94375,12.98252,-15.85751,2064.90870,117.20221,27.02061,64.04039,3.53458,3.53458,527.72020,918.00000,101.00000,101.00000
-115.05847,67.60501,120.39374,20.12242,82.01440,-30.80169,-30.80169,3.12790,-25.85038,2085.03112,120.21438,6.56929,50.77792,8.93867,8.93867,507.59778,918.00000,101.00000,101.00000
-115.27224,67.76157,120.49639,19.10698,84.55593,-30.26966,-30.26966,0.33131,-28.83761,2104.13810,120.49437,0.69675,46.71407,10.42857,10.42857,488.49079,918.00000,101.00000,101.00000
-115.49193,67.91194,120.59526,19.07832,84.41908,-30.27627,-30.27627,0.69041,-28.68144,2123.21642,120.58651,1.45314,47.24422,10.23861,10.23861,469.41247,918.00000,101.00000,101.00000
-115.72410,68.03979,120.68316,15.50582,92.52363,-27.44158,-27.44158,11.27816,-40.85699,2138.72224,118.35268,-23.60228,28.68901,16.29016,16.29016,453.90666,918.00000,101.00000,101.00000
-115.96868,68.14492,120.76028,15.45456,92.52178,-27.46630,-27.46630,11.01565,-40.82844,2154.17680,118.53527,-23.07452,29.10128,16.16783,16.16783,438.45210,918.00000,101.00000,101.00000
-116.21333,68.24991,120.83659,15.42427,92.46466,-27.51888,-27.51888,10.65169,-40.69849,2169.60107,118.75445,-22.33521,29.67763,15.99652,15.99652,423.02783,918.00000,101.00000,101.00000
-116.45796,68.35497,120.91218,15.40471,92.37799,-27.58347,-27.58347,10.24036,-40.52100,2185.00578,118.98613,-21.49552,30.33048,15.80190,15.80190,407.62311,918.00000,101.00000,101.00000
-116.70251,68.46020,120.98710,15.38779,92.27963,-27.64981,-27.64981,9.81753,-40.33180,2200.39357,119.21534,-20.62963,31.00173,15.60112,15.60112,392.23533,918.00000,101.00000,101.00000
-116.93911,68.58064,121.06752,17.70944,86.40815,-29.70311,-29.70311,0.79113,-31.53616,2218.10301,121.05598,-1.67162,45.10023,11.07544,11.07544,374.52588,918.00000,101.00000,101.00000
-117.16688,68.71817,121.15401,18.00838,85.49838,-29.89252,-29.89252,0.51813,-30.44000,2236.11139,121.14905,1.09558,47.06427,10.39455,10.39455,356.51751,918.00000,101.00000,101.00000
-117.39825,68.84883,121.23667,16.52488,88.84049,-29.00074,-29.00074,3.66281,-34.83325,2252.63627,120.98902,-7.74515,40.69884,12.54469,12.54469,339.99263,918.00000,101.00000,101.00000
-117.63870,68.96190,121.31135,15.17098,92.15244,-27.75759,-27.75759,8.61927,-40.01345,2267.80725,119.94126,-18.18068,32.85928,15.00297,15.00297,324.82164,918.00000,101.00000,101.00000
-117.88365,69.06622,121.38175,15.14118,92.06251,-27.80402,-27.80402,8.25168,-39.87940,2282.94843,120.12511,-17.42092,33.44229,14.82712,14.82712,309.68046,918.00000,101.00000,101.00000
-118.12311,69.18146,121.45563,16.80546,87.56489,-29.31752,-29.31752,1.42849,-33.28784,2299.75389,121.41789,-3.02781,44.14573,11.42314,11.42314,292.87500,918.00000,101.00000,101.00000
-118.35561,69.31076,121.53405,17.29542,86.12767,-29.63888,-29.63888,0.54366,-31.53475,2317.04931,121.52858,1.15318,47.13487,10.40851,10.40851,275.57958,918.00000,101.00000,101.00000
-118.58516,69.44546,121.61348,17.64362,84.96794,-29.85165,-29.85165,2.08068,-30.21294,2334.69293,121.53330,4.41539,49.43119,9.61006,9.61006,257.93597,918.00000,101.00000,101.00000
-118.80991,69.58786,121.69464,18.54767,82.44845,-30.24907,-30.24907,5.03188,-27.47297,2353.24060,121.22563,10.67384,53.74721,8.06058,8.06058,239.38830,918.00000,101.00000,101.00000
-119.03131,69.73572,121.77660,18.52017,82.24200,-30.24082,-30.24082,5.39931,-27.30952,2371.76076,121.23629,11.45873,54.28034,7.86476,7.86476,220.86813,918.00000,101.00000,101.00000
-119.25210,69.88446,121.85768,18.64813,81.64065,-30.28455,-30.28455,6.17309,-26.73957,2390.40890,121.15110,13.10366,55.39251,7.45402,7.45402,202.22000,918.00000,101.00000,101.00000
-119.47169,70.03498,121.93817,18.77561,81.03848,-30.32029,-30.32029,6.93226,-26.18282,2409.18450,121.04674,14.71742,56.47643,7.05021,7.05021,183.44439,918.00000,101.00000,101.00000
-119.69069,70.18637,122.01774,18.74889,80.81327,-30.30406,-30.30406,7.29931,-26.01694,2427.93340,121.02890,15.50268,57.00146,6.85355,6.85355,164.69550,918.00000,101.00000,101.00000
-119.89852,70.35023,122.09993,20.94200,74.84239,-30.77343,-30.77343,13.04531,-20.46994,2448.87540,118.94876,27.56059,64.82224,3.78441,3.78441,143.75350,918.00000,101.00000,101.00000
-120.08439,70.53870,122.18829,23.23031,69.65580,-30.90341,-30.90341,17.56333,-16.12575,2472.10571,116.49236,36.87150,70.53643,1.34509,1.34509,120.52318,918.00000,101.00000,101.00000
-120.25941,70.73931,122.27875,23.21245,69.43802,-30.83339,-30.83339,17.86729,-15.97327,2495.31816,116.38121,37.51676,70.92183,1.17403,1.17403,97.31073,918.00000,101.00000,101.00000
-120.44683,70.92757,122.36404,20.86332,74.53113,-30.59535,-30.59535,13.72466,-20.26975,2516.18148,118.87019,29.03165,65.72892,3.38947,3.38947,76.44741,918.00000,101.00000,101.00000
-120.64677,71.10334,122.44421,20.81689,74.33717,-30.54304,-30.54304,14.01841,-20.15558,2536.99837,118.79757,29.66010,66.12257,3.22781,3.22781,55.63052,918.00000,101.00000,101.00000
-120.84684,71.27898,122.52290,20.79463,74.07821,-30.49250,-30.49250,14.36537,-19.98860,2557.79301,118.69201,30.39848,66.58401,3.03804,3.03804,34.83589,918.00000,101.00000,101.00000
-121.04691,71.45462,122.60017,20.77253,73.81458,-30.44058,-30.44058,14.71301,-19.82109,2578.56554,118.58012,31.13769,67.04476,2.84821,2.84821,14.06336,918.00000,101.00000,101.00000
-68.67613,18.80460,38.59242,22.07638,-7.46322,-52.24189,-43.29436,5.83502,97.50666,22.07638,38.39246,-3.92347,-35.70558,-22.81099,-26.96702,22.07638,101.00000,2007.00000,224.00000
-68.46821,18.77855,38.65027,22.07974,-7.53467,-53.18488,-43.42561,5.89433,97.50556,44.15612,38.44592,-3.96916,-35.69667,-22.74831,-26.91546,44.15612,101.00000,2007.00000,224.00000
-68.26030,18.75245,38.70767,22.08234,-7.59016,-54.11721,-43.54435,5.92821,97.52981,66.23846,38.50067,-3.99782,-35.69104,-22.70834,-26.88307,66.23846,101.00000,2007.00000,224.00000
-68.05679,18.70673,38.76477,22.19195,-0.36980,-49.42865,-37.42629,5.54216,109.06673,88.43041,38.58356,3.74383,-36.49046,-33.10735,-35.01503,88.43041,101.00000,2007.00000,224.00000
-67.85768,18.64143,38.82158,22.19959,-0.44371,-50.38829,-37.56762,5.46350,109.06002,110.62999,38.64521,3.69626,-36.48995,-33.04587,-34.96884,110.62999,101.00000,2007.00000,224.00000
-67.65857,18.57613,38.87794,22.20719,-0.51747,-51.34741,-37.70833,5.38528,109.05333,132.83719,38.70634,3.64879,-36.48936,-32.98343,-34.92264,132.83719,101.00000,2007.00000,224.00000
-67.45946,18.51083,38.93387,22.21478,-0.59108,-52.30601,-37.84841,5.30748,109.04667,155.05197,38.76694,3.60141,-36.48868,-32.92003,-34.87642,155.05197,101.00000,2007.00000,224.00000
-67.26035,18.44553,38.98935,22.22234,-0.66453,-53.26407,-37.98785,5.23011,109.04004,177.27430,38.82702,3.55411,-36.48792,-32.85569,-34.83019,177.27430,101.00000,2007.00000,224.00000
-67.06124,18.38023,39.04438,22.22987,-0.73784,-54.22157,-38.12667,5.15317,109.03343,199.50417,38.88657,3.50691,-36.48707,-32.79040,-34.78396,199.50417,101.00000,2007.00000,224.00000
-66.86213,18.31493,39.09897,22.23738,-0.81098,-55.17851,-38.26485,5.07663,109.02686,221.74155,38.94559,3.45979,-36.48613,-32.72418,-34.73773,221.74155,101.00000,2007.00000,224.00000
-66.66302,18.24963,39.15311,22.24486,-0.88397,-56.13487,-38.40239,5.00053,109.02031,243.98641,39.00409,3.41278,-36.48511,-32.65704,-34.69148,243.98641,101.00000,2007.00000,224.00000
-66.46391,18.18433,39.20681,22.25232,-0.95681,-57.09062,-38.53929,4.92484,109.01379,266.23872,39.06206,3.36586,-36.48400,-32.58898,-34.64523,221.73409,101.00000,2007.00000,224.00000
-66.26480,18.11902,39.26005,22.25975,-1.02948,-58.04577,-38.67555,4.84955,109.00729,288.49847,39.11951,3.31903,-36.48281,-32.52003,-34.59899,199.47435,101.00000,2007.00000,224.00000
-66.06569,18.05372,39.31284,22.26715,-1.10200,-59.00029,-38.81117,4.77468,109.00082,310.76562,39.17642,3.27230,-36.48154,-32.45017,-34.55274,177.20719,101.00000,2007.00000,224.00000
-65.86658,17.98842,39.36518,22.27453,-1.17436,-59.95418,-38.94615,4.70022,108.99438,333.04015,39.23279,3.22567,-36.48019,-32.37943,-34.50650,154.93266,101.00000,2007.00000,224.00000
-65.66747,17.92312,39.41706,22.28189,-1.24655,-60.90741,-39.08048,4.62616,108.98797,355.32204,39.28864,3.17915,-36.47875,-32.30782,-34.46027,132.65078,101.00000,2007.00000,224.00000
-65.46836,17.85782,39.46848,22.28921,-1.31858,-61.85997,-39.21416,4.55251,108.98159,377.61125,39.34396,3.13272,-36.47723,-32.23533,-34.41404,110.36156,101.00000,2007.00000,224.00000
-65.26925,17.79252,39.51945,22.29652,-1.39046,-62.81186,-39.34718,4.47925,108.97523,399.90777,39.39875,3.08639,-36.47564,-32.16199,-34.36782,88.06505,101.00000,2007.00000,224.00000
-65.07014,17.72722,39.56996,22.30379,-1.46216,-63.76305,-39.47956,4.40639,108.96890,422.21157,39.45300,3.04017,-36.47397,-32.08778,-34.32161,65.76125,101.00000,2007.00000,224.00000
-64.87103,17.66192,39.62000,22.31105,-1.53370,-64.71354,-39.61129,4.33393,108.96259,444.52261,39.50671,2.99405,-36.47222,-32.01274,-34.27542,43.45020,101.00000,2007.00000,224.00000
-64.67192,17.59662,39.66959,22.31827,-1.60508,-65.66330,-39.74235,4.26185,108.95632,466.84089,39.55989,2.94804,-36.47039,-31.93688,-34.22924,21.13193,101.00000,2007.00000,224.00000
-64.47281,17.53132,39.71870,22.32547,-1.67628,-66.61233,-39.87277,4.19017,108.95007,489.16636,39.61254,2.90213,-36.46849,-31.86018,-34.18307,-1.19354,101.00000,2007.00000,224.00000
-64.27370,17.46601,39.76736,22.33265,-1.74732,-67.56061,-40.00252,4.11888,108.94384,511.49901,39.66465,2.85633,-36.46651,-31.78266,-34.13693,-23.52619,101.00000,2007.00000,224.00000
-55.06617,-29.94523,42.37690,22.16738,3.38206,-18.32289,-18.32289,43.75544,16.11491,22.16738,30.60876,-29.30708,4.90936,6.61980,6.61980,22.16738,902.00000,201.00000,201.00000
-55.00237,-29.75370,42.68468,22.17065,3.73892,-18.41084,-18.41084,43.30053,16.14412,44.33803,31.06447,-29.27422,4.91316,6.60023,6.60023,44.33803,902.00000,201.00000,201.00000
-54.93858,-29.56216,42.99453,22.17392,4.09581,-18.49852,-18.49852,42.85236,16.17316,66.51194,31.51966,-29.24108,4.91730,6.58068,6.58068,66.51194,902.00000,201.00000,201.00000
-54.87478,-29.37062,43.30638,22.17716,4.45273,-18.58592,-18.58592,42.41084,16.20202,88.68911,31.97430,-29.20764,4.92181,6.56116,6.56116,88.68911,902.00000,201.00000,201.00000
-54.81098,-29.17908,43.62017,22.18040,4.80968,-18.67304,-18.67304,41.97587,16.23069,110.86951,32.42839,-29.17394,4.92665,6.54166,6.54166,110.86951,902.00000,201.00000,201.00000
-54.74718,-28.98754,43.93586,22.18362,5.16665,-18.75989,-18.75989,41.54737,16.25919,133.05313,32.88193,-29.13997,4.93184,6.52219,6.52219,133.05313,902.00000,201.00000,201.00000
-54.68339,-28.79601,44.25337,22.18683,5.52364,-18.84646,-18.84646,41.12522,16.28750,155.23996,33.33491,-29.10575,4.93737,6.50275,6.50275,155.23996,902.00000,201.00000,201.00000
-54.61959,-28.60447,44.57266,22.19002,5.88063,-18.93275,-18.93275,40.70934,16.31564,177.42998,33.78732,-29.07127,4.94323,6.48334,6.48334,177.42998,902.00000,201.00000,201.00000
-54.55579,-28.41293,44.89367,22.19320,6.23764,-19.01876,-19.01876,40.29963,16.34359,199.62318,34.23917,-29.03654,4.94941,6.46397,6.46397,199.62318,902.00000,201.00000,201.00000
-54.49199,-28.22139,45.21634,22.19637,6.59464,-19.10449,-19.10449,39.89599,16.37136,221.81955,34.69043,-29.00157,4.95592,6.44463,6.44463,221.81955,902.00000,201.00000,201.00000
-54.43985,-28.02713,45.52589,22.26191,7.44123,-18.39873,-18.39873,45.57774,10.29821,244.08146,31.86543,-32.51462,4.21508,8.42420,8.42420,244.08146,902.00000,201.00000,201.00000
-54.40570,-27.82865,45.81457,22.40200,8.03289,-17.96853,-17.96853,48.45220,7.01606,266.48346,30.38627,-34.28775,3.77435,9.46007,9.46007,266.48346,902.00000,201.00000,201.00000
-54.37790,-27.62869,46.09734,22.40261,8.39634,-18.05201,-18.05201,48.03165,7.02876,288.88607,30.82621,-34.27403,3.77803,9.45199,9.45199,288.88607,902.00000,201.00000,201.00000
-54.35010,-27.42873,46.38216,22.40322,8.75971,-18.13524,-18.13524,47.61660,7.04138,311.28929,31.26567,-34.26021,3.78185,9.44394,9.44394,311.28929,902.00000,201.00000,201.00000
-54.32230,-27.22877,46.66898,22.40383,9.12299,-18.21821,-18.21821,47.20699,7.05390,333.69312,31.70465,-34.24629,3.78580,9.43590,9.43590,333.69312,902.00000,201.00000,201.00000
-54.29450,-27.02881,46.95775,22.40443,9.48617,-18.30092,-18.30092,46.80276,7.06635,356.09756,32.14314,-34.23227,3.78989,9.42788,9.42788,356.09756,902.00000,201.00000,201.00000
-54.26669,-26.82885,47.24842,22.40503,9.84926,-18.38338,-18.38338,46.40384,7.07870,378.50259,32.58114,-34.21816,3.79411,9.41988,9.41988,378.50259,902.00000,201.00000,201.00000
-54.23889,-26.62889,47.54093,22.40563,10.21224,-18.46559,-18.46559,46.01018,7.09097,400.90822,33.01863,-34.20395,3.79845,9.41190,9.41190,400.90822,902.00000,201.00000,201.00000
-54.21109,-26.42893,47.83524,22.40623,10.57511,-18.54754,-18.54754,45.62171,7.10316,423.31445,33.45561,-34.18965,3.80292,9.40394,9.40394,423.31445,902.00000,201.00000,201.00000
-54.18329,-26.22897,48.13131,22.40682,10.93788,-18.62922,-18.62922,45.23837,7.11526,445.72127,33.89209,-34.17527,3.80751,9.39600,9.39600,445.72127,902.00000,201.00000,201.00000
-54.15549,-26.02901,48.42907,22.40741,11.30052,-18.71064,-18.71064,44.86009,7.12727,468.12867,34.32804,-34.16080,3.81223,9.38808,9.38808,468.12867,902.00000,201.00000,201.00000
-54.12769,-25.82905,48.72849,22.40799,11.66305,-18.79181,-18.79181,44.48682,7.13920,490.53666,34.76348,-34.14625,3.81707,9.38018,9.38018,490.53666,902.00000,201.00000,201.00000
-54.09989,-25.62909,49.02953,22.40857,12.02546,-18.87271,-18.87271,44.11848,7.15103,512.94524,35.19838,-34.13163,3.82202,9.37231,9.37231,512.94524,902.00000,201.00000,201.00000
-54.07209,-25.42913,49.33212,22.40915,12.38773,-18.95335,-18.95335,43.75503,7.16279,535.35439,35.63275,-34.11693,3.82708,9.36447,9.36447,535.35439,902.00000,201.00000,201.00000
-54.04429,-25.22917,49.63623,22.40973,12.74987,-19.03372,-19.03372,43.39639,7.17445,557.76412,36.06658,-34.10216,3.83226,9.35664,9.35664,557.76412,902.00000,201.00000,201.00000
-54.01648,-25.02921,49.94183,22.41030,13.11187,-19.11383,-19.11383,43.04250,7.18603,580.17442,36.49987,-34.08733,3.83755,9.34884,9.34884,580.17442,902.00000,201.00000,201.00000
-53.98868,-24.82925,50.24886,22.41087,13.47372,-19.19368,-19.19368,42.69330,7.19752,602.58529,36.93260,-34.07243,3.84294,9.34107,9.34107,602.58529,902.00000,201.00000,201.00000
-53.96088,-24.62929,50.55727,22.41143,13.83543,-19.27326,-19.27326,42.34873,7.20892,624.99673,37.36478,-34.05747,3.84844,9.33332,9.33332,624.99673,902.00000,201.00000,201.00000
-53.93359,-24.42926,50.86640,22.41360,14.21462,-19.30935,-19.30935,42.27216,6.95599,647.41033,37.63901,-34.21544,3.78936,9.41458,9.41458,647.41033,902.00000,201.00000,201.00000
-53.90856,-24.22895,51.17402,22.42329,14.63529,-19.23474,-19.23474,42.85314,6.04668,669.83362,37.51565,-34.80455,3.56322,9.71672,9.71672,669.83362,902.00000,201.00000,201.00000
-53.88528,-24.02841,51.48077,22.42368,14.99704,-19.31309,-19.31309,42.51840,6.05605,692.25730,37.94443,-34.79209,3.56811,9.71036,9.71036,692.25730,902.00000,201.00000,201.00000
-53.86200,-23.82788,51.78881,22.42407,15.35861,-19.39117,-19.39117,42.18802,6.06535,714.68137,38.37266,-34.77959,3.57309,9.70401,9.70401,714.68137,902.00000,201.00000,201.00000
-53.83873,-23.62734,52.09811,22.42445,15.72002,-19.46900,-19.46900,41.86193,6.07458,737.10583,38.80033,-34.76704,3.57814,9.69770,9.69770,737.10583,902.00000,201.00000,201.00000
-53.81545,-23.42680,52.40862,22.42484,16.08123,-19.54655,-19.54655,41.54009,6.08373,759.53066,39.22743,-34.75445,3.58327,9.69140,9.69140,759.53066,902.00000,201.00000,201.00000
-53.79452,-23.22636,52.71692,22.35914,16.51418,-19.41392,-19.41392,42.43450,4.87761,781.88981,38.90768,-35.57058,3.24280,10.09834,10.09834,781.88981,902.00000,201.00000,201.00000
-53.80471,-23.02713,52.98163,22.38451,17.14307,-16.17847,-16.17847,57.22152,-10.25670,804.27432,28.68385,-44.54537,-1.22618,14.82430,14.82430,804.27432,902.00000,201.00000,201.00000
-53.84362,-22.82904,53.20672,22.38555,17.50355,-16.24435,-16.24435,56.87662,-10.27132,826.65987,29.07448,-44.56041,-1.23521,14.83275,14.83275,826.65987,902.00000,201.00000,201.00000
-53.88254,-22.63094,53.43371,22.38658,17.86383,-16.31010,-16.31010,56.53482,-10.28582,849.04645,29.46495,-44.57553,-1.24435,14.84116,14.84116,849.04645,902.00000,201.00000,201.00000
-53.92146,-22.43284,53.66255,22.38761,18.22391,-16.37571,-16.37571,56.19612,-10.30019,871.43406,29.85526,-44.59072,-1.25359,14.84953,14.84953,871.43406,902.00000,201.00000,201.00000
-53.94765,-22.23347,53.91230,22.35390,18.60427,-18.07532,-18.07532,49.11958,-3.55753,893.78796,35.28465,-40.76186,0.91114,12.82453,12.82453,893.78796,902.00000,201.00000,201.00000
-53.95495,-22.03221,54.19183,22.44838,18.88292,-18.84593,-18.84593,45.54891,-0.30322,916.23634,37.95055,-38.68475,1.97435,11.77736,11.77736,916.23634,902.00000,201.00000,201.00000
-53.95610,-21.83033,54.48185,22.44838,19.24397,-18.91850,-18.91850,45.23971,-0.30365,938.68472,38.36297,-38.68533,1.97406,11.77764,11.77764,938.68472,902.00000,201.00000,201.00000
-53.96717,-21.63025,54.75728,22.15379,19.70171,-17.81862,-17.81862,50.23471,-5.61594,960.83851,35.02517,-42.09034,0.16704,13.48211,13.48211,960.83851,902.00000,201.00000,201.00000
-54.01265,-21.43643,54.97922,22.26754,19.55686,-14.28320,-14.28320,63.26915,-18.99638,983.10606,24.72965,-49.10355,-4.44057,17.24983,17.24983,983.10606,902.00000,201.00000,201.00000
-54.08264,-21.24706,55.16401,22.27059,19.91053,-14.34022,-14.34022,62.93836,-19.01905,1005.37665,25.09680,-49.12452,-4.45718,17.26188,17.26188,1005.37665,902.00000,201.00000,201.00000
-54.15262,-21.05770,55.35079,22.27362,20.26402,-14.39720,-14.39720,62.60977,-19.04151,1027.65027,25.46404,-49.14563,-4.47395,17.27387,17.27387,1027.65027,902.00000,201.00000,201.00000
-54.22261,-20.86833,55.53953,22.27662,20.61734,-14.45412,-14.45412,62.28338,-19.06378,1049.92688,25.83137,-49.16685,-4.49086,17.28581,17.28581,1049.92688,902.00000,201.00000,201.00000
-54.30957,-20.68764,55.69526,21.97186,19.81154,-11.14745,-11.14745,72.35502,-29.49368,1071.89874,16.88224,-53.07497,-8.18991,19.62813,19.62813,1071.89874,902.00000,201.00000,201.00000
-54.41775,-20.51779,55.80947,22.01658,19.75683,-10.28318,-10.28318,74.65083,-32.14913,1093.91533,14.77280,-53.81878,-9.11968,20.13170,20.13170,1093.91533,902.00000,201.00000,201.00000
-54.53019,-20.35012,55.91717,22.02338,20.09830,-10.32947,-10.32947,74.32032,-32.17712,1115.93870,15.11212,-53.83636,-9.14312,20.14383,20.14383,1115.93870,902.00000,201.00000,201.00000
-54.64262,-20.18244,56.02709,22.03013,20.43971,-10.37583,-10.37583,73.99073,-32.20487,1137.96883,15.45187,-53.85419,-9.16677,20.15591,20.15591,1137.96883,902.00000,201.00000,201.00000
-54.75506,-20.01477,56.13921,22.03683,20.78103,-10.42227,-10.42227,73.66209,-32.23238,1160.00566,15.79206,-53.87227,-9.19062,20.16794,20.16794,1160.00566,902.00000,201.00000,201.00000
-54.87892,-19.85640,56.22493,21.79187,19.58145,-7.46509,-7.46509,81.57940,-40.50873,1181.79753,8.23351,-55.61881,-12.12465,21.46817,21.46817,1181.79753,902.00000,201.00000,201.00000
-55.01733,-19.70990,56.27651,21.81192,19.41615,-6.64851,-6.64851,83.52440,-42.80968,1203.60945,6.34687,-55.91746,-12.92345,21.75727,21.75727,1203.60945,902.00000,201.00000,201.00000
-55.15887,-19.56594,56.32255,21.82094,19.74740,-6.68951,-6.68951,83.19505,-42.83512,1225.43039,6.67364,-55.92578,-12.94845,21.76579,21.76579,1225.43039,902.00000,201.00000,201.00000
-55.30040,-19.42198,56.37089,21.82991,20.07866,-6.73065,-6.73065,82.86570,-42.86036,1247.26031,7.00101,-55.93445,-12.97370,21.77429,21.77429,1247.26031,902.00000,201.00000,201.00000
-55.44194,-19.27801,56.42149,21.83883,20.40991,-6.77194,-6.77194,82.53636,-42.88540,1269.09913,7.32898,-55.94346,-12.99918,21.78279,21.78279,1269.09913,902.00000,201.00000,201.00000
-55.58347,-19.13405,56.47439,21.84768,20.74115,-6.81336,-6.81336,82.20709,-42.91024,1290.94681,7.65753,-55.95282,-13.02488,21.79127,21.79127,1290.94681,902.00000,201.00000,201.00000
-55.72501,-18.99009,56.52956,21.85647,21.07237,-6.85493,-6.85493,81.87790,-42.93488,1312.80328,7.98667,-55.96252,-13.05080,21.79974,21.79974,1312.80328,902.00000,201.00000,201.00000
-55.86654,-18.84613,56.58700,21.86520,21.40358,-6.89664,-6.89664,81.54884,-42.95931,1334.66848,8.31638,-55.97255,-13.07693,21.80820,21.80820,1334.66848,902.00000,201.00000,201.00000
-56.00808,-18.70217,56.64671,21.87387,21.73477,-6.93849,-6.93849,81.21993,-42.98355,1356.54234,8.64667,-55.98290,-13.10326,21.81665,21.81665,1356.54234,902.00000,201.00000,201.00000
-56.14961,-18.55821,56.70870,21.88248,22.06592,-6.98048,-6.98048,80.89122,-43.00759,1378.42482,8.97752,-55.99358,-13.12979,21.82508,21.82508,1378.42482,902.00000,201.00000,201.00000
-56.29115,-18.41425,56.77295,21.89103,22.39704,-7.02260,-7.02260,80.56272,-43.03143,1400.31586,9.30894,-56.00457,-13.15652,21.83350,21.83350,1400.31586,902.00000,201.00000,201.00000
-56.43588,-18.27474,56.82857,21.66816,21.98173,-5.87517,-5.87517,83.32951,-46.14954,1421.98401,6.60116,-56.44387,-14.38178,22.18959,22.18959,1421.98401,902.00000,201.00000,201.00000
-56.60063,-18.16310,56.81818,21.54807,17.20819,0.73822,0.73822,80.22524,-62.94076,1443.53209,-9.64632,-55.99334,-20.18213,22.94990,22.94990,1443.53209,902.00000,201.00000,201.00000
-56.78221,-18.07486,56.75263,21.55668,17.52508,0.69835,0.69835,80.54761,-62.95233,1465.08877,-9.32037,-55.98206,-20.20279,22.94905,22.94905,1465.08877,902.00000,201.00000,201.00000
-56.96379,-17.98662,56.68921,21.56526,17.84199,0.65830,0.65830,80.87138,-62.96383,1486.65403,-8.99381,-55.97122,-20.22373,22.94824,22.94824,1486.65403,902.00000,201.00000,201.00000
-57.14536,-17.89838,56.62794,21.57379,18.15893,0.61808,0.61808,81.19653,-62.97528,1508.22781,-8.66666,-55.96081,-20.24494,22.94749,22.94749,1508.22781,902.00000,201.00000,201.00000
-57.32421,-17.80633,56.57818,21.47530,19.41349,-0.50860,-0.50860,84.23531,-60.27455,1529.70312,-5.68289,-56.29206,-19.37755,22.95002,22.95002,1529.70312,902.00000,201.00000,201.00000
-57.48296,-17.68635,56.59926,21.93440,24.59459,-7.31170,-7.31170,78.23969,-43.09130,1551.63752,11.53594,-55.41118,-12.75023,21.77234,21.77234,1551.63752,902.00000,201.00000,201.00000
-57.62435,-17.54225,56.68189,21.94258,24.92585,-7.35508,-7.35508,77.90955,-43.11396,1573.58010,11.87234,-55.42458,-12.77858,21.78074,21.78074,1573.58010,902.00000,201.00000,201.00000
-57.76574,-17.39815,56.76677,21.95069,25.25703,-7.39860,-7.39860,77.57995,-43.13642,1595.53078,12.20924,-55.43826,-12.80707,21.78912,21.78912,1595.53078,902.00000,201.00000,201.00000
-57.90713,-17.25404,56.85389,21.95874,25.58813,-7.44224,-7.44224,77.25089,-43.15868,1617.48952,12.54664,-55.45220,-12.83571,21.79747,21.79747,1617.48952,902.00000,201.00000,201.00000
-58.04852,-17.10994,56.94325,21.96673,25.91914,-7.48602,-7.48602,76.92243,-43.18074,1639.45625,12.88455,-55.46640,-12.86448,21.80581,21.80581,1639.45625,902.00000,201.00000,201.00000
-58.18991,-16.96583,57.03484,21.97465,26.25006,-7.52993,-7.52993,76.59458,-43.20260,1661.43090,13.22296,-55.48087,-12.89337,21.81413,21.81413,1661.43090,902.00000,201.00000,201.00000
-58.33130,-16.82173,57.12865,21.98252,26.58087,-7.57397,-7.57397,76.26737,-43.22427,1683.41342,13.56185,-55.49557,-12.92238,21.82242,21.82242,1639.44838,902.00000,201.00000,201.00000
-58.47269,-16.67763,57.22467,21.99032,26.91158,-7.61814,-7.61814,75.94083,-43.24575,1705.40374,13.90123,-55.51052,-12.95150,21.83069,21.83069,1617.45806,902.00000,201.00000,201.00000
-58.61408,-16.53352,57.32289,21.99806,27.24218,-7.66244,-7.66244,75.61500,-43.26702,1727.40180,14.24109,-55.52571,-12.98074,21.83894,21.83894,1595.46000,902.00000,201.00000,201.00000
-58.75547,-16.38942,57.42330,22.00574,27.57267,-7.70686,-7.70686,75.28989,-43.28810,1749.40754,14.58142,-55.54114,-13.01007,21.84717,21.84717,1573.45426,902.00000,201.00000,201.00000
-58.89686,-16.24532,57.52590,22.01336,27.90303,-7.75141,-7.75141,74.96554,-43.30899,1771.42090,14.92222,-55.55679,-13.03949,21.85537,21.85537,1551.44090,902.00000,201.00000,201.00000
-59.03825,-16.10121,57.63067,22.02091,28.23328,-7.79610,-7.79610,74.64196,-43.32968,1793.44181,15.26348,-55.57266,-13.06900,21.86354,21.86354,1529.42000,902.00000,201.00000,201.00000
-59.17964,-15.95711,57.73760,22.02840,28.56339,-7.84090,-7.84090,74.31919,-43.35017,1815.47021,15.60520,-55.58874,-13.09860,21.87168,21.87168,1507.39159,902.00000,201.00000,201.00000
-59.32103,-15.81301,57.84668,22.03583,28.89338,-7.88583,-7.88583,73.99724,-43.37047,1837.50604,15.94738,-55.60503,-13.12826,21.87980,21.87980,1485.35577,902.00000,201.00000,201.00000
-59.46242,-15.66890,57.95790,22.04319,29.22322,-7.93089,-7.93089,73.67616,-43.39057,1859.54923,16.29000,-55.62153,-13.15800,21.88790,21.88790,1463.31257,902.00000,201.00000,201.00000
-59.60381,-15.52480,58.07125,22.05050,29.55293,-7.97607,-7.97607,73.35595,-43.41048,1881.59973,16.63306,-55.63822,-13.18780,21.89596,21.89596,1441.26208,902.00000,201.00000,201.00000
-59.74520,-15.38070,58.18672,22.05774,29.88248,-8.02137,-8.02137,73.03664,-43.43020,1903.65746,16.97657,-55.65510,-13.21765,21.90400,21.90400,1419.20434,902.00000,201.00000,201.00000
-59.88659,-15.23659,58.30429,22.06491,30.21188,-8.06680,-8.06680,72.71825,-43.44972,1925.72237,17.32050,-55.67217,-13.24756,21.91200,21.91200,1397.13943,902.00000,201.00000,201.00000
-60.02798,-15.09249,58.42395,22.07202,30.54113,-8.11235,-8.11235,72.40081,-43.46905,1947.79440,17.66485,-55.68941,-13.27751,21.91998,21.91998,1375.06740,902.00000,201.00000,201.00000
-60.16937,-14.94839,58.54569,22.07907,30.87021,-8.15802,-8.15802,72.08434,-43.48818,1969.87347,18.00963,-55.70683,-13.30749,21.92792,21.92792,1352.98833,902.00000,201.00000,201.00000
-60.31076,-14.80428,58.66950,22.08606,31.19913,-8.20381,-8.20381,71.76885,-43.50712,1991.95953,18.35483,-55.72441,-13.33750,21.93583,21.93583,1330.90227,902.00000,201.00000,201.00000
-60.43511,-14.64701,58.83423,22.19172,33.64112,-12.68860,-12.68860,59.30846,-31.36353,2014.15125,30.02993,-50.59318,-6.46111,19.72016,19.72016,1308.71055,902.00000,201.00000,201.00000
-60.54068,-14.47522,59.04350,22.26219,34.11068,-13.16066,-13.16066,57.79155,-30.15210,2036.41344,31.47025,-49.95757,-5.76088,19.45300,19.45300,1286.44836,902.00000,201.00000,201.00000
-60.64450,-14.30207,59.25828,22.26655,34.44955,-13.21249,-13.21249,57.50818,-30.17124,2058.67998,31.83232,-49.98248,-5.78786,19.46337,19.46337,1264.18182,902.00000,201.00000,201.00000
-60.74832,-14.12893,59.47457,22.27085,34.78810,-13.26434,-13.26434,57.22675,-30.19014,2080.95083,32.19452,-50.00737,-5.81478,19.47367,19.47367,1241.91097,902.00000,201.00000,201.00000
-60.85214,-13.95579,59.69233,22.27511,35.12632,-13.31622,-13.31622,56.94723,-30.20881,2103.22594,32.55686,-50.03224,-5.84163,19.48388,19.48388,1219.63586,902.00000,201.00000,201.00000
-60.95597,-13.78265,59.91155,22.27931,35.46421,-13.36812,-13.36812,56.66964,-30.22725,2125.50525,32.91933,-50.05708,-5.86841,19.49400,19.49400,1197.35655,902.00000,201.00000,201.00000
-61.05979,-13.60950,60.13220,22.28347,35.80177,-13.42005,-13.42005,56.39396,-30.24545,2147.78873,33.28193,-50.08188,-5.89511,19.50404,19.50404,1175.07308,902.00000,201.00000,201.00000
-61.16361,-13.43636,60.35427,22.28758,36.13899,-13.47201,-13.47201,56.12019,-30.26342,2170.07631,33.64464,-50.10664,-5.92173,19.51399,19.51399,1152.78550,902.00000,201.00000,201.00000
-61.26743,-13.26322,60.57773,22.29164,36.47586,-13.52399,-13.52399,55.84831,-30.28115,2192.36795,34.00748,-50.13136,-5.94825,19.52385,19.52385,1130.49386,902.00000,201.00000,201.00000
-61.37125,-13.09008,60.80256,22.29565,36.81239,-13.57599,-13.57599,55.57832,-30.29864,2214.66359,34.37042,-50.15601,-5.97468,19.53362,19.53362,1108.19821,902.00000,201.00000,201.00000
-61.47507,-12.91693,61.02873,22.29961,37.14856,-13.62801,-13.62801,55.31021,-30.31591,2236.96320,34.73347,-50.18060,-6.00100,19.54330,19.54330,1085.89860,902.00000,201.00000,201.00000
-61.57889,-12.74379,61.25623,22.30352,37.48438,-13.68006,-13.68006,55.04397,-30.33294,2259.26672,35.09661,-50.20512,-6.02721,19.55289,19.55289,1063.59508,902.00000,201.00000,201.00000
-61.68271,-12.57065,61.48504,22.30738,37.81983,-13.73213,-13.73213,54.77960,-30.34973,2281.57410,35.45985,-50.22956,-6.05329,19.56238,19.56238,1041.28770,902.00000,201.00000,201.00000
-61.78653,-12.39751,61.71512,22.31119,38.15492,-13.78421,-13.78421,54.51707,-30.36629,2303.88529,35.82318,-50.25392,-6.07925,19.57178,19.57178,1018.97651,902.00000,201.00000,201.00000
-61.89035,-12.22437,61.94647,22.31495,38.48964,-13.83632,-13.83632,54.25639,-30.38262,2326.20024,36.18660,-50.27818,-6.10508,19.58109,19.58109,996.66156,902.00000,201.00000,201.00000
-61.99417,-12.05122,62.17906,22.31866,38.82399,-13.88845,-13.88845,53.99754,-30.39871,2348.51890,36.55010,-50.30235,-6.13077,19.59030,19.59030,974.34290,902.00000,201.00000,201.00000
-62.09799,-11.87808,62.41288,22.32232,39.15796,-13.94060,-13.94060,53.74051,-30.41457,2370.84122,36.91367,-50.32642,-6.15631,19.59942,19.59942,952.02058,902.00000,201.00000,201.00000
-62.20181,-11.70494,62.64789,22.32593,39.49154,-13.99276,-13.99276,53.48529,-30.43020,2393.16714,37.27732,-50.35037,-6.18170,19.60844,19.60844,929.69466,902.00000,201.00000,201.00000
-62.30563,-11.53180,62.88407,22.32948,39.82472,-14.04495,-14.04495,53.23188,-30.44559,2415.49663,37.64102,-50.37420,-6.20693,19.61736,19.61736,907.36517,902.00000,201.00000,201.00000
-62.40945,-11.35865,63.12142,22.33299,40.15752,-14.09715,-14.09715,52.98025,-30.46075,2437.82962,38.00479,-50.39791,-6.23200,19.62618,19.62618,885.03218,902.00000,201.00000,201.00000
-62.51327,-11.18551,63.35991,22.33645,40.48993,-14.14936,-14.14936,52.73040,-30.47567,2460.16607,38.36862,-50.42149,-6.25690,19.63490,19.63490,862.69573,902.00000,201.00000,201.00000
-62.61709,-11.01237,63.59950,22.33985,40.82192,-14.20160,-14.20160,52.48231,-30.49036,2482.50592,38.73250,-50.44492,-6.28162,19.64352,19.64352,840.35588,902.00000,201.00000,201.00000
-62.72091,-10.83923,63.84019,22.34321,41.15351,-14.25384,-14.25384,52.23598,-30.50482,2504.84913,39.09642,-50.46821,-6.30614,19.65203,19.65203,818.01267,902.00000,201.00000,201.00000
-62.82473,-10.66608,64.08197,22.34651,41.48469,-14.30611,-14.30611,51.99139,-30.51905,2527.19565,39.46039,-50.49135,-6.33048,19.66044,19.66044,795.66615,902.00000,201.00000,201.00000
-62.92855,-10.49294,64.32479,22.34977,41.81546,-14.35839,-14.35839,51.74853,-30.53304,2549.54541,39.82439,-50.51432,-6.35462,19.66875,19.66875,773.31639,902.00000,201.00000,201.00000
-63.02303,-10.31535,64.58320,22.28254,42.57616,-16.33577,-16.33577,45.68687,-24.71416,2571.82795,45.11648,-46.21139,-2.07952,18.11385,18.11385,751.03385,902.00000,201.00000,201.00000
-63.10014,-10.12947,64.86937,22.40773,42.92908,-17.90565,-17.90565,40.48393,-19.73286,2594.23568,49.33887,-42.11545,1.62831,16.62900,16.62900,728.62612,902.00000,201.00000,201.00000
-63.16924,-9.93978,65.16848,22.40922,43.26349,-17.96230,-17.96230,40.28244,-19.74341,2616.64490,49.71485,-42.13508,1.61123,16.63611,16.63611,706.21690,902.00000,201.00000,201.00000
-63.23833,-9.75009,65.46803,22.41069,43.59738,-18.01887,-18.01887,40.08281,-19.75377,2639.05559,50.09055,-42.15448,1.59435,16.64310,16.64310,683.80621,902.00000,201.00000,201.00000
-63.30743,-9.56040,65.76800,22.41213,43.93072,-18.07533,-18.07533,39.88501,-19.76392,2661.46773,50.46596,-42.17366,1.57766,16.64999,16.64999,661.39407,902.00000,201.00000,201.00000
-63.37653,-9.37071,66.06838,22.41355,44.26353,-18.13169,-18.13169,39.68901,-19.77387,2683.88127,50.84107,-42.19260,1.56117,16.65676,16.65676,638.98053,902.00000,201.00000,201.00000
-63.44562,-9.18102,66.36914,22.41494,44.59579,-18.18795,-18.18795,39.49479,-19.78362,2706.29621,51.21589,-42.21131,1.54488,16.66342,16.66342,616.56559,902.00000,201.00000,201.00000
-63.51472,-8.99133,66.67026,22.41629,44.92750,-18.24411,-18.24411,39.30233,-19.79317,2728.71251,51.59041,-42.22976,1.52881,16.66996,16.66996,594.14930,902.00000,201.00000,201.00000
-63.58381,-8.80164,66.97173,22.41763,45.25866,-18.30018,-18.30018,39.11160,-19.80252,2751.13013,51.96462,-42.24797,1.51295,16.67638,16.67638,571.73167,902.00000,201.00000,201.00000
-63.65291,-8.61195,67.27353,22.41893,45.58926,-18.35615,-18.35615,38.92258,-19.81166,2773.54906,52.33852,-42.26592,1.49732,16.68269,16.68269,549.31274,902.00000,201.00000,201.00000
-63.72201,-8.42225,67.57565,22.42021,45.91930,-18.41201,-18.41201,38.73524,-19.82061,2795.96927,52.71210,-42.28361,1.48191,16.68888,16.68888,526.89253,902.00000,201.00000,201.00000
-63.79110,-8.23256,67.87807,22.42146,46.24877,-18.46777,-18.46777,38.54956,-19.82935,2818.39073,53.08536,-42.30102,1.46673,16.69495,16.69495,504.47107,902.00000,201.00000,201.00000
-63.86020,-8.04287,68.18076,22.42268,46.57768,-18.52343,-18.52343,38.36552,-19.83789,2840.81341,53.45829,-42.31816,1.45180,16.70091,16.70091,482.04839,902.00000,201.00000,201.00000
-63.92930,-7.85318,68.48372,22.42387,46.90601,-18.57898,-18.57898,38.18309,-19.84623,2863.23728,53.83090,-42.33502,1.43711,16.70674,16.70674,459.62452,902.00000,201.00000,201.00000
-63.99839,-7.66349,68.78693,22.42504,47.23375,-18.63443,-18.63443,38.00226,-19.85437,2885.66232,54.20317,-42.35160,1.42267,16.71244,16.71244,437.19948,902.00000,201.00000,201.00000
-64.06749,-7.47380,69.09036,22.42618,47.56092,-18.68978,-18.68978,37.82300,-19.86231,2908.08849,54.57509,-42.36788,1.40848,16.71803,16.71803,414.77331,902.00000,201.00000,201.00000
-64.13658,-7.28411,69.39401,22.42729,47.88750,-18.74502,-18.74502,37.64529,-19.87005,2930.51578,54.94668,-42.38387,1.39455,16.72349,16.72349,392.34602,902.00000,201.00000,201.00000
-64.20568,-7.09442,69.69787,22.42837,48.21348,-18.80015,-18.80015,37.46910,-19.87758,2952.94415,55.31791,-42.39955,1.38089,16.72884,16.72884,369.91765,902.00000,201.00000,201.00000
-64.27478,-6.90473,70.00190,22.42942,48.53887,-18.85518,-18.85518,37.29442,-19.88492,2975.37357,55.68879,-42.41492,1.36749,16.73405,16.73405,347.48823,902.00000,201.00000,201.00000
-64.32515,-6.71310,70.32003,21.80525,47.76780,-21.68028,-21.68028,26.48583,-9.23015,2997.17882,62.93958,-31.36108,10.34141,12.95703,12.95703,325.68298,902.00000,201.00000,201.00000
-64.32657,-6.51641,70.67426,22.44549,42.80846,-24.61827,-24.61827,9.01037,8.15754,3019.62431,69.80214,-11.06853,24.18788,5.87909,5.87909,303.23749,902.00000,201.00000,201.00000
-64.29774,-6.31659,71.05018,22.44566,43.12931,-24.67783,-24.67783,8.95594,8.16064,3042.06997,70.18396,-11.06073,24.19266,5.87635,5.87635,280.79183,902.00000,201.00000,201.00000
-64.26892,-6.11678,71.42530,22.44584,43.44971,-24.73706,-24.73706,8.90236,8.16365,3064.51581,70.56488,-11.05314,24.19733,5.87369,5.87369,258.34600,902.00000,201.00000,201.00000
-64.24010,-5.91696,71.79962,22.44600,43.76965,-24.79597,-24.79597,8.84961,8.16656,3086.96181,70.94488,-11.04575,24.20188,5.87110,5.87110,235.89999,902.00000,201.00000,201.00000
-64.21128,-5.71715,72.17312,22.44616,44.08914,-24.85455,-24.85455,8.79768,8.16938,3109.40797,71.32397,-11.03858,24.20632,5.86860,5.86860,213.45383,902.00000,201.00000,201.00000
-64.18245,-5.51733,72.54579,22.44632,44.40817,-24.91279,-24.91279,8.74656,8.17209,3131.85429,71.70213,-11.03160,24.21063,5.86617,5.86617,191.00751,902.00000,201.00000,201.00000
-64.15363,-5.31752,72.91764,22.44647,44.72673,-24.97072,-24.97072,8.69623,8.17471,3154.30076,72.07937,-11.02484,24.21482,5.86382,5.86382,168.56104,902.00000,201.00000,201.00000
-64.12481,-5.11770,73.28866,22.44661,45.04481,-25.02831,-25.02831,8.64669,8.17722,3176.74737,72.45568,-11.01830,24.21889,5.86156,5.86156,146.11443,902.00000,201.00000,201.00000
-64.09598,-4.91789,73.65884,22.44675,45.36243,-25.08556,-25.08556,8.59793,8.17964,3199.19412,72.83105,-11.01197,24.22282,5.85938,5.85938,123.66768,902.00000,201.00000,201.00000
-64.06716,-4.71807,74.02818,22.44689,45.67957,-25.14249,-25.14249,8.54993,8.18197,3221.64101,73.20548,-11.00586,24.22663,5.85728,5.85728,101.22079,902.00000,201.00000,201.00000
-64.03834,-4.51826,74.39667,22.44701,45.99622,-25.19909,-25.19909,8.50269,8.18419,3244.08802,73.57897,-10.99998,24.23031,5.85526,5.85526,78.77378,902.00000,201.00000,201.00000
-64.00951,-4.31844,74.76430,22.44714,46.31239,-25.25535,-25.25535,8.45619,8.18631,3266.53516,73.95150,-10.99432,24.23385,5.85332,5.85332,56.32665,902.00000,201.00000,201.00000
-63.98069,-4.11862,75.13106,22.44725,46.62808,-25.31128,-25.31128,8.41042,8.18834,3288.98241,74.32308,-10.98889,24.23725,5.85147,5.85147,33.87939,902.00000,201.00000,201.00000
-63.95187,-3.91881,75.49696,22.44736,46.94327,-25.36687,-25.36687,8.36537,8.19027,3311.42977,74.69370,-10.98369,24.24052,5.84970,5.84970,11.43203,902.00000,201.00000,201.00000
-63.92403,-3.71886,75.86171,22.44721,47.49366,-25.36350,-25.36350,8.88211,7.62969,3333.87699,74.95199,-11.71319,23.78015,6.09701,6.09701,-11.01518,902.00000,201.00000,201.00000
-63.89833,-3.51863,76.22497,22.44631,48.07902,-25.34645,-25.34645,9.49513,6.97065,3356.32329,75.18066,-12.57436,23.23194,6.38788,6.38788,-33.46149,902.00000,201.00000,201.00000
-82.49091,22.79859,122.50396,22.57553,74.98588,-9.26300,-9.26300,53.74090,-63.92479,22.57553,72.45347,-98.78115,-53.64927,35.34339,35.34339,22.57553,902.00000,101.00000,101.00000
-82.68879,22.88771,122.62299,22.56359,75.24335,-9.34820,-9.34820,53.57364,-63.90984,45.13912,72.81220,-98.66499,-53.52914,35.32851,35.32851,45.13912,902.00000,101.00000,101.00000
-82.88667,22.97683,122.74189,22.55161,75.49992,-9.43346,-9.43346,53.40664,-63.89481,67.69073,73.17034,-98.54781,-53.40814,35.31344,35.31344,67.69073,902.00000,101.00000,101.00000
-83.08455,23.06595,122.86064,22.53959,75.75559,-9.51878,-9.51878,53.23991,-63.87972,90.23032,73.52788,-98.42961,-53.28626,35.29817,35.29817,90.23032,902.00000,101.00000,101.00000
-83.27616,23.16645,122.98907,22.66762,82.07083,-13.94721,-13.94721,45.88294,-56.67051,112.89794,85.61597,-88.29620,-43.23673,33.80398,33.80398,112.89794,902.00000,101.00000,101.00000
-83.45940,23.28216,123.13024,22.78072,84.02467,-15.41756,-15.41756,43.35128,-54.27662,135.67866,89.53521,-84.52515,-39.66066,33.17175,33.17175,135.67866,902.00000,101.00000,101.00000
-83.64055,23.40167,123.27417,22.76720,84.25950,-15.50146,-15.50146,43.19206,-54.25201,158.44587,89.87469,-84.37452,-39.51936,33.14579,33.14579,158.44587,902.00000,101.00000,101.00000
-83.82170,23.52119,123.41754,22.75362,84.49325,-15.58539,-15.58539,43.03300,-54.22725,181.19949,90.21338,-84.22253,-39.37694,33.11956,33.11956,181.19949,902.00000,101.00000,101.00000
-84.00285,23.64070,123.56036,22.73998,84.72592,-15.66934,-15.66934,42.87410,-54.20234,203.93948,90.55127,-84.06919,-39.23340,33.09304,33.09304,203.93948,902.00000,101.00000,101.00000
-84.18400,23.76022,123.70262,22.72628,84.95751,-15.75332,-15.75332,42.71537,-54.17728,226.66576,90.88836,-83.91450,-39.08873,33.06625,33.06625,226.66576,902.00000,101.00000,101.00000
-84.36515,23.87973,123.84430,22.71252,85.18801,-15.83732,-15.83732,42.55679,-54.15208,249.37827,91.22462,-83.75846,-38.94294,33.03918,33.03918,249.37827,902.00000,101.00000,101.00000
-84.54630,23.99925,123.98540,22.69869,85.41740,-15.92134,-15.92134,42.39836,-54.12672,272.07697,91.56006,-83.60104,-38.79601,33.01183,33.01183,272.07697,902.00000,101.00000,101.00000
-84.72745,24.11877,124.12591,22.68481,85.64570,-16.00538,-16.00538,42.24009,-54.10122,294.76178,91.89468,-83.44225,-38.64795,32.98420,32.98420,294.76178,902.00000,101.00000,101.00000
-84.90860,24.23828,124.26583,22.67086,85.87288,-16.08943,-16.08943,42.08197,-54.07557,317.43264,92.22845,-83.28210,-38.49876,32.95628,32.95628,317.43264,902.00000,101.00000,101.00000
-85.08975,24.35780,124.40514,22.65686,86.09895,-16.17350,-16.17350,41.92399,-54.04977,340.08950,92.56139,-83.12057,-38.34843,32.92808,32.92808,340.08950,902.00000,101.00000,101.00000
-85.27090,24.47731,124.54383,22.64279,86.32390,-16.25759,-16.25759,41.76615,-54.02382,362.73229,92.89346,-82.95765,-38.19696,32.89959,32.89959,362.73229,902.00000,101.00000,101.00000
-85.45205,24.59683,124.68191,22.62867,86.54772,-16.34168,-16.34168,41.60846,-53.99771,385.36096,93.22467,-82.79335,-38.04435,32.87081,32.87081,385.36096,902.00000,101.00000,101.00000
-85.63320,24.71634,124.81936,22.61448,86.77042,-16.42579,-16.42579,41.45089,-53.97146,407.97544,93.55502,-82.62766,-37.89061,32.84174,32.84174,407.97544,902.00000,101.00000,101.00000
-85.81435,24.83586,124.95617,22.60024,86.99197,-16.50990,-16.50990,41.29346,-53.94506,430.57568,93.88449,-82.46057,-37.73571,32.81238,32.81238,430.57568,902.00000,101.00000,101.00000
-85.99550,24.95537,125.09233,22.58593,87.21238,-16.59403,-16.59403,41.13616,-53.91850,453.16162,94.21308,-82.29209,-37.57968,32.78273,32.78273,453.16162,902.00000,101.00000,101.00000
-86.13428,25.11008,125.25051,23.24396,94.58454,-30.55019,-30.55019,11.76715,-24.66165,476.40558,122.61830,-25.54294,10.00024,20.44408,20.44408,476.40558,902.00000,101.00000,101.00000
-86.22465,25.30503,125.43322,23.79672,93.85618,-31.87978,-31.87978,7.90246,-20.85232,500.20229,124.24205,-17.24545,16.33412,18.34567,18.34567,500.20229,902.00000,101.00000,101.00000
-86.30899,25.50500,125.61746,23.79172,93.99412,-31.92709,-31.92709,7.82307,-20.82059,523.99401,124.44835,-17.09836,16.44522,18.30793,18.30793,523.99401,902.00000,101.00000,101.00000
-86.39332,25.70497,125.79997,23.78669,94.13043,-31.97407,-31.97407,7.74342,-20.78862,547.78070,124.65285,-16.94992,16.55733,18.26985,18.26985,547.78070,902.00000,101.00000,101.00000
-86.47766,25.90494,125.98076,23.78163,94.26512,-32.02072,-32.02072,7.66349,-20.75640,571.56233,124.85555,-16.80012,16.67044,18.23143,18.23143,571.56233,902.00000,101.00000,101.00000
-86.56199,26.10490,126.15981,23.77655,94.39818,-32.06703,-32.06703,7.58329,-20.72393,595.33888,125.05643,-16.64897,16.78454,18.19267,18.19267,595.33888,902.00000,101.00000,101.00000
-86.64632,26.30487,126.33714,23.77143,94.52960,-32.11300,-32.11300,7.50282,-20.69123,619.11031,125.25550,-16.49646,16.89965,18.15357,18.15357,619.11031,902.00000,101.00000,101.00000
-86.73066,26.50484,126.51274,23.76629,94.65938,-32.15864,-32.15864,7.42207,-20.65827,642.87660,125.45275,-16.34261,17.01576,18.11413,18.11413,642.87660,902.00000,101.00000,101.00000
-86.81499,26.70481,126.68659,23.76112,94.78752,-32.20394,-32.20394,7.34104,-20.62508,666.63772,125.64816,-16.18739,17.13286,18.07434,18.07434,666.63772,902.00000,101.00000,101.00000
-86.89932,26.90478,126.85871,23.75592,94.91401,-32.24889,-32.24889,7.25973,-20.59163,690.39364,125.84174,-16.03081,17.25096,18.03421,18.03421,690.39364,902.00000,101.00000,101.00000
-86.98366,27.10474,127.02908,23.75069,95.03885,-32.29350,-32.29350,7.17814,-20.55795,714.14433,126.03349,-15.87289,17.37006,17.99375,17.99375,714.14433,902.00000,101.00000,101.00000
-87.06799,27.30471,127.19772,23.74544,95.16202,-32.33776,-32.33776,7.09627,-20.52402,737.88977,126.22338,-15.71361,17.49016,17.95294,17.95294,737.88977,902.00000,101.00000,101.00000
-87.15232,27.50468,127.36460,23.74015,95.28354,-32.38168,-32.38168,7.01411,-20.48984,761.62992,126.41141,-15.55298,17.61125,17.91179,17.91179,761.62992,902.00000,101.00000,101.00000
-87.23879,27.70333,127.52908,23.61397,95.75452,-32.04264,-32.04264,8.13460,-21.65910,785.24390,126.24594,-18.04524,15.72681,18.54728,18.54728,785.24390,902.00000,101.00000,101.00000
-87.35315,27.88488,127.68354,23.00536,96.69174,-26.15186,-26.15186,23.15485,-36.73982,808.24926,117.39805,-50.20740,-9.67702,26.22920,26.22920,808.24926,902.00000,101.00000,101.00000
-87.49327,28.05060,127.82885,22.99271,96.84530,-26.22046,-26.22046,23.01917,-36.69745,831.24197,117.65036,-49.98608,-9.49478,26.17989,26.17989,831.24197,902.00000,101.00000,101.00000
-87.63339,28.21633,127.97282,22.98001,96.99728,-26.28890,-26.28890,22.88332,-36.65481,854.22198,117.90119,-49.76297,-9.31118,26.13015,26.13015,854.22198,902.00000,101.00000,101.00000
-87.77352,28.38205,128.11545,22.96725,97.14768,-26.35718,-26.35718,22.74730,-36.61189,877.18924,118.15052,-49.53808,-9.12622,26.08000,26.08000,877.18924,902.00000,101.00000,101.00000
-87.91364,28.54778,128.25672,22.95444,97.29649,-26.42530,-26.42530,22.61111,-36.56869,900.14367,118.39835,-49.31142,-8.93990,26.02942,26.02942,900.14367,902.00000,101.00000,101.00000
-88.05376,28.71350,128.39663,22.94157,97.44371,-26.49325,-26.49325,22.47474,-36.52522,923.08524,118.64466,-49.08297,-8.75222,25.97842,25.97842,923.08524,902.00000,101.00000,101.00000
-88.19389,28.87923,128.53517,22.92865,97.58932,-26.56105,-26.56105,22.33819,-36.48146,946.01389,118.88945,-48.85273,-8.56318,25.92699,25.92699,946.01389,902.00000,101.00000,101.00000
-88.33401,29.04495,128.67236,22.91567,97.73332,-26.62867,-26.62867,22.20146,-36.43743,968.92956,119.13271,-48.62070,-8.37277,25.87514,25.87514,968.92956,902.00000,101.00000,101.00000
-88.47413,29.21068,128.80817,22.90263,97.87570,-26.69613,-26.69613,22.06454,-36.39313,991.83219,119.37442,-48.38689,-8.18101,25.82287,25.82287,991.83219,902.00000,101.00000,101.00000
-88.61426,29.37640,128.94260,22.88955,98.01646,-26.76341,-26.76341,21.92743,-36.34854,1014.72174,119.61458,-48.15128,-7.98788,25.77016,25.77016,1014.72174,902.00000,101.00000,101.00000
-88.75438,29.54212,129.07566,22.87641,98.15559,-26.83052,-26.83052,21.79011,-36.30367,1037.59815,119.85319,-47.91387,-7.79340,25.71703,25.71703,1037.59815,902.00000,101.00000,101.00000
-88.89450,29.70785,129.20732,22.86321,98.29307,-26.89745,-26.89745,21.65260,-36.25852,1060.46136,120.09021,-47.67467,-7.59756,25.66347,25.66347,1060.46136,902.00000,101.00000,101.00000
-89.03463,29.87357,129.33760,22.84997,98.42892,-26.96420,-26.96420,21.51489,-36.21309,1083.31133,120.32566,-47.43366,-7.40036,25.60947,25.60947,1083.31133,902.00000,101.00000,101.00000
-89.17505,30.03905,129.46638,22.82531,98.53740,-26.94159,-26.94159,21.57645,-36.36696,1106.13664,120.39437,-47.61028,-7.54487,25.64902,25.64902,1106.13664,902.00000,101.00000,101.00000
-89.31580,30.20424,129.59362,22.81064,98.66778,-26.99849,-26.99849,21.45977,-36.34291,1128.94727,120.60951,-47.41154,-7.38224,25.60454,25.60454,1128.94727,902.00000,101.00000,101.00000
-89.45659,30.36940,129.71946,22.79715,98.79940,-27.06502,-27.06502,21.32093,-36.29668,1151.74442,120.84127,-47.16490,-7.18053,25.54932,25.54932,1151.74442,902.00000,101.00000,101.00000
-89.59737,30.53456,129.84390,22.78360,98.92934,-27.13137,-27.13137,21.18187,-36.25017,1174.52802,121.07141,-46.91645,-6.97747,25.49366,25.49366,1174.52802,902.00000,101.00000,101.00000
-89.73816,30.69972,129.96694,22.77001,99.05761,-27.19752,-27.19752,21.04260,-36.20338,1197.29803,121.29993,-46.66619,-6.77304,25.43756,25.43756,1197.29803,902.00000,101.00000,101.00000
-89.86968,30.87169,130.09140,23.05112,99.34249,-29.68005,-29.68005,15.12841,-30.37897,1220.34915,125.58287,-33.95167,3.44461,22.50835,22.50835,1220.34915,902.00000,101.00000,101.00000
-89.98862,31.05291,130.21815,23.20268,99.25896,-30.50930,-30.50930,12.98400,-28.31126,1243.55183,126.88885,-29.25728,7.13735,21.38921,21.38921,1243.55183,902.00000,101.00000,101.00000
-90.10425,31.23657,130.34429,23.19256,99.35783,-30.56155,-30.56155,12.86512,-28.26475,1266.74439,127.07225,-29.02202,7.32134,21.33263,21.33263,1266.74439,902.00000,101.00000,101.00000
-90.21988,31.42022,130.46879,23.18242,99.45491,-30.61350,-30.61350,12.74593,-28.21796,1289.92681,127.25378,-28.78509,7.50655,21.27564,21.27564,1289.92681,902.00000,101.00000,101.00000
-90.33551,31.60388,130.59165,23.17223,99.55021,-30.66516,-30.66516,12.62644,-28.17088,1313.09904,127.43342,-28.54649,7.69299,21.21823,21.21823,1313.09904,902.00000,101.00000,101.00000
-90.45114,31.78753,130.71287,23.16200,99.64371,-30.71653,-30.71653,12.50663,-28.12352,1336.26104,127.61118,-28.30621,7.88065,21.16040,21.16040,1336.26104,902.00000,101.00000,101.00000
-90.56677,31.97119,130.83245,23.15174,99.73540,-30.76760,-30.76760,12.38651,-28.07587,1359.41278,127.78704,-28.06426,8.06954,21.10216,21.10216,1359.41278,902.00000,101.00000,101.00000
-90.68239,32.15484,130.95037,23.14144,99.82529,-30.81837,-30.81837,12.26607,-28.02793,1382.55422,127.96098,-27.82063,8.25964,21.04349,21.04349,1382.55422,902.00000,101.00000,101.00000
-90.79109,32.34251,131.06793,23.35979,99.12097,-32.20833,-32.20833,8.29660,-24.12934,1405.91401,129.69622,-18.91278,15.13770,18.86449,18.86449,1405.91401,902.00000,101.00000,101.00000
-90.89279,32.53423,131.18508,23.35405,99.18894,-32.26235,-32.26235,8.15485,-24.04942,1429.26806,129.85857,-18.60847,15.37021,18.78890,18.78890,1429.26806,902.00000,101.00000,101.00000
-90.99442,32.72598,131.30050,23.34574,99.26420,-32.30469,-32.30469,8.04718,-24.00358,1452.61380,130.00760,-18.38057,15.54425,18.73228,18.73228,1452.61380,902.00000,101.00000,101.00000
-91.09605,32.91774,131.41417,23.33740,99.33764,-32.34668,-32.34668,7.93916,-23.95747,1475.95120,130.15461,-18.15113,15.71939,18.67527,18.67527,1475.95120,902.00000,101.00000,101.00000
-91.19821,33.10918,131.52601,23.30493,99.48916,-32.29269,-32.29269,8.12361,-24.20403,1499.25613,130.20622,-18.58584,15.38742,18.78319,18.78319,1499.25613,902.00000,101.00000,101.00000
-91.30993,33.29490,131.63441,22.97858,100.54258,-30.56135,-30.56135,13.06008,-29.20539,1522.23470,128.22951,-29.74577,6.74953,21.49738,21.49738,1522.23470,902.00000,101.00000,101.00000
-91.43069,33.47523,131.73952,22.96723,100.62406,-30.61281,-30.61281,12.93245,-29.15461,1545.20193,128.39790,-29.48359,6.95505,21.43489,21.43489,1545.20193,902.00000,101.00000,101.00000
-91.55145,33.65555,131.84301,22.95584,100.70369,-30.66397,-30.66397,12.80449,-29.10354,1568.15777,128.56433,-29.21970,7.16181,21.37196,21.37196,1568.15777,902.00000,101.00000,101.00000
-91.67221,33.83587,131.94487,22.94442,100.78146,-30.71483,-30.71483,12.67620,-29.05218,1591.10219,128.72882,-28.95411,7.36979,21.30860,21.30860,1591.10219,902.00000,101.00000,101.00000
-91.79297,34.01619,132.04510,22.93296,100.85736,-30.76539,-30.76539,12.54757,-29.00052,1614.03516,128.89134,-28.68681,7.57901,21.24481,21.24481,1614.03516,902.00000,101.00000,101.00000
-91.90878,34.19912,132.14435,23.01240,100.45584,-31.77414,-31.77414,9.73423,-26.26322,1637.04756,130.24182,-22.34274,12.50753,19.71373,19.71373,1637.04756,902.00000,101.00000,101.00000
-92.00435,34.39271,132.24453,23.59936,97.75228,-34.25675,-34.25675,1.56788,-18.16344,1660.64692,132.19502,-3.61837,26.64929,15.00252,15.00252,1660.64692,902.00000,101.00000,101.00000
-92.08462,34.59434,132.34488,23.59381,97.80195,-34.28464,-34.28464,1.48022,-18.12228,1684.24073,132.30071,-3.41871,26.79691,14.95079,14.95079,1684.24073,902.00000,101.00000,101.00000
-92.16489,34.79597,132.44339,23.58825,97.84981,-34.31210,-34.31210,1.39219,-18.08090,1707.82898,132.40430,-3.21783,26.94539,14.89873,14.89873,1707.82898,902.00000,101.00000,101.00000
-92.24516,34.99760,132.54007,23.58267,97.89587,-34.33912,-34.33912,1.30378,-18.03928,1731.41165,132.50576,-3.01573,27.09472,14.84636,14.84636,1731.41165,902.00000,101.00000,101.00000
-92.32645,35.19880,132.63484,23.54349,98.17319,-34.23582,-34.23582,1.71290,-18.49552,1754.95514,132.57557,-3.96463,26.39286,15.09183,15.09183,1754.95514,902.00000,101.00000,101.00000
-92.41262,35.39792,132.72741,23.42437,99.04848,-33.74097,-33.74097,3.53690,-20.36879,1778.37951,132.47460,-8.18814,23.25018,16.17502,16.17502,1778.37951,902.00000,101.00000,101.00000
-92.50268,35.59537,132.81788,23.41739,99.09113,-33.77158,-33.77158,3.43627,-20.32270,1801.79690,132.57909,-7.96089,23.42006,16.11714,16.11714,1801.79690,902.00000,101.00000,101.00000
-92.59274,35.79283,132.90654,23.41040,99.13192,-33.80177,-33.80177,3.33526,-20.27637,1825.20730,132.68143,-7.73229,23.59089,16.05891,16.05891,1825.20730,902.00000,101.00000,101.00000
-92.68280,35.99028,132.99341,23.40339,99.17085,-33.83154,-33.83154,3.23386,-20.22979,1848.61069,132.78163,-7.50236,23.76265,16.00033,16.00033,1801.80392,902.00000,101.00000,101.00000
-92.77286,36.18774,133.07846,23.39636,99.20791,-33.86089,-33.86089,3.13207,-20.18296,1872.00705,132.87967,-7.27109,23.93534,15.94140,15.94140,1778.40756,902.00000,101.00000,101.00000
-92.86292,36.38519,133.16171,23.38931,99.24310,-33.88982,-33.88982,3.02988,-20.13588,1895.39636,132.97556,-7.03850,24.10896,15.88212,15.88212,1755.01825,902.00000,101.00000,101.00000
-92.95298,36.58265,133.24315,23.38224,99.27641,-33.91832,-33.91832,2.92731,-20.08856,1918.77860,133.06929,-6.80459,24.28350,15.82251,15.82251,1731.63601,902.00000,101.00000,101.00000
-93.03556,36.78302,133.32316,23.57295,97.58333,-34.86612,-34.86612,0.76178,-16.45379,1942.35155,133.31137,1.77255,30.62215,13.60773,13.60773,1708.06306,902.00000,101.00000,101.00000
-93.10669,36.98784,133.40190,23.70956,96.56468,-35.30650,-35.30650,2.70083,-14.55867,1966.06111,133.25371,6.28602,33.90946,12.41956,12.41956,1684.35350,902.00000,101.00000,101.00000
-93.17389,37.19420,133.47899,23.70548,96.59100,-35.32269,-35.32269,2.77773,-14.52061,1989.76658,133.32216,6.46861,34.04176,12.37119,12.37119,1660.64802,902.00000,101.00000,101.00000
-93.24108,37.40056,133.55422,23.70139,96.61557,-35.33841,-35.33841,2.85502,-14.48236,2013.46797,133.38844,6.65218,34.17474,12.32255,12.32255,1636.94663,902.00000,101.00000,101.00000
-93.31807,37.60079,133.62639,22.89638,99.27906,-34.13795,-34.13795,2.10891,-19.48687,2036.36435,133.53588,-4.91734,25.68391,15.33391,15.33391,1614.05025,902.00000,101.00000,101.00000
-93.43955,37.77319,133.69146,21.66072,102.18258,-26.95096,-26.95096,21.84272,-39.27939,2058.02508,124.09357,-49.74125,-9.36764,25.96244,25.96244,1592.38953,902.00000,101.00000,101.00000
-93.59573,37.92387,133.75094,21.64297,102.26897,-27.01795,-27.01795,21.67933,-39.22184,2079.66805,124.29019,-49.40914,-9.09427,25.89028,25.89028,1570.74655,902.00000,101.00000,101.00000
-93.75191,38.07456,133.80911,21.62519,102.35350,-27.08471,-27.08471,21.51563,-39.16400,2101.29324,124.48496,-49.07517,-8.81957,25.81765,25.81765,1549.12137,902.00000,101.00000,101.00000
-93.90809,38.22525,133.86596,21.60736,102.43616,-27.15124,-27.15124,21.35164,-39.10587,2122.90060,124.67786,-48.73936,-8.54356,25.74455,25.74455,1527.51401,902.00000,101.00000,101.00000
-94.06428,38.37593,133.92149,21.58950,102.51693,-27.21753,-27.21753,21.18733,-39.04745,2144.49010,124.86890,-48.40168,-8.26623,25.67098,25.67098,1505.92451,902.00000,101.00000,101.00000
-94.22046,38.52662,133.97570,21.57160,102.59581,-27.28359,-27.28359,21.02271,-38.98875,2166.06170,125.05805,-48.06216,-7.98760,25.59694,25.59694,1484.35291,902.00000,101.00000,101.00000
-94.37664,38.67730,134.02859,21.55366,102.67280,-27.34942,-27.34942,20.85777,-38.92975,2187.61536,125.24531,-47.72079,-7.70764,25.52243,25.52243,1462.79925,902.00000,101.00000,101.00000
-94.53283,38.82799,134.08015,21.53569,102.74788,-27.41500,-27.41500,20.69252,-38.87046,2209.15105,125.43066,-47.37758,-7.42639,25.44745,25.44745,1441.26356,902.00000,101.00000,101.00000
-94.68901,38.97867,134.13038,21.51768,102.82105,-27.48034,-27.48034,20.52694,-38.81087,2230.66873,125.61410,-47.03251,-7.14383,25.37199,25.37199,1419.74587,902.00000,101.00000,101.00000
-94.85273,39.11955,134.17731,20.75259,101.42597,-24.46271,-24.46271,26.94544,-45.33640,2251.42132,119.61081,-60.80135,-18.61185,28.28847,28.28847,1398.99329,902.00000,101.00000,101.00000
-95.03129,39.24113,134.21922,20.28465,98.66853,-21.05010,-21.05010,33.52439,-52.03381,2271.70596,111.89195,-74.12819,-30.13063,30.90848,30.90848,1378.70864,902.00000,101.00000,101.00000
-95.21713,39.35321,134.25829,20.26445,98.80031,-21.13249,-21.13249,33.35120,-51.98919,2291.97042,112.14815,-73.81112,-29.85117,30.84878,30.84878,1358.44419,902.00000,101.00000,101.00000
-95.40297,39.46529,134.29645,20.24422,98.93049,-21.21476,-21.21476,33.17787,-51.94438,2312.21464,112.40287,-73.49239,-29.57050,30.78867,30.78867,1338.19997,902.00000,101.00000,101.00000
-95.58881,39.57737,134.33370,20.22396,99.05909,-21.29690,-21.29690,33.00439,-51.89938,2332.43860,112.65612,-73.17201,-29.28865,30.72816,30.72816,1317.97601,902.00000,101.00000,101.00000
-95.77466,39.68945,134.37004,20.20366,99.18608,-21.37892,-21.37892,32.83075,-51.85418,2352.64225,112.90788,-72.84996,-29.00561,30.66723,30.66723,1297.77236,902.00000,101.00000,101.00000
-95.96322,39.79672,134.40457,19.92079,97.52446,-19.69236,-19.69236,35.90451,-55.05667,2372.56304,108.86710,-78.81969,-34.30065,31.77278,31.77278,1277.85157,902.00000,101.00000,101.00000
-96.15482,39.89860,134.43727,19.87390,97.42902,-19.56045,-19.56045,36.12123,-55.40596,2392.43694,108.59460,-79.25020,-34.68660,31.85049,31.85049,1257.97767,902.00000,101.00000,101.00000
-96.34674,39.99992,134.46905,19.85395,97.56736,-19.64478,-19.64478,35.94850,-55.36619,2412.29089,108.85875,-78.94111,-34.40944,31.79477,31.79477,1238.12372,902.00000,101.00000,101.00000
-96.53867,40.10124,134.50001,19.83396,97.70417,-19.72900,-19.72900,35.77567,-55.32626,2432.12484,109.12150,-78.63048,-34.13116,31.73865,31.73865,1218.28976,902.00000,101.00000,101.00000
-96.73059,40.20256,134.53015,19.81393,97.83945,-19.81310,-19.81310,35.60272,-55.28616,2451.93878,109.38285,-78.31829,-33.85178,31.68216,31.68216,1198.47583,902.00000,101.00000,101.00000
-96.92251,40.30388,134.55946,19.79388,97.97319,-19.89710,-19.89710,35.42967,-55.24589,2471.73266,109.64278,-78.00454,-33.57129,31.62527,31.62527,1178.68195,902.00000,101.00000,101.00000
-97.11417,40.40555,134.58800,19.78355,98.25708,-20.12557,-20.12557,34.99370,-54.94265,2491.51620,110.25652,-77.18439,-32.83941,31.47600,31.47600,1158.89840,902.00000,101.00000,101.00000
-97.28849,40.53134,134.61905,21.28901,103.57283,-28.22453,-28.22453,18.49817,-38.57778,2512.80522,127.66380,-42.71117,-3.59552,24.47029,24.47029,1137.60939,902.00000,101.00000,101.00000
-97.44574,40.68091,134.65225,21.27048,103.61949,-28.28690,-28.28690,18.32860,-38.51511,2534.07570,127.82116,-42.34359,-3.29742,24.38898,24.38898,1116.33891,902.00000,101.00000,101.00000
-97.60299,40.83048,134.68410,21.25192,103.66413,-28.34900,-28.34900,18.15865,-38.45214,2555.32761,127.97645,-41.97420,-2.99809,24.30719,24.30719,1095.08700,902.00000,101.00000,101.00000
-97.76389,40.97568,134.71409,20.88097,103.42734,-27.11719,-27.11719,20.95882,-41.35965,2576.20858,125.80110,-48.18681,-8.06780,25.66504,25.66504,1074.20602,902.00000,101.00000,101.00000
-97.93391,41.10992,134.74155,20.43734,102.51118,-25.01717,-25.01717,25.44185,-45.95556,2596.64593,121.67455,-57.88428,-16.13761,27.70794,27.70794,1053.76868,902.00000,101.00000,101.00000
-98.10943,41.23757,134.76710,20.41676,102.58989,-25.09116,-25.09116,25.26537,-45.89962,2617.06269,121.87537,-57.52012,-15.83094,27.63302,27.63302,1033.35192,902.00000,101.00000,101.00000
-98.28494,41.36521,134.79153,20.39614,102.66675,-25.16495,-25.16495,25.08860,-45.84343,2637.45883,122.07438,-57.15420,-15.52306,27.55763,27.55763,1012.95578,902.00000,101.00000,101.00000
-98.46046,41.49286,134.81484,20.37549,102.74175,-25.23853,-25.23853,24.91154,-45.78699,2657.83432,122.27156,-56.78651,-15.21396,27.48179,27.48179,992.58029,902.00000,101.00000,101.00000
-98.64391,41.60601,134.83557,19.32547,98.87583,-20.37419,-20.37419,34.35749,-55.35419,2677.15979,111.31113,-76.09508,-31.88022,31.25223,31.25223,973.25482,902.00000,101.00000,101.00000
-98.84071,41.69474,134.85291,18.93859,94.36258,-16.46905,-16.46905,41.24146,-62.37093,2696.09838,101.40104,-88.89959,-43.51248,33.47005,33.47005,954.31623,902.00000,101.00000,101.00000
-99.04292,41.77355,134.86859,18.92034,94.51031,-16.55532,-16.55532,41.07219,-62.34198,2715.01872,101.67506,-88.60993,-43.24308,33.42294,33.42294,935.39589,902.00000,101.00000,101.00000
-99.24513,41.85236,134.88362,18.90207,94.65666,-16.64148,-16.64148,40.90288,-62.31293,2733.92079,101.94781,-88.31893,-42.97274,33.37550,33.37550,916.49382,902.00000,101.00000,101.00000
-99.44734,41.93117,134.89799,18.88378,94.80161,-16.72756,-16.72756,40.73354,-62.28378,2752.80457,102.21929,-88.02661,-42.70148,33.32773,33.32773,897.61004,902.00000,101.00000,101.00000
-99.64955,42.00997,134.91170,18.86546,94.94514,-16.81353,-16.81353,40.56416,-62.25452,2771.67002,102.48948,-87.73297,-42.42930,33.27962,33.27962,878.74458,902.00000,101.00000,101.00000
-99.82576,42.11847,134.92673,19.74298,104.01024,-28.70437,-28.70437,17.00123,-38.83042,2791.41300,129.03023,-39.45152,-0.93889,23.78718,23.78718,859.00161,902.00000,101.00000,101.00000
-99.95341,42.28252,134.94427,22.81662,99.90903,-34.32100,-34.32100,0.28881,-22.21984,2814.22962,134.94256,-0.68020,29.01190,14.53008,14.53008,836.18499,902.00000,101.00000,101.00000
-100.05845,42.47243,134.96187,22.80675,99.86465,-34.34176,-34.34176,0.15731,-22.15904,2837.03637,134.96136,-0.37054,29.24110,14.45131,14.45131,813.37824,902.00000,101.00000,101.00000
-100.16349,42.66233,134.97772,22.79687,99.81819,-34.36203,-34.36203,0.02530,-22.09797,2859.83324,134.97771,-0.05959,29.47112,14.37217,14.37217,790.58137,902.00000,101.00000,101.00000
-100.26853,42.85224,134.99185,22.78698,99.76963,-34.38181,-34.38181,0.10723,-22.03663,2882.62022,134.99161,0.25263,29.70194,14.29266,14.29266,767.79438,902.00000,101.00000,101.00000
-100.37358,43.04215,135.00424,22.77708,99.71898,-34.40110,-34.40110,0.24027,-21.97501,2905.39730,135.00305,0.56614,29.93358,14.21279,14.21279,745.01730,902.00000,101.00000,101.00000
-100.50125,43.21535,135.01448,21.23828,103.90187,-30.34485,-30.34485,12.66313,-34.95054,2926.63558,131.73036,-29.59765,6.90690,21.53459,21.53459,723.77903,902.00000,101.00000,101.00000
-100.65173,43.37169,135.02275,21.21379,103.90753,-30.35998,-30.35998,12.58582,-34.97696,2947.84937,131.77825,-29.42169,7.04567,21.49405,21.49405,702.56524,902.00000,101.00000,101.00000
-100.80238,43.52791,135.02959,21.19577,103.89959,-30.41086,-30.41086,12.41205,-34.90728,2969.04514,131.87355,-29.02336,7.35963,21.40224,21.40224,681.36947,902.00000,101.00000,101.00000
-100.95302,43.68413,135.03500,21.17774,103.88944,-30.46137,-30.46137,12.23780,-34.83728,2990.22288,131.96650,-28.62332,7.67468,21.30994,21.30994,660.19173,902.00000,101.00000,101.00000
-101.10366,43.84036,135.03898,21.15968,103.87710,-30.51149,-30.51149,12.06308,-34.76697,3011.38256,132.05707,-28.22159,7.99082,21.21717,21.21717,639.03205,902.00000,101.00000,101.00000
-101.25431,43.99658,135.04155,21.14161,103.86256,-30.56124,-30.56124,11.88787,-34.69634,3032.52417,132.14526,-27.81816,8.30803,21.12391,21.12391,617.89043,902.00000,101.00000,101.00000
-101.40495,44.15280,135.04269,21.12352,103.84579,-30.61062,-30.61062,11.71218,-34.62539,3053.64769,132.23105,-27.41305,8.62630,21.03018,21.03018,596.76691,902.00000,101.00000,101.00000
-101.55545,44.30916,135.04240,21.11745,103.81144,-30.69518,-30.69518,11.43850,-34.45661,3074.76515,132.36020,-26.78107,9.12230,20.88374,20.88374,575.64946,902.00000,101.00000,101.00000
-101.70506,44.46637,135.04067,21.16366,103.70217,-30.92616,-30.92616,10.75529,-33.87830,3095.92881,132.66844,-25.20059,10.35980,20.51627,20.51627,554.48580,902.00000,101.00000,101.00000
-101.85393,44.62429,135.03752,21.14582,103.67556,-30.97290,-30.97290,10.57917,-33.80620,3117.07463,132.74217,-24.79207,10.67898,20.42100,20.42100,533.33998,902.00000,101.00000,101.00000
-102.00279,44.78221,135.03293,21.12795,103.64669,-31.01925,-31.01925,10.40254,-33.73378,3138.20258,132.81345,-24.38192,10.99920,20.32525,20.32525,512.21203,902.00000,101.00000,101.00000
-102.15165,44.94013,135.02690,21.11007,103.61558,-31.06519,-31.06519,10.22540,-33.66104,3159.31265,132.88227,-23.97012,11.32043,20.22903,20.22903,491.10196,902.00000,101.00000,101.00000
-102.30052,45.09805,135.01943,21.09218,103.58220,-31.11073,-31.11073,10.04775,-33.58797,3180.40483,132.94860,-23.55668,11.64268,20.13233,20.13233,470.00978,902.00000,101.00000,101.00000
-102.44938,45.25597,135.01054,21.07427,103.54656,-31.15585,-31.15585,9.86958,-33.51458,3201.47910,133.01245,-23.14161,11.96592,20.03515,20.03515,448.93551,902.00000,101.00000,101.00000
-102.59825,45.41389,135.00021,21.05634,103.50864,-31.20055,-31.20055,9.69089,-33.44087,3222.53544,133.07379,-22.72493,12.29017,19.93750,19.93750,427.87917,902.00000,101.00000,101.00000
-102.74711,45.57181,134.98845,21.03841,103.46845,-31.24484,-31.24484,9.51167,-33.36683,3243.57385,133.13262,-22.30663,12.61540,19.83938,19.83938,406.84076,902.00000,101.00000,101.00000
-102.89598,45.72973,134.97527,21.02045,103.42596,-31.28871,-31.28871,9.33192,-33.29246,3264.59430,133.18894,-21.88672,12.94161,19.74078,19.74078,385.82031,902.00000,101.00000,101.00000
-103.04484,45.88764,134.96066,21.00249,103.38118,-31.33214,-31.33214,9.15164,-33.21777,3285.59679,133.24273,-21.46522,13.26879,19.64171,19.64171,364.81782,902.00000,101.00000,101.00000
-103.18986,46.04831,134.94450,21.18651,102.72200,-32.11663,-32.11663,6.72525,-30.89731,3306.78331,134.01596,-15.80314,17.63524,18.29750,18.29750,343.63130,902.00000,101.00000,101.00000
-103.31100,46.22603,134.92601,22.72650,97.44490,-35.00371,-35.00371,4.30416,-19.96941,3329.50980,134.54547,10.12635,36.96124,11.81701,11.81701,320.90480,902.00000,101.00000,101.00000
-103.41208,46.41808,134.90519,22.71719,97.34855,-35.01040,-35.01040,4.44251,-19.90472,3352.22699,134.49988,10.44958,37.19526,11.73289,11.73289,298.18761,902.00000,101.00000,101.00000
-103.51315,46.61013,134.88269,22.70788,97.25009,-35.01655,-35.01655,4.58142,-19.83978,3374.93488,134.45172,10.77385,37.42988,11.64846,11.64846,275.47973,902.00000,101.00000,101.00000
-103.61422,46.80218,134.85849,22.69858,97.14951,-35.02217,-35.02217,4.72091,-19.77457,3397.63345,134.40098,11.09916,37.66510,11.56372,11.56372,252.78115,902.00000,101.00000,101.00000
-103.71529,46.99423,134.83262,22.68927,97.04680,-35.02725,-35.02725,4.86098,-19.70911,3420.32272,134.34765,11.42549,37.90091,11.47866,11.47866,230.09188,902.00000,101.00000,101.00000
-103.81636,47.18628,134.80505,22.67996,96.94197,-35.03178,-35.03178,5.00162,-19.64339,3443.00269,134.29175,11.75283,38.13729,11.39329,11.39329,207.41192,902.00000,101.00000,101.00000
-103.91743,47.37833,134.77582,22.67066,96.83501,-35.03577,-35.03577,5.14285,-19.57741,3465.67334,134.23325,12.08119,38.37424,11.30761,11.30761,184.74127,902.00000,101.00000,101.00000
-104.01851,47.57039,134.74490,22.66135,96.72592,-35.03920,-35.03920,5.28465,-19.51118,3488.33469,134.17216,12.41053,38.61174,11.22163,11.22163,162.07991,902.00000,101.00000,101.00000
-104.12298,47.76052,134.71245,22.42955,97.65503,-34.71992,-34.71992,3.83769,-21.03384,3510.76424,134.41038,9.01634,36.15527,12.10320,12.10320,139.65036,902.00000,101.00000,101.00000
-104.23256,47.94780,134.67855,22.31516,98.03762,-34.55721,-34.55721,3.19583,-21.75647,3533.07940,134.46910,7.50817,35.05761,12.49179,12.49179,117.33520,902.00000,101.00000,101.00000
-104.34381,48.13414,134.64308,22.30407,97.92498,-34.56557,-34.56557,3.35079,-21.68499,3555.38347,134.41289,7.86974,35.32113,12.39884,12.39884,95.03113,902.00000,101.00000,101.00000
-104.45507,48.32048,134.60598,22.29298,97.81011,-34.57337,-34.57337,3.50635,-21.61323,3577.67645,134.35400,8.23238,35.58523,12.30555,12.30555,72.73815,902.00000,101.00000,101.00000
-104.56633,48.50681,134.56727,22.28189,97.69302,-34.58063,-34.58063,3.66251,-21.54119,3599.95834,134.29244,8.59608,35.84991,12.21192,12.21192,50.45626,902.00000,101.00000,101.00000
-104.67758,48.69315,134.52695,22.27081,97.57370,-34.58734,-34.58734,3.81929,-21.46887,3622.22915,134.22818,8.96082,36.11514,12.11797,12.11797,28.18545,902.00000,101.00000,101.00000
-104.78884,48.87949,134.48502,22.25973,97.45216,-34.59348,-34.59348,3.97668,-21.39627,3644.48888,134.16123,9.32659,36.38093,12.02369,12.02369,5.92573,902.00000,101.00000,101.00000
-104.90009,49.06582,134.44149,22.24865,97.32838,-34.59907,-34.59907,4.13468,-21.32340,3666.73753,134.09158,9.69339,36.64727,11.92908,11.92908,-16.32293,902.00000,101.00000,101.00000
-104.73311,51.15088,105.22487,28.24293,26.22914,-34.71938,-34.71938,35.72586,14.61675,28.24293,85.42366,61.44160,77.20655,-10.55846,-10.55846,28.24293,918.00000,101.00000,101.00000
-104.63065,51.39661,105.46722,28.23331,26.76527,-34.70684,-34.70684,35.47672,14.54177,56.47624,85.88738,61.21023,77.13498,-10.46470,-10.46470,56.47624,918.00000,101.00000,101.00000
-104.52820,51.64234,105.70886,28.22371,27.30135,-34.69348,-34.69348,35.22835,14.46649,84.69995,86.34930,60.97673,77.06168,-10.37061,-10.37061,84.69995,918.00000,101.00000,101.00000
-104.42575,51.88807,105.94977,28.21412,27.83736,-34.67930,-34.67930,34.98073,14.39090,112.91407,86.80940,60.74110,76.98665,-10.27621,-10.27621,112.91407,918.00000,101.00000,101.00000
-104.32329,52.13380,106.18993,28.20454,28.37328,-34.66430,-34.66430,34.73387,14.31501,141.11861,87.26767,60.50335,76.90988,-10.18150,-10.18150,141.11861,918.00000,101.00000,101.00000
-104.22084,52.37952,106.42932,28.19499,28.90909,-34.64848,-34.64848,34.48775,14.23881,169.31360,87.72408,60.26347,76.83136,-10.08649,-10.08649,169.31360,918.00000,101.00000,101.00000
-104.11839,52.62525,106.66792,28.18545,29.44478,-34.63184,-34.63184,34.24236,14.16231,197.49906,88.17862,60.02147,76.75108,-9.99118,-9.99118,197.49906,918.00000,101.00000,101.00000
-104.01400,52.87003,106.90425,28.03473,29.14892,-34.50548,-34.50548,34.61665,14.70493,225.53378,87.97913,60.73048,76.98691,-10.26944,-10.26944,225.53378,918.00000,101.00000,101.00000
-103.89433,53.10724,107.12830,27.13532,23.65660,-33.60130,-33.60130,38.79380,19.05615,252.66911,83.49641,67.11797,78.95407,-12.80633,-12.80633,252.66911,918.00000,101.00000,101.00000
-103.76125,53.33782,107.34177,27.11974,24.24518,-33.60170,-33.60170,38.50078,18.96077,279.78885,84.00563,66.82297,78.86971,-12.68798,-12.68798,279.78885,918.00000,101.00000,101.00000
-103.62817,53.56841,107.55479,27.10419,24.83383,-33.60125,-33.60125,38.20837,18.86499,306.89304,84.51296,66.52513,78.78297,-12.56920,-12.56920,306.89304,918.00000,101.00000,101.00000
-103.49510,53.79900,107.76735,27.08867,25.42253,-33.59995,-33.59995,37.91655,18.76882,333.98171,85.01838,66.22444,78.69383,-12.45001,-12.45001,333.98171,918.00000,101.00000,101.00000
-103.36202,54.02958,107.97941,27.07318,26.01124,-33.59780,-33.59780,37.62532,18.67226,361.05490,85.52185,65.92091,78.60229,-12.33041,-12.33041,361.05490,918.00000,101.00000,101.00000
-103.22894,54.26017,108.19096,27.05773,26.59994,-33.59480,-33.59480,37.33467,18.57530,388.11262,86.02335,65.61453,78.50833,-12.21040,-12.21040,388.11262,918.00000,101.00000,101.00000
-103.09587,54.49076,108.40197,27.04230,27.18862,-33.59093,-33.59093,37.04460,18.47796,415.15492,86.52285,65.30530,78.41193,-12.09000,-12.09000,415.15492,918.00000,101.00000,101.00000
-102.96605,54.72255,108.61429,27.15338,29.16574,-33.79356,-33.79356,35.73732,17.36164,442.30830,88.16257,63.43835,77.80964,-11.36983,-11.36983,442.30830,918.00000,101.00000,101.00000
-102.87825,54.96989,108.84986,29.26755,44.24679,-35.32140,-35.32140,24.29841,6.09717,471.57585,99.20736,44.79053,70.50410,-4.49066,-4.49066,471.57585,918.00000,101.00000,101.00000
-102.82939,55.23160,109.10617,29.26539,44.67543,-35.27425,-35.27425,24.15807,6.05748,500.84124,99.55064,44.65230,70.44226,-4.44156,-4.44156,500.84124,918.00000,101.00000,101.00000
-102.78052,55.49332,109.36083,29.26323,45.10333,-35.22631,-35.22631,24.01839,6.01766,530.10447,99.89180,44.51313,70.37961,-4.39237,-4.39237,530.10447,918.00000,101.00000,101.00000
-102.73166,55.75503,109.61382,29.26109,45.53049,-35.17759,-35.17759,23.87938,5.97771,559.36556,100.23085,44.37304,70.31616,-4.34308,-4.34308,559.36556,918.00000,101.00000,101.00000
-102.68280,56.01674,109.86513,29.25895,45.95688,-35.12808,-35.12808,23.74100,5.93764,588.62450,100.56776,44.23203,70.25192,-4.29371,-4.29371,588.62450,918.00000,101.00000,101.00000
-102.63394,56.27845,110.11474,29.25681,46.38250,-35.07778,-35.07778,23.60327,5.89743,617.88132,100.90252,44.09010,70.18687,-4.24425,-4.24425,617.88132,918.00000,101.00000,101.00000
-102.58507,56.54016,110.36265,29.25469,46.80734,-35.02670,-35.02670,23.46618,5.85709,647.13600,101.23514,43.94725,70.12101,-4.19471,-4.19471,647.13600,918.00000,101.00000,101.00000
-102.53621,56.80187,110.60884,29.25257,47.23138,-34.97483,-34.97483,23.32971,5.81663,676.38858,101.56559,43.80350,70.05435,-4.14509,-4.14509,676.38858,918.00000,101.00000,101.00000
-102.48735,57.06358,110.85329,29.25046,47.65461,-34.92217,-34.92217,23.19386,5.77604,705.63904,101.89386,43.65883,69.98689,-4.09539,-4.09539,705.63904,918.00000,101.00000,101.00000
-102.43848,57.32529,111.09600,29.24837,48.07702,-34.86873,-34.86873,23.05861,5.73532,734.88741,102.21995,43.51326,69.91861,-4.04562,-4.04562,734.88741,918.00000,101.00000,101.00000
-102.52463,57.52873,111.30327,20.86822,83.67986,-27.45148,-27.45148,22.00920,-39.28290,755.75563,103.19189,-41.71151,15.24400,21.80258,21.80258,755.75563,918.00000,101.00000,101.00000
-102.74741,57.67336,111.47520,20.83657,83.94217,-27.35955,-27.35955,22.10163,-39.59826,776.59220,103.28377,-41.94261,15.05639,21.86393,21.86393,776.59220,918.00000,101.00000,101.00000
-102.97122,57.81755,111.64599,20.80279,84.08890,-27.43095,-27.43095,21.76479,-39.48586,797.39499,103.68717,-41.39802,15.49853,21.71977,21.71977,797.39499,918.00000,101.00000,101.00000
-103.19502,57.96174,111.81587,20.76903,84.23181,-27.50168,-27.50168,21.42795,-39.37291,818.16402,104.08691,-40.84979,15.94266,21.57482,21.57482,818.16402,918.00000,101.00000,101.00000
-103.41883,58.10593,111.98485,20.73530,84.37087,-27.57174,-27.57174,21.09108,-39.25943,838.89931,104.48293,-40.29792,16.38878,21.42910,21.42910,838.89931,918.00000,101.00000,101.00000
-103.64263,58.25012,112.15289,20.70159,84.50606,-27.64112,-27.64112,20.75418,-39.14540,859.60091,104.87522,-39.74242,16.83687,21.28260,21.28260,859.60091,918.00000,101.00000,101.00000
-103.86644,58.39431,112.32000,20.66792,84.63736,-27.70982,-27.70982,20.41724,-39.03081,880.26882,105.26373,-39.18329,17.28692,21.13533,21.13533,880.26882,918.00000,101.00000,101.00000
-104.09024,58.53851,112.48616,20.63428,84.76475,-27.77782,-27.77782,20.08025,-38.91568,900.90310,105.64843,-38.62055,17.73890,20.98728,20.98728,900.90310,918.00000,101.00000,101.00000
-104.31404,58.68270,112.65138,20.60066,84.88821,-27.84512,-27.84512,19.74320,-38.80000,921.50376,106.02929,-38.05421,18.19281,20.83846,20.83846,921.50376,918.00000,101.00000,101.00000
-104.54592,58.81147,112.80330,18.69806,86.85474,-24.40467,-24.40467,28.23689,-47.51890,940.20182,99.37959,-53.36929,5.38759,24.73385,24.73385,940.20182,918.00000,101.00000,101.00000
-104.78910,58.91848,112.93713,18.04174,87.21466,-22.66409,-22.66409,32.01400,-51.54056,958.24356,95.76149,-59.87095,-0.41205,26.30203,26.30203,958.24356,918.00000,101.00000,101.00000
-105.03556,59.01917,113.06545,18.00940,87.40542,-22.75850,-22.75850,31.68093,-51.45898,976.25296,96.21711,-59.38066,0.03392,26.18603,26.18603,976.25296,918.00000,101.00000,101.00000
-105.28202,59.11985,113.19335,17.97706,87.59285,-22.85248,-22.85248,31.34795,-51.37703,994.23002,96.66980,-58.88704,0.48176,26.06930,26.06930,994.23002,918.00000,101.00000,101.00000
-105.52848,59.22053,113.32081,17.94472,87.77695,-22.94602,-22.94602,31.01507,-51.29470,1012.17474,97.11954,-58.39008,0.93148,25.95185,25.95185,1012.17474,918.00000,101.00000,101.00000
-105.77494,59.32121,113.44782,17.91239,87.95769,-23.03913,-23.03913,30.68227,-51.21198,1030.08713,97.56629,-57.88980,1.38306,25.83368,25.83368,1030.08713,918.00000,101.00000,101.00000
-106.02141,59.42189,113.57438,17.88006,88.13505,-23.13179,-23.13179,30.34955,-51.12888,1047.96719,98.01003,-57.38619,1.83650,25.71479,25.71479,1047.96719,918.00000,101.00000,101.00000
-106.26787,59.52257,113.70048,17.84773,88.30902,-23.22400,-23.22400,30.01689,-51.04539,1065.81492,98.45074,-56.87927,2.29178,25.59519,25.59519,1065.81492,918.00000,101.00000,101.00000
-106.51433,59.62325,113.82611,17.81541,88.47959,-23.31575,-23.31575,29.68430,-50.96151,1083.63034,98.88840,-56.36903,2.74888,25.47486,25.47486,1083.63034,918.00000,101.00000,101.00000
-106.75901,59.72664,113.95320,18.01652,88.49446,-24.22819,-24.22819,27.46731,-48.99196,1101.64685,101.10773,-52.56005,6.11940,24.56936,24.56936,1101.64685,918.00000,101.00000,101.00000
-106.97584,59.87246,114.11012,23.22477,79.97503,-31.61769,-31.61769,5.46503,-27.22074,1124.87162,113.59143,-10.86764,38.83245,13.72244,13.72244,1124.87162,918.00000,101.00000,101.00000
-107.16671,60.05806,114.29430,23.19753,80.00954,-31.63478,-31.63478,5.16056,-27.08995,1148.06915,113.83101,-10.28043,39.24553,13.55911,13.55911,1148.06915,918.00000,101.00000,101.00000
-107.35759,60.24365,114.47685,23.17035,80.03999,-31.65086,-31.65086,4.85581,-26.95862,1171.23950,114.06598,-9.69029,39.65999,13.39523,13.39523,1171.23950,918.00000,101.00000,101.00000
-107.55084,60.42634,114.65583,22.69124,80.96995,-31.35185,-31.35185,5.87563,-28.15254,1193.93074,114.05348,-11.73726,38.21520,13.96056,13.96056,1193.93074,918.00000,101.00000,101.00000
-107.75865,60.59124,114.82145,20.55287,85.40376,-29.26141,-29.26141,13.19986,-35.66053,1214.48362,111.78781,-26.21930,27.54622,17.84708,17.84708,1214.48362,918.00000,101.00000,101.00000
-107.97860,60.74124,114.97588,20.52031,85.45466,-29.31147,-29.31147,12.86380,-35.53390,1235.00393,112.09022,-25.59756,28.02072,17.68442,17.68442,1235.00393,918.00000,101.00000,101.00000
-108.19856,60.89123,115.12915,20.48779,85.50127,-29.36067,-29.36067,12.52750,-35.40670,1255.49172,112.38815,-24.97246,28.49678,17.52103,17.52103,1255.49172,918.00000,101.00000,101.00000
-108.41851,61.04123,115.28123,20.45533,85.54359,-29.40899,-29.40899,12.19095,-35.27890,1275.94705,112.68155,-24.34399,28.97440,17.35693,17.35693,1275.94705,918.00000,101.00000,101.00000
-108.63873,61.19083,115.43187,20.36740,85.68679,-29.39441,-29.39441,12.06029,-35.35677,1296.31445,112.88409,-24.11842,29.14563,17.29813,17.29813,1296.31445,918.00000,101.00000,101.00000
-108.86176,61.33614,115.57852,19.79841,86.74571,-28.79573,-28.79573,13.81877,-37.32513,1316.11286,112.23323,-27.60611,26.47416,18.19964,18.19964,1276.51604,918.00000,101.00000,101.00000
-109.08734,61.47754,115.72149,19.76543,86.78841,-28.84965,-28.84965,13.47837,-37.19987,1335.87828,112.53429,-26.97217,26.96360,18.03705,18.03705,1256.75061,918.00000,101.00000,101.00000
-109.31291,61.61894,115.86338,19.73249,86.82679,-28.90272,-28.90272,13.13772,-37.07402,1355.61078,112.83083,-26.33488,27.45456,17.87373,17.87373,1237.01812,918.00000,101.00000,101.00000
-109.53849,61.76034,116.00416,19.69961,86.86082,-28.95494,-28.95494,12.79680,-36.94758,1375.31039,113.12281,-25.69423,27.94701,17.70969,17.70969,1217.31851,918.00000,101.00000,101.00000
-109.76407,61.90174,116.14385,19.66678,86.89048,-29.00629,-29.00629,12.45560,-36.82056,1394.97717,113.41022,-25.05025,28.44094,17.54492,17.54492,1197.65173,918.00000,101.00000,101.00000
-109.98672,62.04730,116.28498,20.20666,85.70862,-29.71941,-29.71941,9.85303,-34.43069,1415.18383,114.56977,-19.89886,32.34093,16.21794,16.21794,1177.44507,918.00000,101.00000,101.00000
-110.20133,62.20428,116.43192,21.25221,83.45898,-30.72000,-30.72000,5.86870,-30.65039,1436.43603,115.82168,-11.90506,38.21038,14.12082,14.12082,1156.19286,918.00000,101.00000,101.00000
-110.41119,62.36809,116.58169,21.15311,83.59444,-30.69087,-30.69087,5.76175,-30.73628,1457.58914,115.99271,-11.70389,38.35536,14.06752,14.06752,1135.03975,918.00000,101.00000,101.00000
-110.62365,62.52849,116.72805,20.68190,84.54945,-30.34764,-30.34764,6.90972,-32.07846,1478.27104,115.88025,-14.04300,36.65913,14.68327,14.68327,1114.35785,918.00000,101.00000,101.00000
-110.83834,62.68593,116.87131,20.65095,84.53360,-30.37815,-30.37815,6.57401,-31.94154,1498.92199,116.10286,-13.38020,37.14222,14.50976,14.50976,1093.70691,918.00000,101.00000,101.00000
-111.05303,62.84336,117.01325,20.62007,84.51323,-30.40766,-30.40766,6.23793,-31.80403,1519.54205,116.32044,-12.71436,37.62650,14.33562,14.33562,1073.08684,918.00000,101.00000,101.00000
-111.26773,63.00080,117.15385,20.58926,84.48834,-30.43614,-30.43614,5.90146,-31.66590,1540.13132,116.53296,-12.04551,38.11195,14.16086,14.16086,1052.49758,918.00000,101.00000,101.00000
-111.48242,63.15823,117.29312,20.55853,84.45889,-30.46360,-30.46360,5.56460,-31.52717,1560.68985,116.74038,-11.37367,38.59852,13.98547,13.98547,1031.93905,918.00000,101.00000,101.00000
-111.68286,63.33165,117.43961,23.02227,78.47134,-32.05563,-32.05563,2.43094,-23.72489,1583.71212,117.33392,4.98122,49.98214,9.61683,9.61683,1008.91677,918.00000,101.00000,101.00000
-111.86658,63.52388,117.59458,23.47417,77.37675,-32.23057,-32.23057,3.89768,-22.42037,1607.18629,117.32259,7.99348,51.98272,8.79158,8.79158,985.44261,918.00000,101.00000,101.00000
-112.04780,63.71892,117.74928,23.45072,77.31781,-32.21397,-32.21397,4.19342,-22.28152,1630.63701,117.43405,8.61025,52.38915,8.62227,8.62227,961.99189,918.00000,101.00000,101.00000
-112.22901,63.91395,117.90218,23.42737,77.25475,-32.19621,-32.19621,4.48962,-22.14216,1654.06437,117.54040,9.22920,52.79631,8.45261,8.45261,938.56452,918.00000,101.00000,101.00000
-112.41023,64.10899,118.05328,23.40411,77.18756,-32.17730,-32.17730,4.78629,-22.00229,1677.46849,117.64161,9.85030,53.20418,8.28260,8.28260,915.16041,918.00000,101.00000,101.00000
-112.57378,64.31690,118.20820,25.53801,71.14892,-32.82215,-32.82215,11.03342,-15.90759,1703.00650,116.02321,22.62286,61.31223,4.72934,4.72934,889.62240,918.00000,101.00000,101.00000
-112.71169,64.54348,118.36933,26.57385,68.54932,-32.93064,-32.93064,13.59797,-13.45739,1729.58034,115.05136,27.82953,64.45990,3.24771,3.24771,863.04855,918.00000,101.00000,101.00000
-112.84163,64.77584,118.53085,26.56152,68.52950,-32.87012,-32.87012,13.80744,-13.34619,1756.14186,115.10570,28.28853,64.73327,3.11649,3.11649,836.48704,918.00000,101.00000,101.00000
-112.97299,65.00726,118.68983,26.37530,68.94173,-32.78798,-32.78798,13.63227,-13.62018,1782.51715,115.34615,27.97395,64.54561,3.20612,3.20612,810.11174,918.00000,101.00000,101.00000
-113.12210,65.22677,118.84187,24.43562,74.10333,-32.35602,-32.35602,9.03462,-18.32335,1806.95277,117.36748,18.66188,58.82146,5.81270,5.81270,785.67612,918.00000,101.00000,101.00000
-113.28762,65.43529,118.98744,24.41647,74.02421,-32.31580,-32.31580,9.30925,-18.18769,1831.36924,117.42033,19.24778,59.19111,5.65131,5.65131,761.25965,918.00000,101.00000,101.00000
-113.45314,65.64381,119.13109,24.39743,73.94127,-32.27441,-32.27441,9.58439,-18.05158,1855.76668,117.46819,19.83535,59.56125,5.48974,5.48974,736.86222,918.00000,101.00000,101.00000
-113.61867,65.85233,119.27281,24.37850,73.85451,-32.23186,-32.23186,9.86006,-17.91504,1880.14518,117.51103,20.42455,59.93184,5.32799,5.32799,712.48372,918.00000,101.00000,101.00000
-113.79540,66.04950,119.40756,22.33494,78.22266,-31.69161,-31.69161,5.67789,-22.23932,1902.48012,118.82173,11.81368,54.39067,7.65691,7.65691,690.14877,918.00000,101.00000,101.00000
-113.99468,66.22386,119.53045,20.42492,82.86863,-30.83782,-30.83782,0.65180,-27.43380,1922.90505,119.52271,1.35976,47.32493,10.39930,10.39930,669.72385,918.00000,101.00000,101.00000
-114.16904,66.40596,119.65304,23.21780,71.01465,-32.28562,-32.28562,12.99430,-15.27659,1946.12285,116.58902,26.90448,63.97268,3.56935,3.56935,646.50605,918.00000,101.00000,101.00000
-114.24658,66.63949,119.79076,29.55517,53.66482,-32.11452,-32.11452,26.95970,-1.41260,1975.67802,106.77257,54.30879,79.26749,-4.33370,-4.33370,616.95087,918.00000,101.00000,101.00000
-114.32129,66.87314,119.92657,23.15601,70.41988,-32.18610,-32.18610,13.86605,-14.49630,1998.83403,116.43175,28.74074,65.05165,3.03027,3.03027,593.79486,918.00000,101.00000,101.00000
-114.49560,67.05211,120.04253,19.73582,83.86861,-30.52015,-30.52015,0.32279,-28.15469,2018.56985,120.04062,0.67628,46.73978,10.47134,10.47134,574.05904,918.00000,101.00000,101.00000
-114.69954,67.22012,120.15444,21.63049,78.77073,-31.37633,-31.37633,6.24369,-22.42904,2040.20034,119.44172,13.06767,55.15488,7.26845,7.26845,552.42855,918.00000,101.00000,101.00000
-114.87515,67.41680,120.27664,24.70835,71.93702,-31.94375,-31.94375,12.98252,-15.85751,2064.90870,117.20221,27.02061,64.04039,3.53458,3.53458,527.72020,918.00000,101.00000,101.00000
-115.05847,67.60501,120.39374,20.12242,82.01440,-30.80169,-30.80169,3.12790,-25.85038,2085.03112,120.21438,6.56929,50.77792,8.93867,8.93867,507.59778,918.00000,101.00000,101.00000
-115.27224,67.76157,120.49639,19.10698,84.55593,-30.26966,-30.26966,0.33131,-28.83761,2104.13810,120.49437,0.69675,46.71407,10.42857,10.42857,488.49079,918.00000,101.00000,101.00000
-115.49193,67.91194,120.59526,19.07832,84.41908,-30.27627,-30.27627,0.69041,-28.68144,2123.21642,120.58651,1.45314,47.24422,10.23861,10.23861,469.41247,918.00000,101.00000,101.00000
-115.72410,68.03979,120.68316,15.50582,92.52363,-27.44158,-27.44158,11.27816,-40.85699,2138.72224,118.35268,-23.60228,28.68901,16.29016,16.29016,453.90666,918.00000,101.00000,101.00000
-115.96868,68.14492,120.76028,15.45456,92.52178,-27.46630,-27.46630,11.01565,-40.82844,2154.17680,118.53527,-23.07452,29.10128,16.16783,16.16783,438.45210,918.00000,101.00000,101.00000
-116.21333,68.24991,120.83659,15.42427,92.46466,-27.51888,-27.51888,10.65169,-40.69849,2169.60107,118.75445,-22.33521,29.67763,15.99652,15.99652,423.02783,918.00000,101.00000,101.00000
-116.45796,68.35497,120.91218,15.40471,92.37799,-27.58347,-27.58347,10.24036,-40.52100,2185.00578,118.98613,-21.49552,30.33048,15.80190,15.80190,407.62311,918.00000,101.00000,101.00000
-116.70251,68.46020,120.98710,15.38779,92.27963,-27.64981,-27.64981,9.81753,-40.33180,2200.39357,119.21534,-20.62963,31.00173,15.60112,15.60112,392.23533,918.00000,101.00000,101.00000
-116.93911,68.58064,121.06752,17.70944,86.40815,-29.70311,-29.70311,0.79113,-31.53616,2218.10301,121.05598,-1.67162,45.10023,11.07544,11.07544,374.52588,918.00000,101.00000,101.00000
-117.16688,68.71817,121.15401,18.00838,85.49838,-29.89252,-29.89252,0.51813,-30.44000,2236.11139,121.14905,1.09558,47.06427,10.39455,10.39455,356.51751,918.00000,101.00000,101.00000
-117.39825,68.84883,121.23667,16.52488,88.84049,-29.00074,-29.00074,3.66281,-34.83325,2252.63627,120.98902,-7.74515,40.69884,12.54469,12.54469,339.99263,918.00000,101.00000,101.00000
-117.63870,68.96190,121.31135,15.17098,92.15244,-27.75759,-27.75759,8.61927,-40.01345,2267.80725,119.94126,-18.18068,32.85928,15.00297,15.00297,324.82164,918.00000,101.00000,101.00000
-117.88365,69.06622,121.38175,15.14118,92.06251,-27.80402,-27.80402,8.25168,-39.87940,2282.94843,120.12511,-17.42092,33.44229,14.82712,14.82712,309.68046,918.00000,101.00000,101.00000
-118.12311,69.18146,121.45563,16.80546,87.56489,-29.31752,-29.31752,1.42849,-33.28784,2299.75389,121.41789,-3.02781,44.14573,11.42314,11.42314,292.87500,918.00000,101.00000,101.00000
-118.35561,69.31076,121.53405,17.29542,86.12767,-29.63888,-29.63888,0.54366,-31.53475,2317.04931,121.52858,1.15318,47.13487,10.40851,10.40851,275.57958,918.00000,101.00000,101.00000
-118.58516,69.44546,121.61348,17.64362,84.96794,-29.85165,-29.85165,2.08068,-30.21294,2334.69293,121.53330,4.41539,49.43119,9.61006,9.61006,257.93597,918.00000,101.00000,101.00000
-118.80991,69.58786,121.69464,18.54767,82.44845,-30.24907,-30.24907,5.03188,-27.47297,2353.24060,121.22563,10.67384,53.74721,8.06058,8.06058,239.38830,918.00000,101.00000,101.00000
-119.03131,69.73572,121.77660,18.52017,82.24200,-30.24082,-30.24082,5.39931,-27.30952,2371.76076,121.23629,11.45873,54.28034,7.86476,7.86476,220.86813,918.00000,101.00000,101.00000
-119.25210,69.88446,121.85768,18.64813,81.64065,-30.28455,-30.28455,6.17309,-26.73957,2390.40890,121.15110,13.10366,55.39251,7.45402,7.45402,202.22000,918.00000,101.00000,101.00000
-119.47169,70.03498,121.93817,18.77561,81.03848,-30.32029,-30.32029,6.93226,-26.18282,2409.18450,121.04674,14.71742,56.47643,7.05021,7.05021,183.44439,918.00000,101.00000,101.00000
-119.69069,70.18637,122.01774,18.74889,80.81327,-30.30406,-30.30406,7.29931,-26.01694,2427.93340,121.02890,15.50268,57.00146,6.85355,6.85355,164.69550,918.00000,101.00000,101.00000
-119.89852,70.35023,122.09993,20.94200,74.84239,-30.77343,-30.77343,13.04531,-20.46994,2448.87540,118.94876,27.56059,64.82224,3.78441,3.78441,143.75350,918.00000,101.00000,101.00000
-120.08439,70.53870,122.18829,23.23031,69.65580,-30.90341,-30.90341,17.56333,-16.12575,2472.10571,116.49236,36.87150,70.53643,1.34509,1.34509,120.52318,918.00000,101.00000,101.00000
-120.25941,70.73931,122.27875,23.21245,69.43802,-30.83339,-30.83339,17.86729,-15.97327,2495.31816,116.38121,37.51676,70.92183,1.17403,1.17403,97.31073,918.00000,101.00000,101.00000
-120.44683,70.92757,122.36404,20.86332,74.53113,-30.59535,-30.59535,13.72466,-20.26975,2516.18148,118.87019,29.03165,65.72892,3.38947,3.38947,76.44741,918.00000,101.00000,101.00000
-120.64677,71.10334,122.44421,20.81689,74.33717,-30.54304,-30.54304,14.01841,-20.15558,2536.99837,118.79757,29.66010,66.12257,3.22781,3.22781,55.63052,918.00000,101.00000,101.00000
-120.84684,71.27898,122.52290,20.79463,74.07821,-30.49250,-30.49250,14.36537,-19.98860,2557.79301,118.69201,30.39848,66.58401,3.03804,3.03804,34.83589,918.00000,101.00000,101.00000
-121.04691,71.45462,122.60017,20.77253,73.81458,-30.44058,-30.44058,14.71301,-19.82109,2578.56554,118.58012,31.13769,67.04476,2.84821,2.84821,14.06336,918.00000,101.00000,101.00000
